-1.40382E+02	 9.03500E+02
-1.35457E+02	 9.05233E+02
-1.30535E+02	 9.04800E+02
-1.25616E+02	 9.04033E+02
-1.20700E+02	 9.05033E+02
-1.15786E+02	 9.04400E+02
-1.10875E+02	 9.05100E+02
-1.05967E+02	 9.04833E+02
-1.01061E+02	 9.05033E+02
-9.61580E+01	 9.05900E+02
-9.12576E+01	 9.04933E+02
-8.63599E+01	 9.04867E+02
-8.14648E+01	 9.06400E+02
-7.65724E+01	 9.04333E+02
-7.16827E+01	 9.04833E+02
-6.67956E+01	 9.06100E+02
-6.19111E+01	 9.06067E+02
-5.70293E+01	 9.06100E+02
-5.21502E+01	 9.06167E+02
-4.72737E+01	 9.05700E+02
-4.23998E+01	 9.05300E+02
-3.75286E+01	 9.06000E+02
-3.26600E+01	 9.05800E+02
-2.77941E+01	 9.05967E+02
-2.29308E+01	 9.06233E+02
-1.80701E+01	 9.07267E+02
-1.32121E+01	 9.08067E+02
-8.35667E+00	 9.08467E+02
-3.50389E+00	 9.10567E+02
 1.34626E+00	 9.17033E+02
 6.19379E+00	 9.98100E+02
 1.10387E+01	 2.16387E+03
 1.58810E+01	 3.43510E+03
 2.07207E+01	 1.96033E+03
 2.55577E+01	 9.70567E+02
 3.03922E+01	 9.13200E+02
 3.52240E+01	 9.09800E+02
 4.00532E+01	 9.08533E+02
 4.48798E+01	 9.06867E+02
 4.97038E+01	 9.06633E+02
 5.45252E+01	 9.05900E+02
 5.93440E+01	 9.07167E+02
 6.41602E+01	 9.08067E+02
 6.89738E+01	 9.07833E+02
 7.37848E+01	 9.13600E+02
 7.85932E+01	 9.27667E+02
 8.33991E+01	 9.69667E+02
 8.82023E+01	 1.06457E+03
 9.30029E+01	 1.17273E+03
 9.78010E+01	 1.25660E+03
 1.02596E+02	 1.29737E+03
 1.07389E+02	 1.30287E+03
 1.12180E+02	 1.31270E+03
 1.16967E+02	 1.31560E+03
 1.21753E+02	 1.27863E+03
 1.26535E+02	 1.28760E+03
 1.31315E+02	 1.28423E+03
 1.36093E+02	 1.27410E+03
 1.40867E+02	 1.27977E+03
 1.45640E+02	 1.28167E+03
 1.50409E+02	 1.25670E+03
 1.55177E+02	 1.23890E+03
 1.59941E+02	 1.23547E+03
 1.64703E+02	 1.24030E+03
 1.69463E+02	 1.22983E+03
 1.74220E+02	 1.22630E+03
 1.78974E+02	 1.22633E+03
 1.83726E+02	 1.20583E+03
 1.88475E+02	 1.20873E+03
 1.93222E+02	 1.21503E+03
 1.97966E+02	 1.20323E+03
 2.02708E+02	 1.19983E+03
 2.07447E+02	 1.19897E+03
 2.12184E+02	 1.20440E+03
 2.16918E+02	 1.19753E+03
 2.21649E+02	 1.19237E+03
 2.26378E+02	 1.18940E+03
 2.31105E+02	 1.18727E+03
 2.35829E+02	 1.18903E+03
 2.40550E+02	 1.17977E+03
 2.45269E+02	 1.17513E+03
 2.49985E+02	 1.18167E+03
 2.54699E+02	 1.16923E+03
 2.59410E+02	 1.16027E+03
 2.64119E+02	 1.15820E+03
 2.68825E+02	 1.16673E+03
 2.73529E+02	 1.15397E+03
 2.78230E+02	 1.15490E+03
 2.82929E+02	 1.16260E+03
 2.87625E+02	 1.15110E+03
 2.92319E+02	 1.14390E+03
 2.97010E+02	 1.14513E+03
 3.01699E+02	 1.14687E+03
 3.06385E+02	 1.14563E+03
 3.11069E+02	 1.15177E+03
 3.15750E+02	 1.15883E+03
 3.20428E+02	 1.14297E+03
 3.25105E+02	 1.14383E+03
 3.29778E+02	 1.14277E+03
 3.34450E+02	 1.14480E+03
 3.39118E+02	 1.14610E+03
 3.43785E+02	 1.14377E+03
 3.48448E+02	 1.14083E+03
 3.53110E+02	 1.13660E+03
 3.57768E+02	 1.13253E+03
 3.62425E+02	 1.14143E+03
 3.67079E+02	 1.14563E+03
 3.71730E+02	 1.14563E+03
 3.76379E+02	 1.14043E+03
 3.81025E+02	 1.14050E+03
 3.85669E+02	 1.13317E+03
 3.90311E+02	 1.13713E+03
 3.94950E+02	 1.13807E+03
 3.99586E+02	 1.13150E+03
 4.04220E+02	 1.13453E+03
 4.08852E+02	 1.13390E+03
 4.13481E+02	 1.13043E+03
 4.18108E+02	 1.13867E+03
 4.22732E+02	 1.14453E+03
 4.27354E+02	 1.13793E+03
 4.31973E+02	 1.14110E+03
 4.36590E+02	 1.14217E+03
 4.41205E+02	 1.14327E+03
 4.45817E+02	 1.13260E+03
 4.50426E+02	 1.13623E+03
 4.55034E+02	 1.12850E+03
 4.59638E+02	 1.12733E+03
 4.64241E+02	 1.13177E+03
 4.68840E+02	 1.13027E+03
 4.73438E+02	 1.12833E+03
 4.78033E+02	 1.13220E+03
 4.82625E+02	 1.12197E+03
 4.87215E+02	 1.12933E+03
 4.91803E+02	 1.14383E+03
 4.96388E+02	 1.15200E+03
 5.00971E+02	 1.14600E+03
 5.05552E+02	 1.14857E+03
 5.10129E+02	 1.14593E+03
 5.14705E+02	 1.14333E+03
 5.19278E+02	 1.13397E+03
 5.23849E+02	 1.12933E+03
 5.28417E+02	 1.13147E+03
 5.32983E+02	 1.12357E+03
 5.37547E+02	 1.11597E+03
 5.42108E+02	 1.10927E+03
 5.46666E+02	 1.11547E+03
 5.51223E+02	 1.11467E+03
 5.55777E+02	 1.11537E+03
 5.60328E+02	 1.11560E+03
 5.64877E+02	 1.12017E+03
 5.69424E+02	 1.11260E+03
 5.73968E+02	 1.12007E+03
 5.78510E+02	 1.12177E+03
 5.83049E+02	 1.11543E+03
 5.87587E+02	 1.12037E+03
 5.92121E+02	 1.11030E+03
 5.96654E+02	 1.10270E+03
 6.01184E+02	 1.10423E+03
 6.05711E+02	 1.11493E+03
 6.10236E+02	 1.11310E+03
 6.14759E+02	 1.10163E+03
 6.19280E+02	 1.10347E+03
 6.23798E+02	 1.11363E+03
 6.28313E+02	 1.10720E+03
 6.32827E+02	 1.10223E+03
 6.37338E+02	 1.09777E+03
 6.41846E+02	 1.10170E+03
 6.46352E+02	 1.10470E+03
 6.50856E+02	 1.10343E+03
 6.55358E+02	 1.10593E+03
 6.59857E+02	 1.10373E+03
 6.64354E+02	 1.09917E+03
 6.68848E+02	 1.10457E+03
 6.73340E+02	 1.10523E+03
 6.77830E+02	 1.10140E+03
 6.82317E+02	 1.11380E+03
 6.86802E+02	 1.11267E+03
 6.91285E+02	 1.11737E+03
 6.95765E+02	 1.11723E+03
 7.00243E+02	 1.11493E+03
 7.04718E+02	 1.11083E+03
 7.09192E+02	 1.10403E+03
 7.13663E+02	 1.10107E+03
 7.18131E+02	 1.10577E+03
 7.22597E+02	 1.10070E+03
 7.27061E+02	 1.10137E+03
 7.31523E+02	 1.09690E+03
 7.35982E+02	 1.09293E+03
 7.40439E+02	 1.09083E+03
 7.44894E+02	 1.09153E+03
 7.49346E+02	 1.09567E+03
 7.53796E+02	 1.09817E+03
 7.58243E+02	 1.09820E+03
 7.62689E+02	 1.08850E+03
 7.67132E+02	 1.09270E+03
 7.71572E+02	 1.09600E+03
 7.76011E+02	 1.08877E+03
 7.80447E+02	 1.09020E+03
 7.84880E+02	 1.09647E+03
 7.89312E+02	 1.09817E+03
 7.93741E+02	 1.08977E+03
 7.98167E+02	 1.08800E+03
 8.02592E+02	 1.10580E+03
 8.07014E+02	 1.10340E+03
 8.11434E+02	 1.10353E+03
 8.15851E+02	 1.10510E+03
 8.20267E+02	 1.09677E+03
 8.24680E+02	 1.09923E+03
 8.29090E+02	 1.10520E+03
 8.33499E+02	 1.10967E+03
 8.37905E+02	 1.11450E+03
 8.42309E+02	 1.12747E+03
 8.46710E+02	 1.12200E+03
 8.51109E+02	 1.11203E+03
 8.55506E+02	 1.11877E+03
 8.59901E+02	 1.13810E+03
 8.64293E+02	 1.14863E+03
 8.68683E+02	 1.14903E+03
 8.73071E+02	 1.15140E+03
 8.77456E+02	 1.14377E+03
 8.81840E+02	 1.13003E+03
 8.86221E+02	 1.11767E+03
 8.90599E+02	 1.11090E+03
 8.94976E+02	 1.10853E+03
 8.99350E+02	 1.09957E+03
 9.03722E+02	 1.08700E+03
 9.08091E+02	 1.08580E+03
 9.12459E+02	 1.08933E+03
 9.16824E+02	 1.09263E+03
 9.21187E+02	 1.09707E+03
 9.25547E+02	 1.10217E+03
 9.29905E+02	 1.11117E+03
 9.34261E+02	 1.11477E+03
 9.38615E+02	 1.11607E+03
 9.42967E+02	 1.12427E+03
 9.47316E+02	 1.11877E+03
 9.51663E+02	 1.10493E+03
 9.56008E+02	 1.09923E+03
 9.60350E+02	 1.09063E+03
 9.64691E+02	 1.09077E+03
 9.69029E+02	 1.08550E+03
 9.73364E+02	 1.08323E+03
 9.77698E+02	 1.08460E+03
 9.82029E+02	 1.08797E+03
 9.86358E+02	 1.09033E+03
 9.90685E+02	 1.08980E+03
 9.95010E+02	 1.09670E+03
 9.99332E+02	 1.09043E+03
 1.00365E+03	 1.08877E+03
 1.00797E+03	 1.09307E+03
 1.01229E+03	 1.07947E+03
 1.01660E+03	 1.09453E+03
 1.02091E+03	 1.08250E+03
 1.02522E+03	 1.08507E+03
 1.02953E+03	 1.08683E+03
 1.03383E+03	 1.09370E+03
 1.03813E+03	 1.08640E+03
 1.04243E+03	 1.09667E+03
 1.04673E+03	 1.10613E+03
 1.05103E+03	 1.11093E+03
 1.05532E+03	 1.11877E+03
 1.05961E+03	 1.13633E+03
 1.06390E+03	 1.15230E+03
 1.06819E+03	 1.16633E+03
 1.07247E+03	 1.16467E+03
 1.07676E+03	 1.15513E+03
 1.08104E+03	 1.14760E+03
 1.08531E+03	 1.13713E+03
 1.08959E+03	 1.13607E+03
 1.09386E+03	 1.12433E+03
 1.09813E+03	 1.12307E+03
 1.10240E+03	 1.12230E+03
 1.10667E+03	 1.12493E+03
 1.11094E+03	 1.11910E+03
 1.11520E+03	 1.11460E+03
 1.11946E+03	 1.11740E+03
 1.12372E+03	 1.11500E+03
 1.12797E+03	 1.11203E+03
 1.13223E+03	 1.11867E+03
 1.13648E+03	 1.11307E+03
 1.14073E+03	 1.09933E+03
 1.14498E+03	 1.09193E+03
 1.14922E+03	 1.08710E+03
 1.15347E+03	 1.08217E+03
 1.15771E+03	 1.08087E+03
 1.16194E+03	 1.07087E+03
 1.16618E+03	 1.07137E+03
 1.17042E+03	 1.08107E+03
 1.17465E+03	 1.07743E+03
 1.17888E+03	 1.06867E+03
 1.18311E+03	 1.06873E+03
 1.18733E+03	 1.07293E+03
 1.19156E+03	 1.07227E+03
 1.19578E+03	 1.07573E+03
 1.20000E+03	 1.06797E+03
 1.20421E+03	 1.07187E+03
 1.20843E+03	 1.07073E+03
 1.21264E+03	 1.07410E+03
 1.21685E+03	 1.07630E+03
 1.22106E+03	 1.07547E+03
 1.22527E+03	 1.08010E+03
 1.22947E+03	 1.08780E+03
 1.23367E+03	 1.08683E+03
 1.23787E+03	 1.08940E+03
 1.24207E+03	 1.09133E+03
 1.24627E+03	 1.09203E+03
 1.25046E+03	 1.09390E+03
 1.25465E+03	 1.09573E+03
 1.25884E+03	 1.09727E+03
 1.26303E+03	 1.10203E+03
 1.26721E+03	 1.10070E+03
 1.27140E+03	 1.09727E+03
 1.27558E+03	 1.09397E+03
 1.27975E+03	 1.10003E+03
 1.28393E+03	 1.09720E+03
 1.28811E+03	 1.08943E+03
 1.29228E+03	 1.09430E+03
 1.29645E+03	 1.09390E+03
 1.30062E+03	 1.08820E+03
 1.30478E+03	 1.08483E+03
 1.30895E+03	 1.08953E+03
 1.31311E+03	 1.08953E+03
 1.31727E+03	 1.08743E+03
 1.32142E+03	 1.08953E+03
 1.32558E+03	 1.08810E+03
 1.32973E+03	 1.09133E+03
 1.33388E+03	 1.09183E+03
 1.33803E+03	 1.09313E+03
 1.34218E+03	 1.09490E+03
 1.34632E+03	 1.09380E+03
 1.35047E+03	 1.09333E+03
 1.35461E+03	 1.09997E+03
 1.35875E+03	 1.10337E+03
 1.36288E+03	 1.10757E+03
 1.36702E+03	 1.11330E+03
 1.37115E+03	 1.11593E+03
 1.37528E+03	 1.10943E+03
 1.37941E+03	 1.09653E+03
 1.38353E+03	 1.09233E+03
 1.38766E+03	 1.08877E+03
 1.39178E+03	 1.08513E+03
 1.39590E+03	 1.08373E+03
 1.40001E+03	 1.08647E+03
 1.40413E+03	 1.08530E+03
 1.40824E+03	 1.09020E+03
 1.41235E+03	 1.08187E+03
 1.41646E+03	 1.07617E+03
 1.42057E+03	 1.07893E+03
 1.42468E+03	 1.07587E+03
 1.42878E+03	 1.07497E+03
 1.43288E+03	 1.07587E+03
 1.43698E+03	 1.07297E+03
 1.44107E+03	 1.07343E+03
 1.44517E+03	 1.07330E+03
 1.44926E+03	 1.07527E+03
 1.45335E+03	 1.07230E+03
 1.45744E+03	 1.07387E+03
 1.46153E+03	 1.08000E+03
 1.46561E+03	 1.07997E+03
 1.46969E+03	 1.09747E+03
 1.47377E+03	 1.11080E+03
 1.47785E+03	 1.11667E+03
 1.48193E+03	 1.11530E+03
 1.48600E+03	 1.11897E+03
 1.49007E+03	 1.11603E+03
 1.49414E+03	 1.09430E+03
 1.49821E+03	 1.08367E+03
 1.50228E+03	 1.07457E+03
 1.50634E+03	 1.06537E+03
 1.51040E+03	 1.05550E+03
 1.51446E+03	 1.05313E+03
 1.51852E+03	 1.05257E+03
 1.52258E+03	 1.05157E+03
 1.52663E+03	 1.05007E+03
 1.53068E+03	 1.05403E+03
 1.53473E+03	 1.04320E+03
 1.53878E+03	 1.04497E+03
 1.54282E+03	 1.04897E+03
 1.54687E+03	 1.04867E+03
 1.55091E+03	 1.04467E+03
 1.55495E+03	 1.05117E+03
 1.55899E+03	 1.04830E+03
 1.56302E+03	 1.04727E+03
 1.56705E+03	 1.04833E+03
 1.57109E+03	 1.04693E+03
 1.57512E+03	 1.04300E+03
 1.57914E+03	 1.04590E+03
 1.58317E+03	 1.04320E+03
 1.58719E+03	 1.04597E+03
 1.59121E+03	 1.04700E+03
 1.59523E+03	 1.04130E+03
 1.59925E+03	 1.04663E+03
 1.60326E+03	 1.04857E+03
 1.60728E+03	 1.04223E+03
 1.61129E+03	 1.04690E+03
 1.61530E+03	 1.05000E+03
 1.61930E+03	 1.04703E+03
 1.62331E+03	 1.03877E+03
 1.62731E+03	 1.03757E+03
 1.63131E+03	 1.04377E+03
 1.63531E+03	 1.04410E+03
 1.63931E+03	 1.04147E+03
 1.64330E+03	 1.04330E+03
 1.64730E+03	 1.03590E+03
 1.65129E+03	 1.04143E+03
 1.65528E+03	 1.04247E+03
 1.65926E+03	 1.03807E+03
 1.66325E+03	 1.04130E+03
 1.66723E+03	 1.04107E+03
 1.67121E+03	 1.03960E+03
 1.67519E+03	 1.04050E+03
 1.67917E+03	 1.03983E+03
 1.68314E+03	 1.04163E+03
 1.68712E+03	 1.04170E+03
 1.69109E+03	 1.03823E+03
 1.69506E+03	 1.03417E+03
 1.69903E+03	 1.03723E+03
 1.70299E+03	 1.03623E+03
 1.70695E+03	 1.03540E+03
 1.71092E+03	 1.03390E+03
 1.71487E+03	 1.03977E+03
 1.71883E+03	 1.03420E+03
 1.72279E+03	 1.03450E+03
 1.72674E+03	 1.03283E+03
 1.73069E+03	 1.03377E+03
 1.73464E+03	 1.03183E+03
 1.73859E+03	 1.02953E+03
 1.74253E+03	 1.03400E+03
 1.74648E+03	 1.02690E+03
 1.75042E+03	 1.03137E+03
 1.75436E+03	 1.03383E+03
 1.75830E+03	 1.02717E+03
 1.76223E+03	 1.02983E+03
 1.76617E+03	 1.02383E+03
 1.77010E+03	 1.02993E+03
 1.77403E+03	 1.03230E+03
 1.77796E+03	 1.02797E+03
 1.78188E+03	 1.02633E+03
 1.78581E+03	 1.02847E+03
 1.78973E+03	 1.02860E+03
 1.79365E+03	 1.02420E+03
 1.79757E+03	 1.02670E+03
 1.80148E+03	 1.03040E+03
 1.80540E+03	 1.02490E+03
 1.80931E+03	 1.02950E+03
 1.81322E+03	 1.03000E+03
 1.81713E+03	 1.02757E+03
 1.82104E+03	 1.02593E+03
 1.82494E+03	 1.02313E+03
 1.82884E+03	 1.02490E+03
 1.83274E+03	 1.02807E+03
 1.83664E+03	 1.02340E+03
 1.84054E+03	 1.02507E+03
 1.84443E+03	 1.02210E+03
 1.84833E+03	 1.02737E+03
 1.85222E+03	 1.02703E+03
 1.85611E+03	 1.02283E+03
 1.85999E+03	 1.02510E+03
 1.86388E+03	 1.02480E+03
 1.86776E+03	 1.02083E+03
 1.87164E+03	 1.02237E+03
 1.87552E+03	 1.02410E+03
 1.87940E+03	 1.02003E+03
 1.88328E+03	 1.02690E+03
 1.88715E+03	 1.02563E+03
 1.89102E+03	 1.02140E+03
 1.89489E+03	 1.01713E+03
 1.89876E+03	 1.02247E+03
 1.90263E+03	 1.02353E+03
 1.90649E+03	 1.01883E+03
 1.91035E+03	 1.01893E+03
 1.91421E+03	 1.02373E+03
 1.91807E+03	 1.02307E+03
 1.92193E+03	 1.02053E+03
 1.92578E+03	 1.01897E+03
 1.92964E+03	 1.02077E+03
 1.93349E+03	 1.02233E+03
 1.93734E+03	 1.02393E+03
 1.94118E+03	 1.02223E+03
 1.94503E+03	 1.01753E+03
 1.94887E+03	 1.02340E+03
 1.95271E+03	 1.02170E+03
 1.95655E+03	 1.01960E+03
 1.96039E+03	 1.02233E+03
 1.96423E+03	 1.01727E+03
 1.96806E+03	 1.01690E+03
 1.97189E+03	 1.02000E+03
 1.97572E+03	 1.01720E+03
 1.97955E+03	 1.01557E+03
 1.98338E+03	 1.01893E+03
 1.98720E+03	 1.02100E+03
 1.99103E+03	 1.01440E+03
 1.99485E+03	 1.01703E+03
 1.99866E+03	 1.01640E+03
 2.00248E+03	 1.01650E+03
 2.00630E+03	 1.01730E+03
 2.01011E+03	 1.02083E+03
 2.01392E+03	 1.01493E+03
 2.01773E+03	 1.01740E+03
 2.02154E+03	 1.01803E+03
 2.02534E+03	 1.01497E+03
 2.02915E+03	 1.01240E+03
 2.03295E+03	 1.01607E+03
 2.03675E+03	 1.01447E+03
 2.04055E+03	 1.01797E+03
 2.04435E+03	 1.01687E+03
 2.04814E+03	 1.01503E+03
 2.05193E+03	 1.01547E+03
 2.05572E+03	 1.01360E+03
 2.05951E+03	 1.01293E+03
 2.06330E+03	 1.01137E+03
 2.06708E+03	 1.01520E+03
 2.07087E+03	 1.01487E+03
 2.07465E+03	 1.01263E+03
 2.07843E+03	 1.01623E+03
 2.08221E+03	 1.00890E+03
 2.08598E+03	 1.01307E+03
 2.08976E+03	 1.00967E+03
 2.09353E+03	 1.01313E+03
 2.09730E+03	 1.01417E+03
 2.10107E+03	 1.01077E+03
 2.10484E+03	 1.01547E+03
 2.10860E+03	 1.01523E+03
 2.11236E+03	 1.01297E+03
 2.11613E+03	 1.01007E+03
 2.11989E+03	 1.01247E+03
 2.12364E+03	 1.01290E+03
 2.12740E+03	 1.01490E+03
 2.13115E+03	 1.01137E+03
 2.13490E+03	 1.01203E+03
 2.13866E+03	 1.01170E+03
 2.14240E+03	 1.01097E+03
 2.14615E+03	 1.01380E+03
 2.14990E+03	 1.01077E+03
 2.15364E+03	 1.00697E+03
 2.15738E+03	 1.01550E+03
 2.16112E+03	 1.01070E+03
 2.16486E+03	 1.00717E+03
 2.16859E+03	 1.01197E+03
 2.17233E+03	 1.00883E+03
 2.17606E+03	 1.00977E+03
 2.17979E+03	 1.01103E+03
 2.18352E+03	 1.00910E+03
 2.18724E+03	 1.00657E+03
 2.19097E+03	 1.01093E+03
 2.19469E+03	 1.00827E+03
 2.19841E+03	 1.01100E+03
 2.20213E+03	 1.00603E+03
 2.20585E+03	 1.00553E+03
 2.20956E+03	 1.01047E+03
 2.21328E+03	 1.00550E+03
 2.21699E+03	 1.00270E+03
 2.22070E+03	 1.00547E+03
 2.22441E+03	 1.00387E+03
 2.22812E+03	 1.00747E+03
 2.23182E+03	 1.00333E+03
 2.23552E+03	 1.00260E+03
 2.23923E+03	 1.00747E+03
 2.24293E+03	 1.00350E+03
 2.24662E+03	 1.00657E+03
 2.25032E+03	 1.00667E+03
 2.25401E+03	 1.00783E+03
 2.25771E+03	 1.00193E+03
 2.26140E+03	 1.00373E+03
 2.26509E+03	 1.00357E+03
 2.26877E+03	 1.00463E+03
 2.27246E+03	 1.00387E+03
 2.27614E+03	 1.00097E+03
 2.27982E+03	 1.00243E+03
 2.28350E+03	 1.00703E+03
 2.28718E+03	 1.00410E+03
 2.29086E+03	 1.00327E+03
 2.29453E+03	 9.99667E+02
 2.29820E+03	 1.00100E+03
 2.30188E+03	 1.00330E+03
 2.30555E+03	 1.00167E+03
 2.30921E+03	 1.00287E+03
 2.31288E+03	 1.00103E+03
 2.31654E+03	 1.00723E+03
 2.32020E+03	 9.99967E+02
 2.32386E+03	 1.00260E+03
 2.32752E+03	 1.00133E+03
 2.33118E+03	 1.00450E+03
 2.33484E+03	 1.00590E+03
 2.33849E+03	 9.98467E+02
 2.34214E+03	 1.00103E+03
 2.34579E+03	 1.00223E+03
 2.34944E+03	 1.00020E+03
 2.35308E+03	 9.99967E+02
 2.35673E+03	 1.00283E+03
 2.36037E+03	 1.00083E+03
 2.36401E+03	 9.99433E+02
 2.36765E+03	 9.99500E+02
 2.37129E+03	 9.98700E+02
 2.37492E+03	 1.00177E+03
 2.37856E+03	 9.96933E+02
 2.38219E+03	 9.97400E+02
 2.38582E+03	 1.00240E+03
 2.38945E+03	 9.98933E+02
 2.39308E+03	 1.00120E+03
 2.39670E+03	 1.00017E+03
 2.40033E+03	 9.99300E+02
 2.40395E+03	 1.00063E+03
 2.40757E+03	 9.95367E+02
 2.41119E+03	 1.00000E+03
 2.41480E+03	 9.98867E+02
 2.41842E+03	 9.95800E+02
 2.42203E+03	 1.00000E+03
 2.42564E+03	 1.00067E+03
 2.42925E+03	 9.97300E+02
 2.43286E+03	 9.91400E+02
 2.43647E+03	 9.96600E+02
 2.44007E+03	 9.95700E+02
 2.44367E+03	 9.94067E+02
 2.44727E+03	 9.98067E+02
 2.45087E+03	 9.97633E+02
 2.45447E+03	 9.94033E+02
 2.45807E+03	 9.98700E+02
 2.46166E+03	 9.93233E+02
 2.46525E+03	 9.92200E+02
 2.46884E+03	 9.95633E+02
 2.47243E+03	 9.95800E+02
 2.47602E+03	 9.97367E+02
 2.47960E+03	 9.95867E+02
 2.48319E+03	 9.92433E+02
 2.48677E+03	 9.95067E+02
 2.49035E+03	 9.91467E+02
 2.49393E+03	 9.95233E+02
 2.49751E+03	 9.95100E+02
 2.50108E+03	 9.93633E+02
 2.50465E+03	 9.92933E+02
 2.50823E+03	 9.92000E+02
 2.51180E+03	 9.92867E+02
 2.51536E+03	 9.97833E+02
 2.51893E+03	 9.96333E+02
 2.52250E+03	 9.93733E+02
 2.52606E+03	 9.92500E+02
 2.52962E+03	 9.93400E+02
 2.53318E+03	 9.94233E+02
 2.53674E+03	 9.93200E+02
 2.54029E+03	 9.94433E+02
 2.54385E+03	 9.95467E+02
 2.54740E+03	 9.95400E+02
 2.55095E+03	 9.91100E+02
 2.55450E+03	 9.92333E+02
 2.55805E+03	 9.95167E+02
 2.56160E+03	 9.94067E+02
 2.56514E+03	 9.91400E+02
 2.56868E+03	 9.93300E+02
 2.57222E+03	 9.89300E+02
 2.57576E+03	 9.92100E+02
 2.57930E+03	 9.90767E+02
 2.58284E+03	 9.90267E+02
 2.58637E+03	 9.89033E+02
 2.58991E+03	 9.90533E+02
 2.59344E+03	 9.91467E+02
 2.59697E+03	 9.91833E+02
 2.60049E+03	 9.91333E+02
 2.60402E+03	 9.91800E+02
 2.60754E+03	 9.89200E+02
 2.61107E+03	 9.91000E+02
 2.61459E+03	 9.89800E+02
 2.61811E+03	 9.88433E+02
 2.62162E+03	 9.90067E+02
 2.62514E+03	 9.89100E+02
 2.62865E+03	 9.88300E+02
 2.63217E+03	 9.92233E+02
 2.63568E+03	 9.87933E+02
 2.63919E+03	 9.86900E+02
 2.64269E+03	 9.91400E+02
 2.64620E+03	 9.91433E+02
 2.64970E+03	 9.91500E+02
 2.65321E+03	 9.93567E+02
 2.65671E+03	 9.87667E+02
 2.66021E+03	 9.91233E+02
 2.66370E+03	 9.90367E+02
 2.66720E+03	 9.90633E+02
 2.67069E+03	 9.91733E+02
 2.67419E+03	 9.88400E+02
 2.67768E+03	 9.90167E+02
 2.68117E+03	 9.94500E+02
 2.68466E+03	 9.91667E+02
 2.68814E+03	 9.91933E+02
 2.69163E+03	 9.89133E+02
 2.69511E+03	 9.92867E+02
 2.69859E+03	 9.93133E+02
 2.70207E+03	 9.93433E+02
 2.70555E+03	 9.95200E+02
 2.70902E+03	 9.89100E+02
 2.71250E+03	 9.95900E+02
 2.71597E+03	 9.92300E+02
 2.71944E+03	 9.92367E+02
 2.72291E+03	 9.92600E+02
 2.72638E+03	 9.98400E+02
 2.72984E+03	 1.00003E+03
 2.73331E+03	 9.97767E+02
 2.73677E+03	 1.00200E+03
 2.74023E+03	 9.99200E+02
 2.74369E+03	 9.99033E+02
 2.74715E+03	 1.00137E+03
 2.75061E+03	 1.00120E+03
 2.75406E+03	 1.00400E+03
 2.75752E+03	 1.00163E+03
 2.76097E+03	 1.00270E+03
 2.76442E+03	 1.00120E+03
 2.76786E+03	 1.00083E+03
 2.77131E+03	 1.00160E+03
 2.77476E+03	 9.98567E+02
 2.77820E+03	 9.98133E+02
 2.78164E+03	 9.98733E+02
 2.78508E+03	 1.00110E+03
 2.78852E+03	 9.98133E+02
 2.79196E+03	 9.96933E+02
 2.79539E+03	 9.99800E+02
 2.79883E+03	 1.00107E+03
 2.80226E+03	 1.00267E+03
 2.80569E+03	 1.00540E+03
 2.80912E+03	 1.00480E+03
 2.81254E+03	 1.00370E+03
 2.81597E+03	 1.00337E+03
 2.81939E+03	 1.00817E+03
 2.82282E+03	 1.00637E+03
 2.82624E+03	 1.01137E+03
 2.82966E+03	 1.01663E+03
 2.83307E+03	 1.01223E+03
 2.83649E+03	 1.02100E+03
 2.83990E+03	 1.02123E+03
 2.84332E+03	 1.02260E+03
 2.84673E+03	 1.02237E+03
 2.85014E+03	 1.02637E+03
 2.85354E+03	 1.03147E+03
 2.85695E+03	 1.03033E+03
 2.86036E+03	 1.04170E+03
 2.86376E+03	 1.04250E+03
 2.86716E+03	 1.05103E+03
 2.87056E+03	 1.06287E+03
 2.87396E+03	 1.06263E+03
 2.87736E+03	 1.07617E+03
 2.88075E+03	 1.08653E+03
 2.88414E+03	 1.08960E+03
 2.88754E+03	 1.10617E+03
 2.89093E+03	 1.12627E+03
 2.89431E+03	 1.12400E+03
 2.89770E+03	 1.13903E+03
 2.90109E+03	 1.14233E+03
 2.90447E+03	 1.14710E+03
 2.90785E+03	 1.13500E+03
 2.91123E+03	 1.13863E+03
 2.91461E+03	 1.13050E+03
 2.91799E+03	 1.12353E+03
 2.92137E+03	 1.12037E+03
 2.92474E+03	 1.11743E+03
 2.92811E+03	 1.12053E+03
 2.93149E+03	 1.12373E+03
 2.93486E+03	 1.12453E+03
 2.93822E+03	 1.13113E+03
 2.94159E+03	 1.13277E+03
 2.94496E+03	 1.14223E+03
 2.94832E+03	 1.13223E+03
 2.95168E+03	 1.13943E+03
 2.95504E+03	 1.13700E+03
 2.95840E+03	 1.13207E+03
 2.96176E+03	 1.13247E+03
 2.96511E+03	 1.13840E+03
 2.96847E+03	 1.12443E+03
 2.97182E+03	 1.10983E+03
 2.97517E+03	 1.09800E+03
 2.97852E+03	 1.09397E+03
 2.98187E+03	 1.08610E+03
 2.98521E+03	 1.07373E+03
 2.98856E+03	 1.06083E+03
 2.99190E+03	 1.04307E+03
 2.99524E+03	 1.03593E+03
 2.99858E+03	 1.02467E+03
 3.00192E+03	 1.01733E+03
 3.00526E+03	 1.01063E+03
 3.00859E+03	 1.00220E+03
 3.01193E+03	 9.94933E+02
 3.01526E+03	 9.91600E+02
 3.01859E+03	 9.90967E+02
 3.02192E+03	 9.84667E+02
 3.02525E+03	 9.81867E+02
 3.02857E+03	 9.84000E+02
 3.03190E+03	 9.81733E+02
 3.03522E+03	 9.79100E+02
 3.03854E+03	 9.75733E+02
 3.04186E+03	 9.79067E+02
 3.04518E+03	 9.79667E+02
 3.04850E+03	 9.74433E+02
 3.05181E+03	 9.72167E+02
 3.05512E+03	 9.73500E+02
 3.05844E+03	 9.73400E+02
 3.06175E+03	 9.71567E+02
 3.06506E+03	 9.70833E+02
 3.06836E+03	 9.70700E+02
 3.07167E+03	 9.71833E+02
 3.07497E+03	 9.73567E+02
 3.07828E+03	 9.69267E+02
 3.08158E+03	 9.69600E+02
 3.08488E+03	 9.70833E+02
 3.08818E+03	 9.68533E+02
 3.09147E+03	 9.69100E+02
 3.09477E+03	 9.68667E+02
 3.09806E+03	 9.68133E+02
 3.10135E+03	 9.69533E+02
 3.10464E+03	 9.70267E+02
 3.10793E+03	 9.69267E+02
 3.11122E+03	 9.69933E+02
 3.11451E+03	 9.68167E+02
 3.11779E+03	 9.68933E+02
 3.12107E+03	 9.70233E+02
 3.12436E+03	 9.66800E+02
 3.12764E+03	 9.68700E+02
 3.13091E+03	 9.66433E+02
 3.13419E+03	 9.70433E+02
 3.13747E+03	 9.67367E+02
 3.14074E+03	 9.68900E+02
 3.14401E+03	 9.70467E+02
 3.14728E+03	 9.72033E+02
 3.15055E+03	 9.66200E+02
 3.15382E+03	 9.68433E+02
 3.15709E+03	 9.69567E+02
 3.16035E+03	 9.69067E+02
 3.16362E+03	 9.70333E+02
 3.16688E+03	 9.70767E+02
 3.17014E+03	 9.70200E+02
 3.17340E+03	 9.69300E+02
 3.17665E+03	 9.69233E+02
 3.17991E+03	 9.69400E+02
 3.18316E+03	 9.72200E+02
 3.18642E+03	 9.68900E+02
 3.18967E+03	 9.74233E+02
 3.19292E+03	 9.70067E+02
 3.19617E+03	 9.71033E+02
 3.19941E+03	 9.71867E+02
 3.20266E+03	 9.71500E+02
 3.20590E+03	 9.70267E+02
 3.20914E+03	 9.69233E+02
 3.21238E+03	 9.72967E+02
 3.21562E+03	 9.70933E+02
 3.21886E+03	 9.71000E+02
 3.22210E+03	 9.73767E+02
 3.22533E+03	 9.73433E+02
 3.22857E+03	 9.72467E+02
 3.23180E+03	 9.71900E+02
 3.23503E+03	 9.71800E+02
 3.23826E+03	 9.71000E+02
 3.24148E+03	 9.73700E+02
 3.24471E+03	 9.71200E+02
 3.24793E+03	 9.76333E+02
 3.25116E+03	 9.74567E+02
 3.25438E+03	 9.72967E+02
 3.25760E+03	 9.78167E+02
 3.26082E+03	 9.72567E+02
 3.26403E+03	 9.78600E+02
 3.26725E+03	 9.76267E+02
 3.27046E+03	 9.79333E+02
 3.27368E+03	 9.76300E+02
 3.27689E+03	 9.77233E+02
 3.28010E+03	 9.75333E+02
 3.28331E+03	 9.71733E+02
 3.28651E+03	 9.77167E+02
 3.28972E+03	 9.75633E+02
 3.29292E+03	 9.74300E+02
 3.29612E+03	 9.74667E+02
 3.29932E+03	 9.75700E+02
 3.30252E+03	 9.77967E+02
 3.30572E+03	 9.75967E+02
 3.30892E+03	 9.78300E+02
 3.31211E+03	 9.77067E+02
 3.31531E+03	 9.77000E+02
 3.31850E+03	 9.73800E+02
 3.32169E+03	 9.80067E+02
 3.32488E+03	 9.75533E+02
 3.32807E+03	 9.78367E+02
 3.33125E+03	 9.80000E+02
 3.33444E+03	 9.79600E+02
 3.33762E+03	 9.77800E+02
 3.34080E+03	 9.76967E+02
 3.34398E+03	 9.78033E+02
 3.34716E+03	 9.76633E+02
 3.35034E+03	 9.77333E+02
 3.35351E+03	 9.75533E+02
 3.35669E+03	 9.77600E+02
 3.35986E+03	 9.78367E+02
 3.36303E+03	 9.76400E+02
 3.36620E+03	 9.77733E+02
 3.36937E+03	 9.79200E+02
 3.37254E+03	 9.80800E+02
 3.37570E+03	 9.74967E+02
 3.37887E+03	 9.76600E+02
 3.38203E+03	 9.77267E+02
 3.38519E+03	 9.77067E+02
 3.38835E+03	 9.79033E+02
 3.39151E+03	 9.75667E+02
 3.39467E+03	 9.78033E+02
 3.39782E+03	 9.75100E+02
 3.40098E+03	 9.74333E+02
 3.40413E+03	 9.76800E+02
 3.40728E+03	 9.76667E+02
 3.41043E+03	 9.79500E+02
 3.41358E+03	 9.74100E+02
 3.41673E+03	 9.74867E+02
 3.41987E+03	 9.76300E+02
 3.42302E+03	 9.73533E+02
 3.42616E+03	 9.72833E+02
 3.42930E+03	 9.74367E+02
 3.43244E+03	 9.71867E+02
 3.43558E+03	 9.74800E+02
 3.43872E+03	 9.71867E+02
 3.44185E+03	 9.69700E+02
 3.44499E+03	 9.73033E+02
 3.44812E+03	 9.73333E+02
 3.45125E+03	 9.71733E+02
 3.45438E+03	 9.72600E+02
 3.45751E+03	 9.68333E+02
 3.46064E+03	 9.66667E+02
 3.46376E+03	 9.68067E+02
 3.46689E+03	 9.70867E+02
 3.47001E+03	 9.67500E+02
 3.47313E+03	 9.66667E+02
 3.47625E+03	 9.68367E+02
 3.47937E+03	 9.66200E+02
 3.48249E+03	 9.65400E+02
 3.48560E+03	 9.63533E+02
 3.48872E+03	 9.63933E+02
 3.49183E+03	 9.58867E+02
 3.49494E+03	 9.60867E+02
 3.49805E+03	 9.60133E+02
 3.50116E+03	 9.60767E+02
 3.50427E+03	 9.60200E+02
 3.50737E+03	 9.61067E+02
 3.51048E+03	 9.60500E+02
 3.51358E+03	 9.62533E+02
 3.51668E+03	 9.59867E+02
 3.51978E+03	 9.54600E+02
 3.52288E+03	 9.53100E+02
 3.52598E+03	 9.56300E+02
 3.52907E+03	 9.52133E+02
 3.53217E+03	 9.55800E+02
 3.53526E+03	 9.55567E+02
 3.53835E+03	 9.54200E+02
 3.54144E+03	 9.54267E+02
 3.54453E+03	 9.55167E+02
 3.54762E+03	 9.53933E+02
 3.55071E+03	 9.50900E+02
 3.55379E+03	 9.50800E+02
 3.55687E+03	 9.50767E+02
 3.55996E+03	 9.49600E+02
 3.56304E+03	 9.50100E+02
 3.56612E+03	 9.49067E+02
 3.56919E+03	 9.44867E+02
 3.57227E+03	 9.46600E+02
 3.57535E+03	 9.44900E+02
 3.57842E+03	 9.48233E+02
 3.58149E+03	 9.44533E+02
 3.58456E+03	 9.46133E+02
 3.58763E+03	 9.44433E+02
 3.59070E+03	 9.42467E+02
 3.59377E+03	 9.39167E+02
 3.59683E+03	 9.42400E+02
 3.59990E+03	 9.42967E+02
 3.60296E+03	 9.41967E+02
 3.60602E+03	 9.40800E+02
 3.60908E+03	 9.41333E+02
 3.61214E+03	 9.41367E+02
 3.61519E+03	 9.42167E+02
 3.61825E+03	 9.42167E+02
 3.62130E+03	 9.37367E+02
 3.62436E+03	 9.40767E+02
 3.62741E+03	 9.37333E+02
 3.63046E+03	 9.39333E+02
 3.63351E+03	 9.37133E+02
 3.63656E+03	 9.36400E+02
 3.63960E+03	 9.35633E+02
 3.64265E+03	 9.36267E+02
 3.64569E+03	 9.35567E+02
 3.64873E+03	 9.34400E+02
 3.65177E+03	 9.35967E+02
 3.65481E+03	 9.33033E+02
 3.65785E+03	 9.35467E+02
 3.66089E+03	 9.33300E+02
 3.66392E+03	 9.33233E+02
 3.66695E+03	 9.32867E+02
 3.66999E+03	 9.31767E+02
 3.67302E+03	 9.30767E+02
 3.67605E+03	 9.34100E+02
 3.67908E+03	 9.32033E+02
 3.68210E+03	 9.33000E+02
 3.68513E+03	 9.31633E+02
 3.68815E+03	 9.31733E+02
 3.69117E+03	 9.32300E+02
 3.69420E+03	 9.31633E+02
 3.69722E+03	 9.31967E+02
 3.70023E+03	 9.31400E+02
 3.70325E+03	 9.32133E+02
 3.70627E+03	 9.29733E+02
 3.70928E+03	 9.30300E+02
 3.71230E+03	 9.29467E+02
 3.71531E+03	 9.30733E+02
 3.71832E+03	 9.30567E+02
 3.72133E+03	 9.31400E+02
 3.72434E+03	 9.29967E+02
 3.72734E+03	 9.30333E+02
 3.73035E+03	 9.27767E+02
 3.73335E+03	 9.30367E+02
 3.73635E+03	 9.29933E+02
 3.73936E+03	 9.27733E+02
 3.74236E+03	 9.28800E+02
 3.74535E+03	 9.28500E+02
 3.74835E+03	 9.28400E+02
 3.75135E+03	 9.26767E+02
 3.75434E+03	 9.27767E+02
 3.75733E+03	 9.29300E+02
 3.76033E+03	 9.28133E+02
 3.76332E+03	 9.27700E+02
 3.76631E+03	 9.25800E+02
 3.76929E+03	 9.28100E+02
 3.77228E+03	 9.25533E+02
 3.77527E+03	 9.27267E+02
 3.77825E+03	 9.25367E+02
 3.78123E+03	 9.25367E+02
 3.78421E+03	 9.27233E+02
 3.78719E+03	 9.25467E+02
