-1.40382E+02	 9.04167E+02
-1.35457E+02	 9.04567E+02
-1.30535E+02	 9.04700E+02
-1.25616E+02	 9.03933E+02
-1.20700E+02	 9.05100E+02
-1.15786E+02	 9.04667E+02
-1.10875E+02	 9.04833E+02
-1.05967E+02	 9.04000E+02
-1.01061E+02	 9.04100E+02
-9.61580E+01	 9.05500E+02
-9.12576E+01	 9.04600E+02
-8.63599E+01	 9.04233E+02
-8.14648E+01	 9.04600E+02
-7.65724E+01	 9.04500E+02
-7.16827E+01	 9.04367E+02
-6.67956E+01	 9.06500E+02
-6.19111E+01	 9.05767E+02
-5.70293E+01	 9.04633E+02
-5.21502E+01	 9.05267E+02
-4.72737E+01	 9.05033E+02
-4.23998E+01	 9.05567E+02
-3.75286E+01	 9.05300E+02
-3.26600E+01	 9.06567E+02
-2.77941E+01	 9.05933E+02
-2.29308E+01	 9.05967E+02
-1.80701E+01	 9.06467E+02
-1.32121E+01	 9.06567E+02
-8.35667E+00	 9.07267E+02
-3.50389E+00	 9.09800E+02
 1.34626E+00	 9.16767E+02
 6.19379E+00	 9.84200E+02
 1.10387E+01	 1.90873E+03
 1.58810E+01	 3.15727E+03
 2.07207E+01	 2.17663E+03
 2.55577E+01	 9.90633E+02
 3.03922E+01	 9.14733E+02
 3.52240E+01	 9.08700E+02
 4.00532E+01	 9.06467E+02
 4.48798E+01	 9.06667E+02
 4.97038E+01	 9.06600E+02
 5.45252E+01	 9.06800E+02
 5.93440E+01	 9.07733E+02
 6.41602E+01	 9.07367E+02
 6.89738E+01	 9.07333E+02
 7.37848E+01	 9.12867E+02
 7.85932E+01	 9.22867E+02
 8.33991E+01	 9.54200E+02
 8.82023E+01	 1.02277E+03
 9.30029E+01	 1.09157E+03
 9.78010E+01	 1.13653E+03
 1.02596E+02	 1.15247E+03
 1.07389E+02	 1.15973E+03
 1.12180E+02	 1.16933E+03
 1.16967E+02	 1.14747E+03
 1.21753E+02	 1.13160E+03
 1.26535E+02	 1.12680E+03
 1.31315E+02	 1.13323E+03
 1.36093E+02	 1.12417E+03
 1.40867E+02	 1.10727E+03
 1.45640E+02	 1.10887E+03
 1.50409E+02	 1.10100E+03
 1.55177E+02	 1.09513E+03
 1.59941E+02	 1.08130E+03
 1.64703E+02	 1.07827E+03
 1.69463E+02	 1.07840E+03
 1.74220E+02	 1.07400E+03
 1.78974E+02	 1.06650E+03
 1.83726E+02	 1.06223E+03
 1.88475E+02	 1.05177E+03
 1.93222E+02	 1.04860E+03
 1.97966E+02	 1.05273E+03
 2.02708E+02	 1.04900E+03
 2.07447E+02	 1.04547E+03
 2.12184E+02	 1.04230E+03
 2.16918E+02	 1.04273E+03
 2.21649E+02	 1.03913E+03
 2.26378E+02	 1.03037E+03
 2.31105E+02	 1.03007E+03
 2.35829E+02	 1.03387E+03
 2.40550E+02	 1.02317E+03
 2.45269E+02	 1.02167E+03
 2.49985E+02	 1.02137E+03
 2.54699E+02	 1.01673E+03
 2.59410E+02	 1.01393E+03
 2.64119E+02	 1.01427E+03
 2.68825E+02	 1.01303E+03
 2.73529E+02	 1.00767E+03
 2.78230E+02	 1.00817E+03
 2.82929E+02	 1.00530E+03
 2.87625E+02	 1.00283E+03
 2.92319E+02	 1.00493E+03
 2.97010E+02	 1.00330E+03
 3.01699E+02	 1.00373E+03
 3.06385E+02	 1.00497E+03
 3.11069E+02	 1.00313E+03
 3.15750E+02	 1.00330E+03
 3.20428E+02	 9.99600E+02
 3.25105E+02	 1.00030E+03
 3.29778E+02	 9.96767E+02
 3.34450E+02	 9.98333E+02
 3.39118E+02	 9.99233E+02
 3.43785E+02	 9.96900E+02
 3.48448E+02	 9.94967E+02
 3.53110E+02	 9.94233E+02
 3.57768E+02	 9.98067E+02
 3.62425E+02	 9.96100E+02
 3.67079E+02	 9.95400E+02
 3.71730E+02	 9.90633E+02
 3.76379E+02	 9.91400E+02
 3.81025E+02	 9.93867E+02
 3.85669E+02	 9.94967E+02
 3.90311E+02	 9.98100E+02
 3.94950E+02	 9.97867E+02
 3.99586E+02	 9.98800E+02
 4.04220E+02	 9.97767E+02
 4.08852E+02	 9.96533E+02
 4.13481E+02	 9.99500E+02
 4.18108E+02	 1.00030E+03
 4.22732E+02	 1.00427E+03
 4.27354E+02	 1.01060E+03
 4.31973E+02	 1.00880E+03
 4.36590E+02	 1.01080E+03
 4.41205E+02	 1.01017E+03
 4.45817E+02	 1.00257E+03
 4.50426E+02	 9.99400E+02
 4.55034E+02	 9.97000E+02
 4.59638E+02	 9.99167E+02
 4.64241E+02	 9.93867E+02
 4.68840E+02	 9.93333E+02
 4.73438E+02	 9.91067E+02
 4.78033E+02	 9.96200E+02
 4.82625E+02	 9.98000E+02
 4.87215E+02	 1.00213E+03
 4.91803E+02	 1.00550E+03
 4.96388E+02	 1.01597E+03
 5.00971E+02	 1.02610E+03
 5.05552E+02	 1.01887E+03
 5.10129E+02	 1.01920E+03
 5.14705E+02	 1.01490E+03
 5.19278E+02	 1.00330E+03
 5.23849E+02	 9.97800E+02
 5.28417E+02	 9.95667E+02
 5.32983E+02	 9.93200E+02
 5.37547E+02	 9.88400E+02
 5.42108E+02	 9.89500E+02
 5.46666E+02	 9.87133E+02
 5.51223E+02	 9.85533E+02
 5.55777E+02	 9.87300E+02
 5.60328E+02	 9.89100E+02
 5.64877E+02	 9.92400E+02
 5.69424E+02	 9.93600E+02
 5.73968E+02	 9.92400E+02
 5.78510E+02	 9.87900E+02
 5.83049E+02	 9.87600E+02
 5.87587E+02	 9.85233E+02
 5.92121E+02	 9.83233E+02
 5.96654E+02	 9.87833E+02
 6.01184E+02	 9.83900E+02
 6.05711E+02	 9.82533E+02
 6.10236E+02	 9.83133E+02
 6.14759E+02	 9.80400E+02
 6.19280E+02	 9.82167E+02
 6.23798E+02	 9.83933E+02
 6.28313E+02	 9.78067E+02
 6.32827E+02	 9.80300E+02
 6.37338E+02	 9.82033E+02
 6.41846E+02	 9.82267E+02
 6.46352E+02	 9.80767E+02
 6.50856E+02	 9.81867E+02
 6.55358E+02	 9.84167E+02
 6.59857E+02	 9.80700E+02
 6.64354E+02	 9.84033E+02
 6.68848E+02	 9.86233E+02
 6.73340E+02	 9.85567E+02
 6.77830E+02	 9.85000E+02
 6.82317E+02	 9.90600E+02
 6.86802E+02	 9.89667E+02
 6.91285E+02	 9.98033E+02
 6.95765E+02	 9.96400E+02
 7.00243E+02	 9.94500E+02
 7.04718E+02	 9.87600E+02
 7.09192E+02	 9.82067E+02
 7.13663E+02	 9.77000E+02
 7.18131E+02	 9.78300E+02
 7.22597E+02	 9.78067E+02
 7.27061E+02	 9.79400E+02
 7.31523E+02	 9.78200E+02
 7.35982E+02	 9.78400E+02
 7.40439E+02	 9.77267E+02
 7.44894E+02	 9.79033E+02
 7.49346E+02	 9.78700E+02
 7.53796E+02	 9.74167E+02
 7.58243E+02	 9.77233E+02
 7.62689E+02	 9.72867E+02
 7.67132E+02	 9.73500E+02
 7.71572E+02	 9.75800E+02
 7.76011E+02	 9.75567E+02
 7.80447E+02	 9.75967E+02
 7.84880E+02	 9.76067E+02
 7.89312E+02	 9.75833E+02
 7.93741E+02	 9.76400E+02
 7.98167E+02	 9.79667E+02
 8.02592E+02	 9.81967E+02
 8.07014E+02	 9.79133E+02
 8.11434E+02	 9.78100E+02
 8.15851E+02	 9.79633E+02
 8.20267E+02	 9.78167E+02
 8.24680E+02	 9.80833E+02
 8.29090E+02	 9.94833E+02
 8.33499E+02	 1.00143E+03
 8.37905E+02	 1.00803E+03
 8.42309E+02	 1.00153E+03
 8.46710E+02	 1.00290E+03
 8.51109E+02	 1.00107E+03
 8.55506E+02	 1.01333E+03
 8.59901E+02	 1.02110E+03
 8.64293E+02	 1.03713E+03
 8.68683E+02	 1.04657E+03
 8.73071E+02	 1.03883E+03
 8.77456E+02	 1.03227E+03
 8.81840E+02	 1.02800E+03
 8.86221E+02	 1.01390E+03
 8.90599E+02	 1.00497E+03
 8.94976E+02	 9.92500E+02
 8.99350E+02	 9.79767E+02
 9.03722E+02	 9.74567E+02
 9.08091E+02	 9.75700E+02
 9.12459E+02	 9.77167E+02
 9.16824E+02	 9.79533E+02
 9.21187E+02	 9.85500E+02
 9.25547E+02	 9.92433E+02
 9.29905E+02	 9.95933E+02
 9.34261E+02	 1.00130E+03
 9.38615E+02	 1.00727E+03
 9.42967E+02	 1.01100E+03
 9.47316E+02	 1.00763E+03
 9.51663E+02	 1.00017E+03
 9.56008E+02	 9.87067E+02
 9.60350E+02	 9.75467E+02
 9.64691E+02	 9.76667E+02
 9.69029E+02	 9.74567E+02
 9.73364E+02	 9.73533E+02
 9.77698E+02	 9.73033E+02
 9.82029E+02	 9.70400E+02
 9.86358E+02	 9.76400E+02
 9.90685E+02	 9.82967E+02
 9.95010E+02	 9.85967E+02
 9.99332E+02	 9.83900E+02
 1.00365E+03	 9.81167E+02
 1.00797E+03	 9.77533E+02
 1.01229E+03	 9.71133E+02
 1.01660E+03	 9.72467E+02
 1.02091E+03	 9.76467E+02
 1.02522E+03	 9.75700E+02
 1.02953E+03	 9.75500E+02
 1.03383E+03	 9.79367E+02
 1.03813E+03	 9.80767E+02
 1.04243E+03	 9.84300E+02
 1.04673E+03	 9.93567E+02
 1.05103E+03	 1.00740E+03
 1.05532E+03	 1.01210E+03
 1.05961E+03	 1.03433E+03
 1.06390E+03	 1.05230E+03
 1.06819E+03	 1.06487E+03
 1.07247E+03	 1.06047E+03
 1.07676E+03	 1.05530E+03
 1.08104E+03	 1.04380E+03
 1.08531E+03	 1.03147E+03
 1.08959E+03	 1.02510E+03
 1.09386E+03	 1.02147E+03
 1.09813E+03	 1.01853E+03
 1.10240E+03	 1.01293E+03
 1.10667E+03	 1.01327E+03
 1.11094E+03	 1.01300E+03
 1.11520E+03	 1.01037E+03
 1.11946E+03	 1.01127E+03
 1.12372E+03	 1.01243E+03
 1.12797E+03	 1.01530E+03
 1.13223E+03	 1.01367E+03
 1.13648E+03	 1.00397E+03
 1.14073E+03	 9.98433E+02
 1.14498E+03	 9.92800E+02
 1.14922E+03	 9.82100E+02
 1.15347E+03	 9.75400E+02
 1.15771E+03	 9.70500E+02
 1.16194E+03	 9.70333E+02
 1.16618E+03	 9.68133E+02
 1.17042E+03	 9.66933E+02
 1.17465E+03	 9.68467E+02
 1.17888E+03	 9.63867E+02
 1.18311E+03	 9.66767E+02
 1.18733E+03	 9.66133E+02
 1.19156E+03	 9.65433E+02
 1.19578E+03	 9.69767E+02
 1.20000E+03	 9.67267E+02
 1.20421E+03	 9.69133E+02
 1.20843E+03	 9.72367E+02
 1.21264E+03	 9.74300E+02
 1.21685E+03	 9.77400E+02
 1.22106E+03	 9.79800E+02
 1.22527E+03	 9.78833E+02
 1.22947E+03	 9.82967E+02
 1.23367E+03	 9.86933E+02
 1.23787E+03	 9.86133E+02
 1.24207E+03	 9.87900E+02
 1.24627E+03	 9.91733E+02
 1.25046E+03	 9.91367E+02
 1.25465E+03	 9.95767E+02
 1.25884E+03	 9.98233E+02
 1.26303E+03	 9.97767E+02
 1.26721E+03	 9.99333E+02
 1.27140E+03	 1.00207E+03
 1.27558E+03	 9.95767E+02
 1.27975E+03	 1.00023E+03
 1.28393E+03	 9.97300E+02
 1.28811E+03	 9.95867E+02
 1.29228E+03	 9.93967E+02
 1.29645E+03	 9.91600E+02
 1.30062E+03	 9.92633E+02
 1.30478E+03	 9.88733E+02
 1.30895E+03	 9.88500E+02
 1.31311E+03	 9.86900E+02
 1.31727E+03	 9.85233E+02
 1.32142E+03	 9.90367E+02
 1.32558E+03	 9.91067E+02
 1.32973E+03	 9.90833E+02
 1.33388E+03	 9.98733E+02
 1.33803E+03	 9.96867E+02
 1.34218E+03	 9.97200E+02
 1.34632E+03	 9.97767E+02
 1.35047E+03	 9.98333E+02
 1.35461E+03	 9.96300E+02
 1.35875E+03	 1.00247E+03
 1.36288E+03	 1.00677E+03
 1.36702E+03	 1.01047E+03
 1.37115E+03	 1.01337E+03
 1.37528E+03	 1.01147E+03
 1.37941E+03	 1.00133E+03
 1.38353E+03	 9.91400E+02
 1.38766E+03	 9.92600E+02
 1.39178E+03	 9.87567E+02
 1.39590E+03	 9.88767E+02
 1.40001E+03	 9.88067E+02
 1.40413E+03	 9.89300E+02
 1.40824E+03	 9.85400E+02
 1.41235E+03	 9.86500E+02
 1.41646E+03	 9.83500E+02
 1.42057E+03	 9.83833E+02
 1.42468E+03	 9.85767E+02
 1.42878E+03	 9.82600E+02
 1.43288E+03	 9.81000E+02
 1.43698E+03	 9.77733E+02
 1.44107E+03	 9.78067E+02
 1.44517E+03	 9.78533E+02
 1.44926E+03	 9.78833E+02
 1.45335E+03	 9.77633E+02
 1.45744E+03	 9.81700E+02
 1.46153E+03	 9.85367E+02
 1.46561E+03	 9.91433E+02
 1.46969E+03	 1.00123E+03
 1.47377E+03	 1.01563E+03
 1.47785E+03	 1.02820E+03
 1.48193E+03	 1.02830E+03
 1.48600E+03	 1.02743E+03
 1.49007E+03	 1.02270E+03
 1.49414E+03	 1.00900E+03
 1.49821E+03	 9.95667E+02
 1.50228E+03	 9.82067E+02
 1.50634E+03	 9.72300E+02
 1.51040E+03	 9.60167E+02
 1.51446E+03	 9.59833E+02
 1.51852E+03	 9.59367E+02
 1.52258E+03	 9.59700E+02
 1.52663E+03	 9.56233E+02
 1.53068E+03	 9.57933E+02
 1.53473E+03	 9.54533E+02
 1.53878E+03	 9.55967E+02
 1.54282E+03	 9.55933E+02
 1.54687E+03	 9.54100E+02
 1.55091E+03	 9.54633E+02
 1.55495E+03	 9.56667E+02
 1.55899E+03	 9.55833E+02
 1.56302E+03	 9.54867E+02
 1.56705E+03	 9.53900E+02
 1.57109E+03	 9.55667E+02
 1.57512E+03	 9.54167E+02
 1.57914E+03	 9.53867E+02
 1.58317E+03	 9.53367E+02
 1.58719E+03	 9.57033E+02
 1.59121E+03	 9.54633E+02
 1.59523E+03	 9.53867E+02
 1.59925E+03	 9.55600E+02
 1.60326E+03	 9.55533E+02
 1.60728E+03	 9.54333E+02
 1.61129E+03	 9.59000E+02
 1.61530E+03	 9.54467E+02
 1.61930E+03	 9.54200E+02
 1.62331E+03	 9.53367E+02
 1.62731E+03	 9.55267E+02
 1.63131E+03	 9.52033E+02
 1.63531E+03	 9.53067E+02
 1.63931E+03	 9.53733E+02
 1.64330E+03	 9.52867E+02
 1.64730E+03	 9.51833E+02
 1.65129E+03	 9.52900E+02
 1.65528E+03	 9.52633E+02
 1.65926E+03	 9.52733E+02
 1.66325E+03	 9.52500E+02
 1.66723E+03	 9.52900E+02
 1.67121E+03	 9.51800E+02
 1.67519E+03	 9.53667E+02
 1.67917E+03	 9.53000E+02
 1.68314E+03	 9.52233E+02
 1.68712E+03	 9.51667E+02
 1.69109E+03	 9.51967E+02
 1.69506E+03	 9.50667E+02
 1.69903E+03	 9.51667E+02
 1.70299E+03	 9.53500E+02
 1.70695E+03	 9.48867E+02
 1.71092E+03	 9.50367E+02
 1.71487E+03	 9.51033E+02
 1.71883E+03	 9.48933E+02
 1.72279E+03	 9.49533E+02
 1.72674E+03	 9.48667E+02
 1.73069E+03	 9.50400E+02
 1.73464E+03	 9.50333E+02
 1.73859E+03	 9.50500E+02
 1.74253E+03	 9.48933E+02
 1.74648E+03	 9.48267E+02
 1.75042E+03	 9.49100E+02
 1.75436E+03	 9.49800E+02
 1.75830E+03	 9.49500E+02
 1.76223E+03	 9.50933E+02
 1.76617E+03	 9.46833E+02
 1.77010E+03	 9.48400E+02
 1.77403E+03	 9.48267E+02
 1.77796E+03	 9.47967E+02
 1.78188E+03	 9.48833E+02
 1.78581E+03	 9.48600E+02
 1.78973E+03	 9.45367E+02
 1.79365E+03	 9.48333E+02
 1.79757E+03	 9.46767E+02
 1.80148E+03	 9.49067E+02
 1.80540E+03	 9.46533E+02
 1.80931E+03	 9.47400E+02
 1.81322E+03	 9.47967E+02
 1.81713E+03	 9.49067E+02
 1.82104E+03	 9.46667E+02
 1.82494E+03	 9.48267E+02
 1.82884E+03	 9.46833E+02
 1.83274E+03	 9.48900E+02
 1.83664E+03	 9.47467E+02
 1.84054E+03	 9.46467E+02
 1.84443E+03	 9.47133E+02
 1.84833E+03	 9.48433E+02
 1.85222E+03	 9.47833E+02
 1.85611E+03	 9.45900E+02
 1.85999E+03	 9.47700E+02
 1.86388E+03	 9.47000E+02
 1.86776E+03	 9.47733E+02
 1.87164E+03	 9.44600E+02
 1.87552E+03	 9.45667E+02
 1.87940E+03	 9.47000E+02
 1.88328E+03	 9.47367E+02
 1.88715E+03	 9.45867E+02
 1.89102E+03	 9.46633E+02
 1.89489E+03	 9.45700E+02
 1.89876E+03	 9.46100E+02
 1.90263E+03	 9.46067E+02
 1.90649E+03	 9.44733E+02
 1.91035E+03	 9.48433E+02
 1.91421E+03	 9.45567E+02
 1.91807E+03	 9.46900E+02
 1.92193E+03	 9.45767E+02
 1.92578E+03	 9.46300E+02
 1.92964E+03	 9.43200E+02
 1.93349E+03	 9.46100E+02
 1.93734E+03	 9.45733E+02
 1.94118E+03	 9.47333E+02
 1.94503E+03	 9.44300E+02
 1.94887E+03	 9.44733E+02
 1.95271E+03	 9.45533E+02
 1.95655E+03	 9.43067E+02
 1.96039E+03	 9.46100E+02
 1.96423E+03	 9.44700E+02
 1.96806E+03	 9.44433E+02
 1.97189E+03	 9.43333E+02
 1.97572E+03	 9.44900E+02
 1.97955E+03	 9.48533E+02
 1.98338E+03	 9.46600E+02
 1.98720E+03	 9.47167E+02
 1.99103E+03	 9.45467E+02
 1.99485E+03	 9.43500E+02
 1.99866E+03	 9.43700E+02
 2.00248E+03	 9.46600E+02
 2.00630E+03	 9.44900E+02
 2.01011E+03	 9.45900E+02
 2.01392E+03	 9.43700E+02
 2.01773E+03	 9.43900E+02
 2.02154E+03	 9.46100E+02
 2.02534E+03	 9.44033E+02
 2.02915E+03	 9.45267E+02
 2.03295E+03	 9.44467E+02
 2.03675E+03	 9.44400E+02
 2.04055E+03	 9.44233E+02
 2.04435E+03	 9.45700E+02
 2.04814E+03	 9.45000E+02
 2.05193E+03	 9.44233E+02
 2.05572E+03	 9.43867E+02
 2.05951E+03	 9.42433E+02
 2.06330E+03	 9.43500E+02
 2.06708E+03	 9.46433E+02
 2.07087E+03	 9.43133E+02
 2.07465E+03	 9.43433E+02
 2.07843E+03	 9.44600E+02
 2.08221E+03	 9.46000E+02
 2.08598E+03	 9.44000E+02
 2.08976E+03	 9.44033E+02
 2.09353E+03	 9.43300E+02
 2.09730E+03	 9.44567E+02
 2.10107E+03	 9.45133E+02
 2.10484E+03	 9.43200E+02
 2.10860E+03	 9.45333E+02
 2.11236E+03	 9.43500E+02
 2.11613E+03	 9.44133E+02
 2.11989E+03	 9.45067E+02
 2.12364E+03	 9.44633E+02
 2.12740E+03	 9.45700E+02
 2.13115E+03	 9.43533E+02
 2.13490E+03	 9.44667E+02
 2.13866E+03	 9.45533E+02
 2.14240E+03	 9.44300E+02
 2.14615E+03	 9.46300E+02
 2.14990E+03	 9.44867E+02
 2.15364E+03	 9.43533E+02
 2.15738E+03	 9.44767E+02
 2.16112E+03	 9.44200E+02
 2.16486E+03	 9.42567E+02
 2.16859E+03	 9.43400E+02
 2.17233E+03	 9.44467E+02
 2.17606E+03	 9.43333E+02
 2.17979E+03	 9.43833E+02
 2.18352E+03	 9.43733E+02
 2.18724E+03	 9.43233E+02
 2.19097E+03	 9.44767E+02
 2.19469E+03	 9.41967E+02
 2.19841E+03	 9.42533E+02
 2.20213E+03	 9.44033E+02
 2.20585E+03	 9.42333E+02
 2.20956E+03	 9.45933E+02
 2.21328E+03	 9.42733E+02
 2.21699E+03	 9.43733E+02
 2.22070E+03	 9.42767E+02
 2.22441E+03	 9.41133E+02
 2.22812E+03	 9.42767E+02
 2.23182E+03	 9.41767E+02
 2.23552E+03	 9.41033E+02
 2.23923E+03	 9.43433E+02
 2.24293E+03	 9.41833E+02
 2.24662E+03	 9.41600E+02
 2.25032E+03	 9.43100E+02
 2.25401E+03	 9.41833E+02
 2.25771E+03	 9.44000E+02
 2.26140E+03	 9.41500E+02
 2.26509E+03	 9.41600E+02
 2.26877E+03	 9.43133E+02
 2.27246E+03	 9.43100E+02
 2.27614E+03	 9.39867E+02
 2.27982E+03	 9.39367E+02
 2.28350E+03	 9.42433E+02
 2.28718E+03	 9.42400E+02
 2.29086E+03	 9.42667E+02
 2.29453E+03	 9.44433E+02
 2.29820E+03	 9.39667E+02
 2.30188E+03	 9.42800E+02
 2.30555E+03	 9.41033E+02
 2.30921E+03	 9.42867E+02
 2.31288E+03	 9.43033E+02
 2.31654E+03	 9.44700E+02
 2.32020E+03	 9.41033E+02
 2.32386E+03	 9.41800E+02
 2.32752E+03	 9.43833E+02
 2.33118E+03	 9.40333E+02
 2.33484E+03	 9.41233E+02
 2.33849E+03	 9.42700E+02
 2.34214E+03	 9.43367E+02
 2.34579E+03	 9.43967E+02
 2.34944E+03	 9.41767E+02
 2.35308E+03	 9.42900E+02
 2.35673E+03	 9.41300E+02
 2.36037E+03	 9.42600E+02
 2.36401E+03	 9.41267E+02
 2.36765E+03	 9.42067E+02
 2.37129E+03	 9.41567E+02
 2.37492E+03	 9.41867E+02
 2.37856E+03	 9.42600E+02
 2.38219E+03	 9.43633E+02
 2.38582E+03	 9.42267E+02
 2.38945E+03	 9.42500E+02
 2.39308E+03	 9.42600E+02
 2.39670E+03	 9.42500E+02
 2.40033E+03	 9.43667E+02
 2.40395E+03	 9.44867E+02
 2.40757E+03	 9.43667E+02
 2.41119E+03	 9.42333E+02
 2.41480E+03	 9.41267E+02
 2.41842E+03	 9.41867E+02
 2.42203E+03	 9.42167E+02
 2.42564E+03	 9.43467E+02
 2.42925E+03	 9.42700E+02
 2.43286E+03	 9.41533E+02
 2.43647E+03	 9.43167E+02
 2.44007E+03	 9.41533E+02
 2.44367E+03	 9.43033E+02
 2.44727E+03	 9.44833E+02
 2.45087E+03	 9.44367E+02
 2.45447E+03	 9.42900E+02
 2.45807E+03	 9.43600E+02
 2.46166E+03	 9.41967E+02
 2.46525E+03	 9.40200E+02
 2.46884E+03	 9.42333E+02
 2.47243E+03	 9.41033E+02
 2.47602E+03	 9.42567E+02
 2.47960E+03	 9.43433E+02
 2.48319E+03	 9.41833E+02
 2.48677E+03	 9.42133E+02
 2.49035E+03	 9.41067E+02
 2.49393E+03	 9.42167E+02
 2.49751E+03	 9.42333E+02
 2.50108E+03	 9.43667E+02
 2.50465E+03	 9.41667E+02
 2.50823E+03	 9.41900E+02
 2.51180E+03	 9.43067E+02
 2.51536E+03	 9.42433E+02
 2.51893E+03	 9.44067E+02
 2.52250E+03	 9.43233E+02
 2.52606E+03	 9.42967E+02
 2.52962E+03	 9.40933E+02
 2.53318E+03	 9.44400E+02
 2.53674E+03	 9.42233E+02
 2.54029E+03	 9.44400E+02
 2.54385E+03	 9.43933E+02
 2.54740E+03	 9.43833E+02
 2.55095E+03	 9.42200E+02
 2.55450E+03	 9.45867E+02
 2.55805E+03	 9.45133E+02
 2.56160E+03	 9.45267E+02
 2.56514E+03	 9.41300E+02
 2.56868E+03	 9.44900E+02
 2.57222E+03	 9.45700E+02
 2.57576E+03	 9.43467E+02
 2.57930E+03	 9.43733E+02
 2.58284E+03	 9.45000E+02
 2.58637E+03	 9.42300E+02
 2.58991E+03	 9.46233E+02
 2.59344E+03	 9.45233E+02
 2.59697E+03	 9.43467E+02
 2.60049E+03	 9.43700E+02
 2.60402E+03	 9.42467E+02
 2.60754E+03	 9.43500E+02
 2.61107E+03	 9.43933E+02
 2.61459E+03	 9.41733E+02
 2.61811E+03	 9.44533E+02
 2.62162E+03	 9.45133E+02
 2.62514E+03	 9.45800E+02
 2.62865E+03	 9.43633E+02
 2.63217E+03	 9.44833E+02
 2.63568E+03	 9.43667E+02
 2.63919E+03	 9.44633E+02
 2.64269E+03	 9.44333E+02
 2.64620E+03	 9.46800E+02
 2.64970E+03	 9.45167E+02
 2.65321E+03	 9.46500E+02
 2.65671E+03	 9.45000E+02
 2.66021E+03	 9.46133E+02
 2.66370E+03	 9.45900E+02
 2.66720E+03	 9.47100E+02
 2.67069E+03	 9.47433E+02
 2.67419E+03	 9.43833E+02
 2.67768E+03	 9.47967E+02
 2.68117E+03	 9.49167E+02
 2.68466E+03	 9.48333E+02
 2.68814E+03	 9.46700E+02
 2.69163E+03	 9.48867E+02
 2.69511E+03	 9.47633E+02
 2.69859E+03	 9.48067E+02
 2.70207E+03	 9.50967E+02
 2.70555E+03	 9.52900E+02
 2.70902E+03	 9.54233E+02
 2.71250E+03	 9.54433E+02
 2.71597E+03	 9.53533E+02
 2.71944E+03	 9.55300E+02
 2.72291E+03	 9.56867E+02
 2.72638E+03	 9.57700E+02
 2.72984E+03	 9.57633E+02
 2.73331E+03	 9.61367E+02
 2.73677E+03	 9.64367E+02
 2.74023E+03	 9.62533E+02
 2.74369E+03	 9.64767E+02
 2.74715E+03	 9.62767E+02
 2.75061E+03	 9.64033E+02
 2.75406E+03	 9.65133E+02
 2.75752E+03	 9.67133E+02
 2.76097E+03	 9.63833E+02
 2.76442E+03	 9.66833E+02
 2.76786E+03	 9.66567E+02
 2.77131E+03	 9.64500E+02
 2.77476E+03	 9.67100E+02
 2.77820E+03	 9.65467E+02
 2.78164E+03	 9.64667E+02
 2.78508E+03	 9.65267E+02
 2.78852E+03	 9.61233E+02
 2.79196E+03	 9.62800E+02
 2.79539E+03	 9.67167E+02
 2.79883E+03	 9.65700E+02
 2.80226E+03	 9.68800E+02
 2.80569E+03	 9.71200E+02
 2.80912E+03	 9.70000E+02
 2.81254E+03	 9.71967E+02
 2.81597E+03	 9.72833E+02
 2.81939E+03	 9.76867E+02
 2.82282E+03	 9.78733E+02
 2.82624E+03	 9.79267E+02
 2.82966E+03	 9.83267E+02
 2.83307E+03	 9.84533E+02
 2.83649E+03	 9.84800E+02
 2.83990E+03	 9.89200E+02
 2.84332E+03	 9.90267E+02
 2.84673E+03	 9.96400E+02
 2.85014E+03	 1.00180E+03
 2.85354E+03	 1.00860E+03
 2.85695E+03	 1.00670E+03
 2.86036E+03	 1.01633E+03
 2.86376E+03	 1.02353E+03
 2.86716E+03	 1.03027E+03
 2.87056E+03	 1.03633E+03
 2.87396E+03	 1.04247E+03
 2.87736E+03	 1.06243E+03
 2.88075E+03	 1.07943E+03
 2.88414E+03	 1.08777E+03
 2.88754E+03	 1.11497E+03
 2.89093E+03	 1.13210E+03
 2.89431E+03	 1.13130E+03
 2.89770E+03	 1.14707E+03
 2.90109E+03	 1.15067E+03
 2.90447E+03	 1.15993E+03
 2.90785E+03	 1.14820E+03
 2.91123E+03	 1.14080E+03
 2.91461E+03	 1.14203E+03
 2.91799E+03	 1.13983E+03
 2.92137E+03	 1.13707E+03
 2.92474E+03	 1.13430E+03
 2.92811E+03	 1.13827E+03
 2.93149E+03	 1.13820E+03
 2.93486E+03	 1.13960E+03
 2.93822E+03	 1.14970E+03
 2.94159E+03	 1.15757E+03
 2.94496E+03	 1.15217E+03
 2.94832E+03	 1.16277E+03
 2.95168E+03	 1.16887E+03
 2.95504E+03	 1.16090E+03
 2.95840E+03	 1.16060E+03
 2.96176E+03	 1.15750E+03
 2.96511E+03	 1.16013E+03
 2.96847E+03	 1.15297E+03
 2.97182E+03	 1.13667E+03
 2.97517E+03	 1.12160E+03
 2.97852E+03	 1.11853E+03
 2.98187E+03	 1.09127E+03
 2.98521E+03	 1.07593E+03
 2.98856E+03	 1.06107E+03
 2.99190E+03	 1.04833E+03
 2.99524E+03	 1.02810E+03
 2.99858E+03	 1.01667E+03
 3.00192E+03	 1.00267E+03
 3.00526E+03	 9.91433E+02
 3.00859E+03	 9.85033E+02
 3.01193E+03	 9.74267E+02
 3.01526E+03	 9.71433E+02
 3.01859E+03	 9.67700E+02
 3.02192E+03	 9.62367E+02
 3.02525E+03	 9.59533E+02
 3.02857E+03	 9.57300E+02
 3.03190E+03	 9.54300E+02
 3.03522E+03	 9.52000E+02
 3.03854E+03	 9.48433E+02
 3.04186E+03	 9.50367E+02
 3.04518E+03	 9.48967E+02
 3.04850E+03	 9.46700E+02
 3.05181E+03	 9.47067E+02
 3.05512E+03	 9.48100E+02
 3.05844E+03	 9.46267E+02
 3.06175E+03	 9.47133E+02
 3.06506E+03	 9.47600E+02
 3.06836E+03	 9.43833E+02
 3.07167E+03	 9.46500E+02
 3.07497E+03	 9.43767E+02
 3.07828E+03	 9.45233E+02
 3.08158E+03	 9.46267E+02
 3.08488E+03	 9.45233E+02
 3.08818E+03	 9.41767E+02
 3.09147E+03	 9.46967E+02
 3.09477E+03	 9.44267E+02
 3.09806E+03	 9.43833E+02
 3.10135E+03	 9.45467E+02
 3.10464E+03	 9.43200E+02
 3.10793E+03	 9.46467E+02
 3.11122E+03	 9.44500E+02
 3.11451E+03	 9.43867E+02
 3.11779E+03	 9.43833E+02
 3.12107E+03	 9.44333E+02
 3.12436E+03	 9.45200E+02
 3.12764E+03	 9.46000E+02
 3.13091E+03	 9.43800E+02
 3.13419E+03	 9.47400E+02
 3.13747E+03	 9.46667E+02
 3.14074E+03	 9.47100E+02
 3.14401E+03	 9.47867E+02
 3.14728E+03	 9.49267E+02
 3.15055E+03	 9.46800E+02
 3.15382E+03	 9.47900E+02
 3.15709E+03	 9.49900E+02
 3.16035E+03	 9.50333E+02
 3.16362E+03	 9.50067E+02
 3.16688E+03	 9.52800E+02
 3.17014E+03	 9.52633E+02
 3.17340E+03	 9.49600E+02
 3.17665E+03	 9.51933E+02
 3.17991E+03	 9.51067E+02
 3.18316E+03	 9.52367E+02
 3.18642E+03	 9.52667E+02
 3.18967E+03	 9.52933E+02
 3.19292E+03	 9.54667E+02
 3.19617E+03	 9.54667E+02
 3.19941E+03	 9.53367E+02
 3.20266E+03	 9.56800E+02
 3.20590E+03	 9.55767E+02
 3.20914E+03	 9.54533E+02
 3.21238E+03	 9.59733E+02
 3.21562E+03	 9.58767E+02
 3.21886E+03	 9.60900E+02
 3.22210E+03	 9.58867E+02
 3.22533E+03	 9.57633E+02
 3.22857E+03	 9.59467E+02
 3.23180E+03	 9.61100E+02
 3.23503E+03	 9.60700E+02
 3.23826E+03	 9.59533E+02
 3.24148E+03	 9.62133E+02
 3.24471E+03	 9.59433E+02
 3.24793E+03	 9.60767E+02
 3.25116E+03	 9.66667E+02
 3.25438E+03	 9.65967E+02
 3.25760E+03	 9.66000E+02
 3.26082E+03	 9.67767E+02
 3.26403E+03	 9.64267E+02
 3.26725E+03	 9.66133E+02
 3.27046E+03	 9.69467E+02
 3.27368E+03	 9.68433E+02
 3.27689E+03	 9.69933E+02
 3.28010E+03	 9.70933E+02
 3.28331E+03	 9.68767E+02
 3.28651E+03	 9.70733E+02
 3.28972E+03	 9.71000E+02
 3.29292E+03	 9.71167E+02
 3.29612E+03	 9.68033E+02
 3.29932E+03	 9.69600E+02
 3.30252E+03	 9.69067E+02
 3.30572E+03	 9.71800E+02
 3.30892E+03	 9.74833E+02
 3.31211E+03	 9.73567E+02
 3.31531E+03	 9.74333E+02
 3.31850E+03	 9.75433E+02
 3.32169E+03	 9.74333E+02
 3.32488E+03	 9.72300E+02
 3.32807E+03	 9.74933E+02
 3.33125E+03	 9.74967E+02
 3.33444E+03	 9.72633E+02
 3.33762E+03	 9.76867E+02
 3.34080E+03	 9.79100E+02
 3.34398E+03	 9.76500E+02
 3.34716E+03	 9.80400E+02
 3.35034E+03	 9.78467E+02
 3.35351E+03	 9.77000E+02
 3.35669E+03	 9.77000E+02
 3.35986E+03	 9.77400E+02
 3.36303E+03	 9.78633E+02
 3.36620E+03	 9.78000E+02
 3.36937E+03	 9.76800E+02
 3.37254E+03	 9.81767E+02
 3.37570E+03	 9.80900E+02
 3.37887E+03	 9.78567E+02
 3.38203E+03	 9.77267E+02
 3.38519E+03	 9.81000E+02
 3.38835E+03	 9.82233E+02
 3.39151E+03	 9.79533E+02
 3.39467E+03	 9.78200E+02
 3.39782E+03	 9.83267E+02
 3.40098E+03	 9.83333E+02
 3.40413E+03	 9.79333E+02
 3.40728E+03	 9.79167E+02
 3.41043E+03	 9.79800E+02
 3.41358E+03	 9.77767E+02
 3.41673E+03	 9.82800E+02
 3.41987E+03	 9.79300E+02
 3.42302E+03	 9.80700E+02
 3.42616E+03	 9.84700E+02
 3.42930E+03	 9.75800E+02
 3.43244E+03	 9.78533E+02
 3.43558E+03	 9.76567E+02
 3.43872E+03	 9.80333E+02
 3.44185E+03	 9.75933E+02
 3.44499E+03	 9.77867E+02
 3.44812E+03	 9.73400E+02
 3.45125E+03	 9.72933E+02
 3.45438E+03	 9.73733E+02
 3.45751E+03	 9.76800E+02
 3.46064E+03	 9.76100E+02
 3.46376E+03	 9.70600E+02
 3.46689E+03	 9.72600E+02
 3.47001E+03	 9.72700E+02
 3.47313E+03	 9.67767E+02
 3.47625E+03	 9.68700E+02
 3.47937E+03	 9.69033E+02
 3.48249E+03	 9.65300E+02
 3.48560E+03	 9.65700E+02
 3.48872E+03	 9.64833E+02
 3.49183E+03	 9.65367E+02
 3.49494E+03	 9.65900E+02
 3.49805E+03	 9.62200E+02
 3.50116E+03	 9.59467E+02
 3.50427E+03	 9.60600E+02
 3.50737E+03	 9.60867E+02
 3.51048E+03	 9.60033E+02
 3.51358E+03	 9.57900E+02
 3.51668E+03	 9.56767E+02
 3.51978E+03	 9.59633E+02
 3.52288E+03	 9.57500E+02
 3.52598E+03	 9.52600E+02
 3.52907E+03	 9.52400E+02
 3.53217E+03	 9.53200E+02
 3.53526E+03	 9.48467E+02
 3.53835E+03	 9.49767E+02
 3.54144E+03	 9.49933E+02
 3.54453E+03	 9.47700E+02
 3.54762E+03	 9.48467E+02
 3.55071E+03	 9.46867E+02
 3.55379E+03	 9.43967E+02
 3.55687E+03	 9.47267E+02
 3.55996E+03	 9.44167E+02
 3.56304E+03	 9.40867E+02
 3.56612E+03	 9.41933E+02
 3.56919E+03	 9.39967E+02
 3.57227E+03	 9.41000E+02
 3.57535E+03	 9.38367E+02
 3.57842E+03	 9.41967E+02
 3.58149E+03	 9.38533E+02
 3.58456E+03	 9.38167E+02
 3.58763E+03	 9.36000E+02
 3.59070E+03	 9.36867E+02
 3.59377E+03	 9.36967E+02
 3.59683E+03	 9.35800E+02
 3.59990E+03	 9.34233E+02
 3.60296E+03	 9.34900E+02
 3.60602E+03	 9.33867E+02
 3.60908E+03	 9.32567E+02
 3.61214E+03	 9.31800E+02
 3.61519E+03	 9.29533E+02
 3.61825E+03	 9.29967E+02
 3.62130E+03	 9.30133E+02
 3.62436E+03	 9.28800E+02
 3.62741E+03	 9.28133E+02
 3.63046E+03	 9.28933E+02
 3.63351E+03	 9.30467E+02
 3.63656E+03	 9.25933E+02
 3.63960E+03	 9.25967E+02
 3.64265E+03	 9.26600E+02
 3.64569E+03	 9.26267E+02
 3.64873E+03	 9.26067E+02
 3.65177E+03	 9.26700E+02
 3.65481E+03	 9.24867E+02
 3.65785E+03	 9.25833E+02
 3.66089E+03	 9.24567E+02
 3.66392E+03	 9.25733E+02
 3.66695E+03	 9.26367E+02
 3.66999E+03	 9.23867E+02
 3.67302E+03	 9.24067E+02
 3.67605E+03	 9.24467E+02
 3.67908E+03	 9.22300E+02
 3.68210E+03	 9.23300E+02
 3.68513E+03	 9.22233E+02
 3.68815E+03	 9.21567E+02
 3.69117E+03	 9.22667E+02
 3.69420E+03	 9.21467E+02
 3.69722E+03	 9.20733E+02
 3.70023E+03	 9.21367E+02
 3.70325E+03	 9.21233E+02
 3.70627E+03	 9.22333E+02
 3.70928E+03	 9.21333E+02
 3.71230E+03	 9.21233E+02
 3.71531E+03	 9.21867E+02
 3.71832E+03	 9.19167E+02
 3.72133E+03	 9.21600E+02
 3.72434E+03	 9.20733E+02
 3.72734E+03	 9.21400E+02
 3.73035E+03	 9.19333E+02
 3.73335E+03	 9.20133E+02
 3.73635E+03	 9.18200E+02
 3.73936E+03	 9.20467E+02
 3.74236E+03	 9.20333E+02
 3.74535E+03	 9.19733E+02
 3.74835E+03	 9.19433E+02
 3.75135E+03	 9.17800E+02
 3.75434E+03	 9.17800E+02
 3.75733E+03	 9.19867E+02
 3.76033E+03	 9.18867E+02
 3.76332E+03	 9.18900E+02
 3.76631E+03	 9.19000E+02
 3.76929E+03	 9.18367E+02
 3.77228E+03	 9.17833E+02
 3.77527E+03	 9.18467E+02
 3.77825E+03	 9.16967E+02
 3.78123E+03	 9.16133E+02
 3.78421E+03	 9.16933E+02
 3.78719E+03	 9.16567E+02
