-1.40382E+02	 9.05533E+02
-1.35457E+02	 9.06600E+02
-1.30535E+02	 9.06867E+02
-1.25616E+02	 9.05133E+02
-1.20700E+02	 9.06400E+02
-1.15786E+02	 9.06200E+02
-1.10875E+02	 9.05567E+02
-1.05967E+02	 9.06467E+02
-1.01061E+02	 9.05600E+02
-9.61580E+01	 9.07833E+02
-9.12576E+01	 9.06967E+02
-8.63599E+01	 9.05867E+02
-8.14648E+01	 9.07300E+02
-7.65724E+01	 9.06200E+02
-7.16827E+01	 9.06700E+02
-6.67956E+01	 9.08467E+02
-6.19111E+01	 9.06433E+02
-5.70293E+01	 9.06733E+02
-5.21502E+01	 9.07300E+02
-4.72737E+01	 9.06933E+02
-4.23998E+01	 9.07600E+02
-3.75286E+01	 9.07533E+02
-3.26600E+01	 9.06133E+02
-2.77941E+01	 9.07600E+02
-2.29308E+01	 9.07900E+02
-1.80701E+01	 9.08700E+02
-1.32121E+01	 9.08733E+02
-8.35667E+00	 9.09467E+02
-3.50389E+00	 9.10900E+02
 1.34626E+00	 9.18333E+02
 6.19379E+00	 9.84200E+02
 1.10387E+01	 1.98680E+03
 1.58810E+01	 4.21143E+03
 2.07207E+01	 2.94913E+03
 2.55577E+01	 1.11613E+03
 3.03922E+01	 9.22700E+02
 3.52240E+01	 9.12233E+02
 4.00532E+01	 9.09067E+02
 4.48798E+01	 9.07800E+02
 4.97038E+01	 9.08800E+02
 5.45252E+01	 9.06767E+02
 5.93440E+01	 9.09333E+02
 6.41602E+01	 9.08967E+02
 6.89738E+01	 9.07767E+02
 7.37848E+01	 9.12400E+02
 7.85932E+01	 9.22467E+02
 8.33991E+01	 9.45667E+02
 8.82023E+01	 9.89533E+02
 9.30029E+01	 1.03907E+03
 9.78010E+01	 1.07353E+03
 1.02596E+02	 1.08970E+03
 1.07389E+02	 1.10210E+03
 1.12180E+02	 1.09940E+03
 1.16967E+02	 1.09317E+03
 1.21753E+02	 1.08317E+03
 1.26535E+02	 1.07200E+03
 1.31315E+02	 1.07287E+03
 1.36093E+02	 1.07350E+03
 1.40867E+02	 1.07217E+03
 1.45640E+02	 1.06107E+03
 1.50409E+02	 1.06433E+03
 1.55177E+02	 1.05667E+03
 1.59941E+02	 1.04957E+03
 1.64703E+02	 1.05087E+03
 1.69463E+02	 1.05253E+03
 1.74220E+02	 1.04603E+03
 1.78974E+02	 1.03550E+03
 1.83726E+02	 1.02853E+03
 1.88475E+02	 1.02567E+03
 1.93222E+02	 1.02463E+03
 1.97966E+02	 1.02280E+03
 2.02708E+02	 1.02390E+03
 2.07447E+02	 1.01993E+03
 2.12184E+02	 1.02000E+03
 2.16918E+02	 1.01260E+03
 2.21649E+02	 1.01140E+03
 2.26378E+02	 1.01347E+03
 2.31105E+02	 1.01107E+03
 2.35829E+02	 1.00453E+03
 2.40550E+02	 1.00093E+03
 2.45269E+02	 9.96467E+02
 2.49985E+02	 9.96233E+02
 2.54699E+02	 9.95100E+02
 2.59410E+02	 9.94333E+02
 2.64119E+02	 9.93167E+02
 2.68825E+02	 9.90967E+02
 2.73529E+02	 9.92100E+02
 2.78230E+02	 9.87733E+02
 2.82929E+02	 9.85400E+02
 2.87625E+02	 9.87967E+02
 2.92319E+02	 9.94067E+02
 2.97010E+02	 9.88267E+02
 3.01699E+02	 9.87300E+02
 3.06385E+02	 9.82467E+02
 3.11069E+02	 9.82367E+02
 3.15750E+02	 9.82967E+02
 3.20428E+02	 9.82100E+02
 3.25105E+02	 9.86000E+02
 3.29778E+02	 9.85000E+02
 3.34450E+02	 9.80967E+02
 3.39118E+02	 9.81900E+02
 3.43785E+02	 9.79533E+02
 3.48448E+02	 9.79300E+02
 3.53110E+02	 9.81467E+02
 3.57768E+02	 9.80433E+02
 3.62425E+02	 9.78133E+02
 3.67079E+02	 9.79300E+02
 3.71730E+02	 9.80300E+02
 3.76379E+02	 9.77467E+02
 3.81025E+02	 9.76133E+02
 3.85669E+02	 9.78633E+02
 3.90311E+02	 9.79300E+02
 3.94950E+02	 9.77067E+02
 3.99586E+02	 9.80300E+02
 4.04220E+02	 9.78833E+02
 4.08852E+02	 9.78567E+02
 4.13481E+02	 9.80333E+02
 4.18108E+02	 9.80633E+02
 4.22732E+02	 9.88100E+02
 4.27354E+02	 9.89800E+02
 4.31973E+02	 9.89033E+02
 4.36590E+02	 9.95167E+02
 4.41205E+02	 9.94500E+02
 4.45817E+02	 9.93233E+02
 4.50426E+02	 9.86133E+02
 4.55034E+02	 9.82400E+02
 4.59638E+02	 9.81900E+02
 4.64241E+02	 9.81133E+02
 4.68840E+02	 9.78167E+02
 4.73438E+02	 9.76233E+02
 4.78033E+02	 9.76500E+02
 4.82625E+02	 9.80533E+02
 4.87215E+02	 9.83167E+02
 4.91803E+02	 9.92833E+02
 4.96388E+02	 9.98500E+02
 5.00971E+02	 1.00303E+03
 5.05552E+02	 1.00897E+03
 5.10129E+02	 1.01160E+03
 5.14705E+02	 9.98767E+02
 5.19278E+02	 9.90867E+02
 5.23849E+02	 9.86767E+02
 5.28417E+02	 9.82367E+02
 5.32983E+02	 9.78367E+02
 5.37547E+02	 9.78267E+02
 5.42108E+02	 9.72967E+02
 5.46666E+02	 9.76767E+02
 5.51223E+02	 9.71800E+02
 5.55777E+02	 9.72700E+02
 5.60328E+02	 9.74533E+02
 5.64877E+02	 9.77167E+02
 5.69424E+02	 9.76567E+02
 5.73968E+02	 9.76333E+02
 5.78510E+02	 9.77200E+02
 5.83049E+02	 9.75933E+02
 5.87587E+02	 9.76467E+02
 5.92121E+02	 9.73167E+02
 5.96654E+02	 9.72100E+02
 6.01184E+02	 9.73400E+02
 6.05711E+02	 9.72067E+02
 6.10236E+02	 9.68867E+02
 6.14759E+02	 9.71800E+02
 6.19280E+02	 9.73067E+02
 6.23798E+02	 9.68167E+02
 6.28313E+02	 9.70200E+02
 6.32827E+02	 9.70867E+02
 6.37338E+02	 9.69367E+02
 6.41846E+02	 9.69167E+02
 6.46352E+02	 9.72600E+02
 6.50856E+02	 9.72500E+02
 6.55358E+02	 9.71867E+02
 6.59857E+02	 9.73600E+02
 6.64354E+02	 9.79000E+02
 6.68848E+02	 9.78233E+02
 6.73340E+02	 9.77433E+02
 6.77830E+02	 9.80300E+02
 6.82317E+02	 9.82700E+02
 6.86802E+02	 9.83767E+02
 6.91285E+02	 9.84667E+02
 6.95765E+02	 9.87400E+02
 7.00243E+02	 9.86833E+02
 7.04718E+02	 9.80433E+02
 7.09192E+02	 9.75967E+02
 7.13663E+02	 9.73467E+02
 7.18131E+02	 9.72500E+02
 7.22597E+02	 9.68133E+02
 7.27061E+02	 9.70633E+02
 7.31523E+02	 9.72467E+02
 7.35982E+02	 9.69667E+02
 7.40439E+02	 9.67800E+02
 7.44894E+02	 9.69733E+02
 7.49346E+02	 9.71067E+02
 7.53796E+02	 9.65267E+02
 7.58243E+02	 9.72733E+02
 7.62689E+02	 9.70600E+02
 7.67132E+02	 9.68567E+02
 7.71572E+02	 9.69667E+02
 7.76011E+02	 9.68267E+02
 7.80447E+02	 9.69100E+02
 7.84880E+02	 9.72067E+02
 7.89312E+02	 9.73133E+02
 7.93741E+02	 9.72667E+02
 7.98167E+02	 9.71433E+02
 8.02592E+02	 9.74800E+02
 8.07014E+02	 9.76200E+02
 8.11434E+02	 9.75000E+02
 8.15851E+02	 9.74600E+02
 8.20267E+02	 9.76633E+02
 8.24680E+02	 9.83433E+02
 8.29090E+02	 9.89067E+02
 8.33499E+02	 9.98000E+02
 8.37905E+02	 1.00790E+03
 8.42309E+02	 1.00897E+03
 8.46710E+02	 1.00870E+03
 8.51109E+02	 1.00173E+03
 8.55506E+02	 1.00957E+03
 8.59901E+02	 1.02477E+03
 8.64293E+02	 1.03573E+03
 8.68683E+02	 1.04803E+03
 8.73071E+02	 1.04833E+03
 8.77456E+02	 1.04487E+03
 8.81840E+02	 1.02713E+03
 8.86221E+02	 1.01540E+03
 8.90599E+02	 1.00830E+03
 8.94976E+02	 9.95967E+02
 8.99350E+02	 9.84367E+02
 9.03722E+02	 9.81100E+02
 9.08091E+02	 9.72000E+02
 9.12459E+02	 9.77533E+02
 9.16824E+02	 9.83667E+02
 9.21187E+02	 9.84500E+02
 9.25547E+02	 9.93533E+02
 9.29905E+02	 9.99000E+02
 9.34261E+02	 1.00633E+03
 9.38615E+02	 1.01040E+03
 9.42967E+02	 1.02507E+03
 9.47316E+02	 1.02160E+03
 9.51663E+02	 1.01557E+03
 9.56008E+02	 1.00043E+03
 9.60350E+02	 9.85500E+02
 9.64691E+02	 9.78400E+02
 9.69029E+02	 9.73200E+02
 9.73364E+02	 9.74800E+02
 9.77698E+02	 9.73633E+02
 9.82029E+02	 9.74333E+02
 9.86358E+02	 9.76000E+02
 9.90685E+02	 9.83767E+02
 9.95010E+02	 9.87733E+02
 9.99332E+02	 9.86033E+02
 1.00365E+03	 9.79333E+02
 1.00797E+03	 9.77500E+02
 1.01229E+03	 9.73833E+02
 1.01660E+03	 9.72700E+02
 1.02091E+03	 9.74500E+02
 1.02522E+03	 9.73700E+02
 1.02953E+03	 9.79133E+02
 1.03383E+03	 9.74567E+02
 1.03813E+03	 9.80633E+02
 1.04243E+03	 9.81867E+02
 1.04673E+03	 9.92967E+02
 1.05103E+03	 1.00523E+03
 1.05532E+03	 1.01383E+03
 1.05961E+03	 1.02333E+03
 1.06390E+03	 1.03577E+03
 1.06819E+03	 1.04713E+03
 1.07247E+03	 1.05343E+03
 1.07676E+03	 1.05617E+03
 1.08104E+03	 1.05773E+03
 1.08531E+03	 1.04790E+03
 1.08959E+03	 1.04360E+03
 1.09386E+03	 1.03547E+03
 1.09813E+03	 1.02833E+03
 1.10240E+03	 1.02567E+03
 1.10667E+03	 1.02477E+03
 1.11094E+03	 1.02823E+03
 1.11520E+03	 1.02220E+03
 1.11946E+03	 1.01700E+03
 1.12372E+03	 1.02163E+03
 1.12797E+03	 1.02270E+03
 1.13223E+03	 1.02653E+03
 1.13648E+03	 1.02090E+03
 1.14073E+03	 1.00997E+03
 1.14498E+03	 1.00653E+03
 1.14922E+03	 9.90267E+02
 1.15347E+03	 9.84000E+02
 1.15771E+03	 9.76533E+02
 1.16194E+03	 9.74367E+02
 1.16618E+03	 9.74500E+02
 1.17042E+03	 9.73567E+02
 1.17465E+03	 9.67133E+02
 1.17888E+03	 9.67200E+02
 1.18311E+03	 9.72600E+02
 1.18733E+03	 9.71233E+02
 1.19156E+03	 9.70800E+02
 1.19578E+03	 9.73000E+02
 1.20000E+03	 9.71333E+02
 1.20421E+03	 9.74933E+02
 1.20843E+03	 9.77967E+02
 1.21264E+03	 9.77567E+02
 1.21685E+03	 9.82133E+02
 1.22106E+03	 9.84167E+02
 1.22527E+03	 9.84200E+02
 1.22947E+03	 9.87033E+02
 1.23367E+03	 9.90500E+02
 1.23787E+03	 9.94600E+02
 1.24207E+03	 9.91533E+02
 1.24627E+03	 9.95600E+02
 1.25046E+03	 1.00293E+03
 1.25465E+03	 1.00480E+03
 1.25884E+03	 1.00600E+03
 1.26303E+03	 1.00667E+03
 1.26721E+03	 1.01280E+03
 1.27140E+03	 1.01457E+03
 1.27558E+03	 1.01390E+03
 1.27975E+03	 1.00847E+03
 1.28393E+03	 1.01137E+03
 1.28811E+03	 1.00450E+03
 1.29228E+03	 1.00590E+03
 1.29645E+03	 1.00737E+03
 1.30062E+03	 1.00547E+03
 1.30478E+03	 9.97600E+02
 1.30895E+03	 1.00247E+03
 1.31311E+03	 9.97600E+02
 1.31727E+03	 9.99667E+02
 1.32142E+03	 1.00073E+03
 1.32558E+03	 1.00307E+03
 1.32973E+03	 1.00087E+03
 1.33388E+03	 1.00570E+03
 1.33803E+03	 1.00577E+03
 1.34218E+03	 1.00693E+03
 1.34632E+03	 1.00993E+03
 1.35047E+03	 1.01400E+03
 1.35461E+03	 1.02150E+03
 1.35875E+03	 1.03173E+03
 1.36288E+03	 1.04527E+03
 1.36702E+03	 1.05173E+03
 1.37115E+03	 1.05450E+03
 1.37528E+03	 1.04270E+03
 1.37941E+03	 1.03250E+03
 1.38353E+03	 1.01960E+03
 1.38766E+03	 1.01513E+03
 1.39178E+03	 1.00880E+03
 1.39590E+03	 1.01033E+03
 1.40001E+03	 1.00740E+03
 1.40413E+03	 1.00680E+03
 1.40824E+03	 1.00523E+03
 1.41235E+03	 1.00200E+03
 1.41646E+03	 1.00240E+03
 1.42057E+03	 1.00520E+03
 1.42468E+03	 1.00427E+03
 1.42878E+03	 1.00527E+03
 1.43288E+03	 1.00557E+03
 1.43698E+03	 1.00360E+03
 1.44107E+03	 1.00147E+03
 1.44517E+03	 9.97900E+02
 1.44926E+03	 9.98633E+02
 1.45335E+03	 9.98367E+02
 1.45744E+03	 1.00200E+03
 1.46153E+03	 1.00163E+03
 1.46561E+03	 1.00927E+03
 1.46969E+03	 1.02250E+03
 1.47377E+03	 1.03527E+03
 1.47785E+03	 1.05200E+03
 1.48193E+03	 1.06127E+03
 1.48600E+03	 1.06457E+03
 1.49007E+03	 1.05093E+03
 1.49414E+03	 1.03747E+03
 1.49821E+03	 1.02007E+03
 1.50228E+03	 9.99367E+02
 1.50634E+03	 9.89567E+02
 1.51040E+03	 9.77133E+02
 1.51446E+03	 9.73433E+02
 1.51852E+03	 9.72033E+02
 1.52258E+03	 9.71200E+02
 1.52663E+03	 9.67900E+02
 1.53068E+03	 9.70567E+02
 1.53473E+03	 9.65933E+02
 1.53878E+03	 9.65767E+02
 1.54282E+03	 9.67533E+02
 1.54687E+03	 9.65933E+02
 1.55091E+03	 9.66567E+02
 1.55495E+03	 9.67667E+02
 1.55899E+03	 9.65400E+02
 1.56302E+03	 9.65767E+02
 1.56705E+03	 9.66567E+02
 1.57109E+03	 9.66067E+02
 1.57512E+03	 9.66300E+02
 1.57914E+03	 9.67633E+02
 1.58317E+03	 9.65133E+02
 1.58719E+03	 9.67933E+02
 1.59121E+03	 9.67200E+02
 1.59523E+03	 9.66933E+02
 1.59925E+03	 9.65100E+02
 1.60326E+03	 9.66033E+02
 1.60728E+03	 9.63300E+02
 1.61129E+03	 9.65867E+02
 1.61530E+03	 9.66633E+02
 1.61930E+03	 9.65067E+02
 1.62331E+03	 9.65800E+02
 1.62731E+03	 9.65400E+02
 1.63131E+03	 9.65567E+02
 1.63531E+03	 9.62400E+02
 1.63931E+03	 9.64333E+02
 1.64330E+03	 9.65167E+02
 1.64730E+03	 9.65100E+02
 1.65129E+03	 9.63600E+02
 1.65528E+03	 9.64633E+02
 1.65926E+03	 9.64633E+02
 1.66325E+03	 9.64733E+02
 1.66723E+03	 9.64167E+02
 1.67121E+03	 9.62067E+02
 1.67519E+03	 9.63900E+02
 1.67917E+03	 9.63533E+02
 1.68314E+03	 9.65267E+02
 1.68712E+03	 9.62567E+02
 1.69109E+03	 9.61400E+02
 1.69506E+03	 9.61933E+02
 1.69903E+03	 9.62833E+02
 1.70299E+03	 9.61000E+02
 1.70695E+03	 9.62600E+02
 1.71092E+03	 9.59867E+02
 1.71487E+03	 9.61900E+02
 1.71883E+03	 9.60633E+02
 1.72279E+03	 9.60033E+02
 1.72674E+03	 9.59800E+02
 1.73069E+03	 9.61167E+02
 1.73464E+03	 9.61633E+02
 1.73859E+03	 9.61900E+02
 1.74253E+03	 9.61300E+02
 1.74648E+03	 9.57600E+02
 1.75042E+03	 9.57333E+02
 1.75436E+03	 9.59100E+02
 1.75830E+03	 9.60767E+02
 1.76223E+03	 9.59067E+02
 1.76617E+03	 9.57700E+02
 1.77010E+03	 9.60000E+02
 1.77403E+03	 9.59400E+02
 1.77796E+03	 9.60233E+02
 1.78188E+03	 9.57833E+02
 1.78581E+03	 9.59267E+02
 1.78973E+03	 9.58800E+02
 1.79365E+03	 9.57600E+02
 1.79757E+03	 9.58333E+02
 1.80148E+03	 9.58267E+02
 1.80540E+03	 9.59333E+02
 1.80931E+03	 9.58767E+02
 1.81322E+03	 9.57133E+02
 1.81713E+03	 9.56833E+02
 1.82104E+03	 9.58967E+02
 1.82494E+03	 9.57033E+02
 1.82884E+03	 9.56967E+02
 1.83274E+03	 9.56033E+02
 1.83664E+03	 9.56600E+02
 1.84054E+03	 9.58800E+02
 1.84443E+03	 9.56500E+02
 1.84833E+03	 9.58467E+02
 1.85222E+03	 9.58900E+02
 1.85611E+03	 9.55633E+02
 1.85999E+03	 9.56500E+02
 1.86388E+03	 9.58033E+02
 1.86776E+03	 9.58400E+02
 1.87164E+03	 9.55233E+02
 1.87552E+03	 9.57000E+02
 1.87940E+03	 9.57400E+02
 1.88328E+03	 9.54800E+02
 1.88715E+03	 9.55233E+02
 1.89102E+03	 9.59133E+02
 1.89489E+03	 9.56267E+02
 1.89876E+03	 9.56600E+02
 1.90263E+03	 9.54500E+02
 1.90649E+03	 9.54300E+02
 1.91035E+03	 9.57167E+02
 1.91421E+03	 9.56267E+02
 1.91807E+03	 9.55900E+02
 1.92193E+03	 9.58367E+02
 1.92578E+03	 9.58233E+02
 1.92964E+03	 9.55233E+02
 1.93349E+03	 9.57633E+02
 1.93734E+03	 9.58633E+02
 1.94118E+03	 9.56033E+02
 1.94503E+03	 9.57333E+02
 1.94887E+03	 9.57800E+02
 1.95271E+03	 9.55333E+02
 1.95655E+03	 9.57467E+02
 1.96039E+03	 9.54200E+02
 1.96423E+03	 9.56867E+02
 1.96806E+03	 9.56600E+02
 1.97189E+03	 9.57367E+02
 1.97572E+03	 9.56600E+02
 1.97955E+03	 9.56667E+02
 1.98338E+03	 9.56467E+02
 1.98720E+03	 9.54600E+02
 1.99103E+03	 9.55867E+02
 1.99485E+03	 9.55267E+02
 1.99866E+03	 9.52933E+02
 2.00248E+03	 9.55433E+02
 2.00630E+03	 9.55733E+02
 2.01011E+03	 9.55200E+02
 2.01392E+03	 9.54933E+02
 2.01773E+03	 9.55500E+02
 2.02154E+03	 9.55100E+02
 2.02534E+03	 9.57833E+02
 2.02915E+03	 9.55733E+02
 2.03295E+03	 9.56600E+02
 2.03675E+03	 9.55333E+02
 2.04055E+03	 9.55900E+02
 2.04435E+03	 9.56967E+02
 2.04814E+03	 9.57200E+02
 2.05193E+03	 9.55600E+02
 2.05572E+03	 9.56700E+02
 2.05951E+03	 9.56433E+02
 2.06330E+03	 9.55067E+02
 2.06708E+03	 9.55000E+02
 2.07087E+03	 9.53400E+02
 2.07465E+03	 9.55600E+02
 2.07843E+03	 9.58100E+02
 2.08221E+03	 9.55400E+02
 2.08598E+03	 9.57367E+02
 2.08976E+03	 9.52933E+02
 2.09353E+03	 9.55200E+02
 2.09730E+03	 9.56833E+02
 2.10107E+03	 9.55300E+02
 2.10484E+03	 9.57733E+02
 2.10860E+03	 9.55200E+02
 2.11236E+03	 9.54300E+02
 2.11613E+03	 9.54567E+02
 2.11989E+03	 9.54733E+02
 2.12364E+03	 9.53467E+02
 2.12740E+03	 9.56467E+02
 2.13115E+03	 9.56633E+02
 2.13490E+03	 9.56967E+02
 2.13866E+03	 9.56700E+02
 2.14240E+03	 9.55067E+02
 2.14615E+03	 9.55200E+02
 2.14990E+03	 9.57300E+02
 2.15364E+03	 9.56133E+02
 2.15738E+03	 9.56433E+02
 2.16112E+03	 9.55800E+02
 2.16486E+03	 9.53467E+02
 2.16859E+03	 9.55600E+02
 2.17233E+03	 9.56167E+02
 2.17606E+03	 9.55300E+02
 2.17979E+03	 9.56300E+02
 2.18352E+03	 9.54033E+02
 2.18724E+03	 9.55300E+02
 2.19097E+03	 9.56133E+02
 2.19469E+03	 9.52500E+02
 2.19841E+03	 9.54833E+02
 2.20213E+03	 9.57000E+02
 2.20585E+03	 9.53833E+02
 2.20956E+03	 9.52467E+02
 2.21328E+03	 9.55833E+02
 2.21699E+03	 9.53967E+02
 2.22070E+03	 9.53933E+02
 2.22441E+03	 9.53367E+02
 2.22812E+03	 9.52400E+02
 2.23182E+03	 9.54367E+02
 2.23552E+03	 9.53567E+02
 2.23923E+03	 9.54000E+02
 2.24293E+03	 9.57867E+02
 2.24662E+03	 9.54200E+02
 2.25032E+03	 9.55467E+02
 2.25401E+03	 9.52200E+02
 2.25771E+03	 9.53933E+02
 2.26140E+03	 9.56033E+02
 2.26509E+03	 9.55133E+02
 2.26877E+03	 9.55367E+02
 2.27246E+03	 9.53967E+02
 2.27614E+03	 9.54733E+02
 2.27982E+03	 9.51300E+02
 2.28350E+03	 9.51800E+02
 2.28718E+03	 9.54100E+02
 2.29086E+03	 9.51500E+02
 2.29453E+03	 9.53967E+02
 2.29820E+03	 9.53200E+02
 2.30188E+03	 9.55067E+02
 2.30555E+03	 9.50233E+02
 2.30921E+03	 9.53400E+02
 2.31288E+03	 9.57900E+02
 2.31654E+03	 9.55900E+02
 2.32020E+03	 9.52867E+02
 2.32386E+03	 9.51867E+02
 2.32752E+03	 9.52300E+02
 2.33118E+03	 9.51933E+02
 2.33484E+03	 9.51833E+02
 2.33849E+03	 9.53967E+02
 2.34214E+03	 9.55600E+02
 2.34579E+03	 9.55233E+02
 2.34944E+03	 9.53833E+02
 2.35308E+03	 9.54467E+02
 2.35673E+03	 9.54133E+02
 2.36037E+03	 9.53067E+02
 2.36401E+03	 9.52733E+02
 2.36765E+03	 9.52567E+02
 2.37129E+03	 9.51767E+02
 2.37492E+03	 9.53733E+02
 2.37856E+03	 9.55067E+02
 2.38219E+03	 9.54200E+02
 2.38582E+03	 9.55233E+02
 2.38945E+03	 9.53433E+02
 2.39308E+03	 9.53867E+02
 2.39670E+03	 9.53400E+02
 2.40033E+03	 9.56633E+02
 2.40395E+03	 9.54333E+02
 2.40757E+03	 9.51400E+02
 2.41119E+03	 9.50367E+02
 2.41480E+03	 9.52400E+02
 2.41842E+03	 9.55000E+02
 2.42203E+03	 9.51933E+02
 2.42564E+03	 9.51433E+02
 2.42925E+03	 9.52967E+02
 2.43286E+03	 9.53167E+02
 2.43647E+03	 9.54300E+02
 2.44007E+03	 9.53767E+02
 2.44367E+03	 9.53100E+02
 2.44727E+03	 9.54200E+02
 2.45087E+03	 9.54500E+02
 2.45447E+03	 9.52367E+02
 2.45807E+03	 9.54133E+02
 2.46166E+03	 9.53900E+02
 2.46525E+03	 9.51067E+02
 2.46884E+03	 9.54233E+02
 2.47243E+03	 9.53067E+02
 2.47602E+03	 9.53100E+02
 2.47960E+03	 9.52767E+02
 2.48319E+03	 9.53967E+02
 2.48677E+03	 9.53600E+02
 2.49035E+03	 9.52267E+02
 2.49393E+03	 9.52500E+02
 2.49751E+03	 9.51733E+02
 2.50108E+03	 9.56633E+02
 2.50465E+03	 9.53967E+02
 2.50823E+03	 9.54633E+02
 2.51180E+03	 9.53133E+02
 2.51536E+03	 9.53833E+02
 2.51893E+03	 9.52900E+02
 2.52250E+03	 9.54400E+02
 2.52606E+03	 9.55900E+02
 2.52962E+03	 9.54733E+02
 2.53318E+03	 9.55233E+02
 2.53674E+03	 9.53067E+02
 2.54029E+03	 9.54100E+02
 2.54385E+03	 9.53600E+02
 2.54740E+03	 9.55900E+02
 2.55095E+03	 9.55667E+02
 2.55450E+03	 9.56633E+02
 2.55805E+03	 9.55633E+02
 2.56160E+03	 9.55400E+02
 2.56514E+03	 9.53633E+02
 2.56868E+03	 9.55033E+02
 2.57222E+03	 9.54100E+02
 2.57576E+03	 9.58133E+02
 2.57930E+03	 9.53900E+02
 2.58284E+03	 9.56567E+02
 2.58637E+03	 9.53533E+02
 2.58991E+03	 9.58000E+02
 2.59344E+03	 9.53467E+02
 2.59697E+03	 9.54067E+02
 2.60049E+03	 9.55733E+02
 2.60402E+03	 9.55433E+02
 2.60754E+03	 9.54667E+02
 2.61107E+03	 9.54800E+02
 2.61459E+03	 9.52533E+02
 2.61811E+03	 9.55867E+02
 2.62162E+03	 9.57200E+02
 2.62514E+03	 9.54300E+02
 2.62865E+03	 9.56067E+02
 2.63217E+03	 9.53867E+02
 2.63568E+03	 9.56433E+02
 2.63919E+03	 9.55700E+02
 2.64269E+03	 9.53567E+02
 2.64620E+03	 9.55367E+02
 2.64970E+03	 9.56633E+02
 2.65321E+03	 9.59100E+02
 2.65671E+03	 9.57667E+02
 2.66021E+03	 9.57300E+02
 2.66370E+03	 9.56233E+02
 2.66720E+03	 9.58700E+02
 2.67069E+03	 9.59400E+02
 2.67419E+03	 9.57133E+02
 2.67768E+03	 9.58433E+02
 2.68117E+03	 9.60733E+02
 2.68466E+03	 9.63133E+02
 2.68814E+03	 9.58133E+02
 2.69163E+03	 9.61833E+02
 2.69511E+03	 9.62333E+02
 2.69859E+03	 9.62400E+02
 2.70207E+03	 9.64633E+02
 2.70555E+03	 9.65933E+02
 2.70902E+03	 9.66133E+02
 2.71250E+03	 9.66200E+02
 2.71597E+03	 9.70267E+02
 2.71944E+03	 9.73167E+02
 2.72291E+03	 9.71500E+02
 2.72638E+03	 9.74400E+02
 2.72984E+03	 9.72933E+02
 2.73331E+03	 9.78333E+02
 2.73677E+03	 9.81867E+02
 2.74023E+03	 9.83300E+02
 2.74369E+03	 9.83167E+02
 2.74715E+03	 9.78500E+02
 2.75061E+03	 9.84600E+02
 2.75406E+03	 9.85600E+02
 2.75752E+03	 9.84067E+02
 2.76097E+03	 9.85067E+02
 2.76442E+03	 9.83100E+02
 2.76786E+03	 9.85167E+02
 2.77131E+03	 9.80600E+02
 2.77476E+03	 9.85267E+02
 2.77820E+03	 9.83767E+02
 2.78164E+03	 9.82000E+02
 2.78508E+03	 9.79133E+02
 2.78852E+03	 9.79600E+02
 2.79196E+03	 9.81667E+02
 2.79539E+03	 9.85067E+02
 2.79883E+03	 9.83100E+02
 2.80226E+03	 9.86233E+02
 2.80569E+03	 9.88133E+02
 2.80912E+03	 9.89800E+02
 2.81254E+03	 9.90933E+02
 2.81597E+03	 9.95367E+02
 2.81939E+03	 9.96467E+02
 2.82282E+03	 1.00217E+03
 2.82624E+03	 1.00383E+03
 2.82966E+03	 1.00457E+03
 2.83307E+03	 1.00637E+03
 2.83649E+03	 1.01267E+03
 2.83990E+03	 1.01437E+03
 2.84332E+03	 1.01307E+03
 2.84673E+03	 1.02790E+03
 2.85014E+03	 1.03283E+03
 2.85354E+03	 1.04163E+03
 2.85695E+03	 1.04540E+03
 2.86036E+03	 1.05470E+03
 2.86376E+03	 1.05757E+03
 2.86716E+03	 1.06900E+03
 2.87056E+03	 1.07403E+03
 2.87396E+03	 1.09167E+03
 2.87736E+03	 1.10533E+03
 2.88075E+03	 1.12320E+03
 2.88414E+03	 1.14453E+03
 2.88754E+03	 1.16097E+03
 2.89093E+03	 1.18660E+03
 2.89431E+03	 1.20517E+03
 2.89770E+03	 1.20537E+03
 2.90109E+03	 1.23257E+03
 2.90447E+03	 1.21883E+03
 2.90785E+03	 1.21627E+03
 2.91123E+03	 1.20153E+03
 2.91461E+03	 1.20357E+03
 2.91799E+03	 1.19687E+03
 2.92137E+03	 1.20427E+03
 2.92474E+03	 1.18800E+03
 2.92811E+03	 1.17890E+03
 2.93149E+03	 1.18733E+03
 2.93486E+03	 1.19767E+03
 2.93822E+03	 1.21050E+03
 2.94159E+03	 1.23160E+03
 2.94496E+03	 1.22603E+03
 2.94832E+03	 1.23050E+03
 2.95168E+03	 1.23027E+03
 2.95504E+03	 1.23370E+03
 2.95840E+03	 1.22463E+03
 2.96176E+03	 1.21597E+03
 2.96511E+03	 1.20343E+03
 2.96847E+03	 1.19357E+03
 2.97182E+03	 1.17317E+03
 2.97517E+03	 1.17207E+03
 2.97852E+03	 1.15613E+03
 2.98187E+03	 1.13213E+03
 2.98521E+03	 1.12053E+03
 2.98856E+03	 1.09637E+03
 2.99190E+03	 1.08017E+03
 2.99524E+03	 1.05937E+03
 2.99858E+03	 1.04370E+03
 3.00192E+03	 1.02770E+03
 3.00526E+03	 1.01293E+03
 3.00859E+03	 1.00290E+03
 3.01193E+03	 9.94467E+02
 3.01526E+03	 9.88267E+02
 3.01859E+03	 9.82067E+02
 3.02192E+03	 9.79433E+02
 3.02525E+03	 9.76933E+02
 3.02857E+03	 9.72500E+02
 3.03190E+03	 9.71667E+02
 3.03522E+03	 9.69133E+02
 3.03854E+03	 9.67400E+02
 3.04186E+03	 9.64167E+02
 3.04518E+03	 9.65233E+02
 3.04850E+03	 9.62067E+02
 3.05181E+03	 9.60733E+02
 3.05512E+03	 9.61933E+02
 3.05844E+03	 9.61333E+02
 3.06175E+03	 9.62200E+02
 3.06506E+03	 9.59367E+02
 3.06836E+03	 9.58533E+02
 3.07167E+03	 9.59467E+02
 3.07497E+03	 9.60600E+02
 3.07828E+03	 9.61800E+02
 3.08158E+03	 9.56467E+02
 3.08488E+03	 9.58533E+02
 3.08818E+03	 9.55767E+02
 3.09147E+03	 9.60200E+02
 3.09477E+03	 9.60500E+02
 3.09806E+03	 9.59700E+02
 3.10135E+03	 9.60233E+02
 3.10464E+03	 9.59500E+02
 3.10793E+03	 9.59767E+02
 3.11122E+03	 9.59567E+02
 3.11451E+03	 9.62900E+02
 3.11779E+03	 9.60667E+02
 3.12107E+03	 9.59800E+02
 3.12436E+03	 9.58800E+02
 3.12764E+03	 9.62367E+02
 3.13091E+03	 9.63000E+02
 3.13419E+03	 9.65133E+02
 3.13747E+03	 9.66500E+02
 3.14074E+03	 9.64900E+02
 3.14401E+03	 9.64600E+02
 3.14728E+03	 9.66933E+02
 3.15055E+03	 9.64167E+02
 3.15382E+03	 9.66300E+02
 3.15709E+03	 9.66100E+02
 3.16035E+03	 9.68667E+02
 3.16362E+03	 9.68700E+02
 3.16688E+03	 9.69667E+02
 3.17014E+03	 9.71267E+02
 3.17340E+03	 9.67467E+02
 3.17665E+03	 9.72367E+02
 3.17991E+03	 9.71567E+02
 3.18316E+03	 9.70000E+02
 3.18642E+03	 9.70200E+02
 3.18967E+03	 9.72600E+02
 3.19292E+03	 9.73900E+02
 3.19617E+03	 9.72533E+02
 3.19941E+03	 9.72967E+02
 3.20266E+03	 9.75100E+02
 3.20590E+03	 9.77967E+02
 3.20914E+03	 9.77433E+02
 3.21238E+03	 9.74900E+02
 3.21562E+03	 9.79300E+02
 3.21886E+03	 9.79100E+02
 3.22210E+03	 9.80033E+02
 3.22533E+03	 9.83867E+02
 3.22857E+03	 9.86900E+02
 3.23180E+03	 9.84067E+02
 3.23503E+03	 9.79933E+02
 3.23826E+03	 9.79100E+02
 3.24148E+03	 9.84100E+02
 3.24471E+03	 9.83367E+02
 3.24793E+03	 9.83133E+02
 3.25116E+03	 9.84900E+02
 3.25438E+03	 9.82667E+02
 3.25760E+03	 9.86200E+02
 3.26082E+03	 9.83700E+02
 3.26403E+03	 9.84133E+02
 3.26725E+03	 9.84633E+02
 3.27046E+03	 9.88367E+02
 3.27368E+03	 9.87900E+02
 3.27689E+03	 9.84533E+02
 3.28010E+03	 9.87233E+02
 3.28331E+03	 9.88567E+02
 3.28651E+03	 9.89933E+02
 3.28972E+03	 9.87633E+02
 3.29292E+03	 9.85367E+02
 3.29612E+03	 9.84367E+02
 3.29932E+03	 9.84033E+02
 3.30252E+03	 9.84500E+02
 3.30572E+03	 9.90133E+02
 3.30892E+03	 9.86200E+02
 3.31211E+03	 9.87800E+02
 3.31531E+03	 9.88900E+02
 3.31850E+03	 9.89533E+02
 3.32169E+03	 9.84867E+02
 3.32488E+03	 9.84467E+02
 3.32807E+03	 9.86100E+02
 3.33125E+03	 9.88367E+02
 3.33444E+03	 9.89033E+02
 3.33762E+03	 9.89533E+02
 3.34080E+03	 9.87100E+02
 3.34398E+03	 9.86600E+02
 3.34716E+03	 9.88767E+02
 3.35034E+03	 9.89867E+02
 3.35351E+03	 9.87933E+02
 3.35669E+03	 9.85900E+02
 3.35986E+03	 9.88800E+02
 3.36303E+03	 9.92933E+02
 3.36620E+03	 9.90000E+02
 3.36937E+03	 9.84533E+02
 3.37254E+03	 9.87867E+02
 3.37570E+03	 9.89167E+02
 3.37887E+03	 9.88800E+02
 3.38203E+03	 9.88767E+02
 3.38519E+03	 9.89167E+02
 3.38835E+03	 9.89067E+02
 3.39151E+03	 9.88767E+02
 3.39467E+03	 9.87033E+02
 3.39782E+03	 9.85300E+02
 3.40098E+03	 9.86233E+02
 3.40413E+03	 9.87167E+02
 3.40728E+03	 9.88533E+02
 3.41043E+03	 9.86000E+02
 3.41358E+03	 9.83800E+02
 3.41673E+03	 9.86733E+02
 3.41987E+03	 9.87233E+02
 3.42302E+03	 9.86167E+02
 3.42616E+03	 9.84033E+02
 3.42930E+03	 9.84667E+02
 3.43244E+03	 9.84733E+02
 3.43558E+03	 9.85000E+02
 3.43872E+03	 9.81233E+02
 3.44185E+03	 9.80900E+02
 3.44499E+03	 9.79033E+02
 3.44812E+03	 9.81500E+02
 3.45125E+03	 9.78167E+02
 3.45438E+03	 9.76500E+02
 3.45751E+03	 9.80133E+02
 3.46064E+03	 9.84300E+02
 3.46376E+03	 9.80267E+02
 3.46689E+03	 9.76600E+02
 3.47001E+03	 9.76500E+02
 3.47313E+03	 9.72433E+02
 3.47625E+03	 9.72600E+02
 3.47937E+03	 9.75100E+02
 3.48249E+03	 9.68333E+02
 3.48560E+03	 9.73167E+02
 3.48872E+03	 9.74300E+02
 3.49183E+03	 9.69300E+02
 3.49494E+03	 9.65467E+02
 3.49805E+03	 9.64733E+02
 3.50116E+03	 9.69233E+02
 3.50427E+03	 9.69800E+02
 3.50737E+03	 9.61133E+02
 3.51048E+03	 9.60567E+02
 3.51358E+03	 9.60333E+02
 3.51668E+03	 9.60967E+02
 3.51978E+03	 9.62233E+02
 3.52288E+03	 9.58233E+02
 3.52598E+03	 9.55833E+02
 3.52907E+03	 9.56400E+02
 3.53217E+03	 9.56667E+02
 3.53526E+03	 9.55833E+02
 3.53835E+03	 9.53300E+02
 3.54144E+03	 9.53267E+02
 3.54453E+03	 9.52500E+02
 3.54762E+03	 9.52000E+02
 3.55071E+03	 9.54200E+02
 3.55379E+03	 9.50700E+02
 3.55687E+03	 9.49333E+02
 3.55996E+03	 9.47733E+02
 3.56304E+03	 9.47300E+02
 3.56612E+03	 9.45967E+02
 3.56919E+03	 9.43600E+02
 3.57227E+03	 9.44200E+02
 3.57535E+03	 9.43400E+02
 3.57842E+03	 9.46633E+02
 3.58149E+03	 9.42800E+02
 3.58456E+03	 9.39733E+02
 3.58763E+03	 9.39133E+02
 3.59070E+03	 9.39767E+02
 3.59377E+03	 9.38300E+02
 3.59683E+03	 9.38233E+02
 3.59990E+03	 9.38133E+02
 3.60296E+03	 9.36533E+02
 3.60602E+03	 9.38933E+02
 3.60908E+03	 9.36833E+02
 3.61214E+03	 9.33633E+02
 3.61519E+03	 9.37800E+02
 3.61825E+03	 9.35500E+02
 3.62130E+03	 9.33267E+02
 3.62436E+03	 9.31667E+02
 3.62741E+03	 9.30900E+02
 3.63046E+03	 9.31567E+02
 3.63351E+03	 9.28600E+02
 3.63656E+03	 9.29167E+02
 3.63960E+03	 9.30067E+02
 3.64265E+03	 9.28567E+02
 3.64569E+03	 9.29367E+02
 3.64873E+03	 9.28400E+02
 3.65177E+03	 9.28867E+02
 3.65481E+03	 9.27633E+02
 3.65785E+03	 9.26933E+02
 3.66089E+03	 9.27033E+02
 3.66392E+03	 9.26733E+02
 3.66695E+03	 9.25700E+02
 3.66999E+03	 9.24867E+02
 3.67302E+03	 9.23100E+02
 3.67605E+03	 9.26200E+02
 3.67908E+03	 9.27300E+02
 3.68210E+03	 9.25200E+02
 3.68513E+03	 9.23100E+02
 3.68815E+03	 9.25933E+02
 3.69117E+03	 9.24900E+02
 3.69420E+03	 9.22733E+02
 3.69722E+03	 9.23300E+02
 3.70023E+03	 9.23600E+02
 3.70325E+03	 9.24000E+02
 3.70627E+03	 9.21400E+02
 3.70928E+03	 9.23200E+02
 3.71230E+03	 9.22367E+02
 3.71531E+03	 9.22033E+02
 3.71832E+03	 9.21700E+02
 3.72133E+03	 9.20200E+02
 3.72434E+03	 9.21200E+02
 3.72734E+03	 9.21767E+02
 3.73035E+03	 9.19167E+02
 3.73335E+03	 9.20367E+02
 3.73635E+03	 9.19600E+02
 3.73936E+03	 9.18200E+02
 3.74236E+03	 9.18367E+02
 3.74535E+03	 9.20167E+02
 3.74835E+03	 9.19467E+02
 3.75135E+03	 9.18000E+02
 3.75434E+03	 9.19933E+02
 3.75733E+03	 9.20367E+02
 3.76033E+03	 9.17433E+02
 3.76332E+03	 9.18600E+02
 3.76631E+03	 9.17267E+02
 3.76929E+03	 9.18533E+02
 3.77228E+03	 9.18000E+02
 3.77527E+03	 9.18033E+02
 3.77825E+03	 9.18200E+02
 3.78123E+03	 9.17133E+02
 3.78421E+03	 9.16700E+02
 3.78719E+03	 9.16367E+02
