-1.40382E+02	 9.06200E+02
-1.35457E+02	 9.07567E+02
-1.30535E+02	 9.07800E+02
-1.25616E+02	 9.06833E+02
-1.20700E+02	 9.08000E+02
-1.15786E+02	 9.07967E+02
-1.10875E+02	 9.07967E+02
-1.05967E+02	 9.08333E+02
-1.01061E+02	 9.07000E+02
-9.61580E+01	 9.09567E+02
-9.12576E+01	 9.08300E+02
-8.63599E+01	 9.07967E+02
-8.14648E+01	 9.08900E+02
-7.65724E+01	 9.08333E+02
-7.16827E+01	 9.08000E+02
-6.67956E+01	 9.09767E+02
-6.19111E+01	 9.08267E+02
-5.70293E+01	 9.08267E+02
-5.21502E+01	 9.10467E+02
-4.72737E+01	 9.09033E+02
-4.23998E+01	 9.08933E+02
-3.75286E+01	 9.10133E+02
-3.26600E+01	 9.10967E+02
-2.77941E+01	 9.12900E+02
-2.29308E+01	 9.12200E+02
-1.80701E+01	 9.14667E+02
-1.32121E+01	 9.16833E+02
-8.35667E+00	 9.19500E+02
-3.50389E+00	 9.26867E+02
 1.34626E+00	 9.60067E+02
 6.19379E+00	 1.36347E+03
 1.10387E+01	 4.63557E+03
 1.58810E+01	 7.99840E+03
 2.07207E+01	 3.77830E+03
 2.55577E+01	 1.15840E+03
 3.03922E+01	 9.36167E+02
 3.52240E+01	 9.20667E+02
 4.00532E+01	 9.16333E+02
 4.48798E+01	 9.13600E+02
 4.97038E+01	 9.12233E+02
 5.45252E+01	 9.12700E+02
 5.93440E+01	 9.12867E+02
 6.41602E+01	 9.13267E+02
 6.89738E+01	 9.16133E+02
 7.37848E+01	 9.28233E+02
 7.85932E+01	 9.65967E+02
 8.33991E+01	 1.09130E+03
 8.82023E+01	 1.32407E+03
 9.30029E+01	 1.56037E+03
 9.78010E+01	 1.71527E+03
 1.02596E+02	 1.74663E+03
 1.07389E+02	 1.79273E+03
 1.12180E+02	 1.73690E+03
 1.16967E+02	 1.71623E+03
 1.21753E+02	 1.65337E+03
 1.26535E+02	 1.61653E+03
 1.31315E+02	 1.59783E+03
 1.36093E+02	 1.57077E+03
 1.40867E+02	 1.55057E+03
 1.45640E+02	 1.53363E+03
 1.50409E+02	 1.51553E+03
 1.55177E+02	 1.50317E+03
 1.59941E+02	 1.47217E+03
 1.64703E+02	 1.44453E+03
 1.69463E+02	 1.43650E+03
 1.74220E+02	 1.40813E+03
 1.78974E+02	 1.39257E+03
 1.83726E+02	 1.37357E+03
 1.88475E+02	 1.35090E+03
 1.93222E+02	 1.33090E+03
 1.97966E+02	 1.31943E+03
 2.02708E+02	 1.31653E+03
 2.07447E+02	 1.31043E+03
 2.12184E+02	 1.30013E+03
 2.16918E+02	 1.28967E+03
 2.21649E+02	 1.26660E+03
 2.26378E+02	 1.26987E+03
 2.31105E+02	 1.24157E+03
 2.35829E+02	 1.23853E+03
 2.40550E+02	 1.23740E+03
 2.45269E+02	 1.22710E+03
 2.49985E+02	 1.21603E+03
 2.54699E+02	 1.22163E+03
 2.59410E+02	 1.20673E+03
 2.64119E+02	 1.20360E+03
 2.68825E+02	 1.19957E+03
 2.73529E+02	 1.20023E+03
 2.78230E+02	 1.20187E+03
 2.82929E+02	 1.19443E+03
 2.87625E+02	 1.18210E+03
 2.92319E+02	 1.18097E+03
 2.97010E+02	 1.17257E+03
 3.01699E+02	 1.16793E+03
 3.06385E+02	 1.16517E+03
 3.11069E+02	 1.16953E+03
 3.15750E+02	 1.15543E+03
 3.20428E+02	 1.15690E+03
 3.25105E+02	 1.14857E+03
 3.29778E+02	 1.15530E+03
 3.34450E+02	 1.16090E+03
 3.39118E+02	 1.16177E+03
 3.43785E+02	 1.16360E+03
 3.48448E+02	 1.16197E+03
 3.53110E+02	 1.15487E+03
 3.57768E+02	 1.14770E+03
 3.62425E+02	 1.14447E+03
 3.67079E+02	 1.13757E+03
 3.71730E+02	 1.13260E+03
 3.76379E+02	 1.12390E+03
 3.81025E+02	 1.11900E+03
 3.85669E+02	 1.13627E+03
 3.90311E+02	 1.14780E+03
 3.94950E+02	 1.16037E+03
 3.99586E+02	 1.16747E+03
 4.04220E+02	 1.16813E+03
 4.08852E+02	 1.17297E+03
 4.13481E+02	 1.18653E+03
 4.18108E+02	 1.20660E+03
 4.22732E+02	 1.26073E+03
 4.27354E+02	 1.30237E+03
 4.31973E+02	 1.34850E+03
 4.36590E+02	 1.33783E+03
 4.41205E+02	 1.30677E+03
 4.45817E+02	 1.27093E+03
 4.50426E+02	 1.24113E+03
 4.55034E+02	 1.21310E+03
 4.59638E+02	 1.18550E+03
 4.64241E+02	 1.17237E+03
 4.68840E+02	 1.16910E+03
 4.73438E+02	 1.17583E+03
 4.78033E+02	 1.19060E+03
 4.82625E+02	 1.22450E+03
 4.87215E+02	 1.29273E+03
 4.91803E+02	 1.38503E+03
 4.96388E+02	 1.46093E+03
 5.00971E+02	 1.52937E+03
 5.05552E+02	 1.54177E+03
 5.10129E+02	 1.49540E+03
 5.14705E+02	 1.41143E+03
 5.19278E+02	 1.31793E+03
 5.23849E+02	 1.24007E+03
 5.28417E+02	 1.19807E+03
 5.32983E+02	 1.16953E+03
 5.37547E+02	 1.15340E+03
 5.42108E+02	 1.13903E+03
 5.46666E+02	 1.13803E+03
 5.51223E+02	 1.14073E+03
 5.55777E+02	 1.16280E+03
 5.60328E+02	 1.17430E+03
 5.64877E+02	 1.18247E+03
 5.69424E+02	 1.18340E+03
 5.73968E+02	 1.16097E+03
 5.78510E+02	 1.15573E+03
 5.83049E+02	 1.15567E+03
 5.87587E+02	 1.13187E+03
 5.92121E+02	 1.12673E+03
 5.96654E+02	 1.12193E+03
 6.01184E+02	 1.10770E+03
 6.05711E+02	 1.10110E+03
 6.10236E+02	 1.09883E+03
 6.14759E+02	 1.10107E+03
 6.19280E+02	 1.10067E+03
 6.23798E+02	 1.10180E+03
 6.28313E+02	 1.09487E+03
 6.32827E+02	 1.10253E+03
 6.37338E+02	 1.10390E+03
 6.41846E+02	 1.10237E+03
 6.46352E+02	 1.10420E+03
 6.50856E+02	 1.10780E+03
 6.55358E+02	 1.11503E+03
 6.59857E+02	 1.12090E+03
 6.64354E+02	 1.13643E+03
 6.68848E+02	 1.15107E+03
 6.73340E+02	 1.15863E+03
 6.77830E+02	 1.17757E+03
 6.82317E+02	 1.20533E+03
 6.86802E+02	 1.23427E+03
 6.91285E+02	 1.25003E+03
 6.95765E+02	 1.25193E+03
 7.00243E+02	 1.22260E+03
 7.04718E+02	 1.17873E+03
 7.09192E+02	 1.14473E+03
 7.13663E+02	 1.12643E+03
 7.18131E+02	 1.11267E+03
 7.22597E+02	 1.09923E+03
 7.27061E+02	 1.09483E+03
 7.31523E+02	 1.08883E+03
 7.35982E+02	 1.08423E+03
 7.40439E+02	 1.08627E+03
 7.44894E+02	 1.07950E+03
 7.49346E+02	 1.08397E+03
 7.53796E+02	 1.07753E+03
 7.58243E+02	 1.07680E+03
 7.62689E+02	 1.07610E+03
 7.67132E+02	 1.07643E+03
 7.71572E+02	 1.07950E+03
 7.76011E+02	 1.07907E+03
 7.80447E+02	 1.08233E+03
 7.84880E+02	 1.08343E+03
 7.89312E+02	 1.08997E+03
 7.93741E+02	 1.09353E+03
 7.98167E+02	 1.11140E+03
 8.02592E+02	 1.12567E+03
 8.07014E+02	 1.13613E+03
 8.11434E+02	 1.13050E+03
 8.15851E+02	 1.14267E+03
 8.20267E+02	 1.16377E+03
 8.24680E+02	 1.21263E+03
 8.29090E+02	 1.31120E+03
 8.33499E+02	 1.42070E+03
 8.37905E+02	 1.52297E+03
 8.42309E+02	 1.52537E+03
 8.46710E+02	 1.46347E+03
 8.51109E+02	 1.44773E+03
 8.55506E+02	 1.53353E+03
 8.59901E+02	 1.68513E+03
 8.64293E+02	 1.81503E+03
 8.68683E+02	 1.87553E+03
 8.73071E+02	 1.84067E+03
 8.77456E+02	 1.76520E+03
 8.81840E+02	 1.66707E+03
 8.86221E+02	 1.55847E+03
 8.90599E+02	 1.44247E+03
 8.94976E+02	 1.32150E+03
 8.99350E+02	 1.23337E+03
 9.03722E+02	 1.18050E+03
 9.08091E+02	 1.15460E+03
 9.12459E+02	 1.17003E+03
 9.16824E+02	 1.21387E+03
 9.21187E+02	 1.28120E+03
 9.25547E+02	 1.33900E+03
 9.29905E+02	 1.38067E+03
 9.34261E+02	 1.43510E+03
 9.38615E+02	 1.49237E+03
 9.42967E+02	 1.53910E+03
 9.47316E+02	 1.48930E+03
 9.51663E+02	 1.38920E+03
 9.56008E+02	 1.28233E+03
 9.60350E+02	 1.19597E+03
 9.64691E+02	 1.13703E+03
 9.69029E+02	 1.11737E+03
 9.73364E+02	 1.11833E+03
 9.77698E+02	 1.12560E+03
 9.82029E+02	 1.15183E+03
 9.86358E+02	 1.19800E+03
 9.90685E+02	 1.25140E+03
 9.95010E+02	 1.27830E+03
 9.99332E+02	 1.26240E+03
 1.00365E+03	 1.20617E+03
 1.00797E+03	 1.16363E+03
 1.01229E+03	 1.14583E+03
 1.01660E+03	 1.13730E+03
 1.02091E+03	 1.12997E+03
 1.02522E+03	 1.14563E+03
 1.02953E+03	 1.15960E+03
 1.03383E+03	 1.18400E+03
 1.03813E+03	 1.24843E+03
 1.04243E+03	 1.31307E+03
 1.04673E+03	 1.40007E+03
 1.05103E+03	 1.51347E+03
 1.05532E+03	 1.64947E+03
 1.05961E+03	 1.77357E+03
 1.06390E+03	 1.86477E+03
 1.06819E+03	 1.92907E+03
 1.07247E+03	 1.95017E+03
 1.07676E+03	 1.94220E+03
 1.08104E+03	 1.90973E+03
 1.08531E+03	 1.88833E+03
 1.08959E+03	 1.82813E+03
 1.09386E+03	 1.74050E+03
 1.09813E+03	 1.73967E+03
 1.10240E+03	 1.71020E+03
 1.10667E+03	 1.68947E+03
 1.11094E+03	 1.70033E+03
 1.11520E+03	 1.68600E+03
 1.11946E+03	 1.65387E+03
 1.12372E+03	 1.65073E+03
 1.12797E+03	 1.66303E+03
 1.13223E+03	 1.66690E+03
 1.13648E+03	 1.60500E+03
 1.14073E+03	 1.50170E+03
 1.14498E+03	 1.36797E+03
 1.14922E+03	 1.26917E+03
 1.15347E+03	 1.19230E+03
 1.15771E+03	 1.15620E+03
 1.16194E+03	 1.12970E+03
 1.16618E+03	 1.11077E+03
 1.17042E+03	 1.10323E+03
 1.17465E+03	 1.10090E+03
 1.17888E+03	 1.09980E+03
 1.18311E+03	 1.09957E+03
 1.18733E+03	 1.09577E+03
 1.19156E+03	 1.10363E+03
 1.19578E+03	 1.11927E+03
 1.20000E+03	 1.12733E+03
 1.20421E+03	 1.14123E+03
 1.20843E+03	 1.16893E+03
 1.21264E+03	 1.19290E+03
 1.21685E+03	 1.21850E+03
 1.22106E+03	 1.24173E+03
 1.22527E+03	 1.27037E+03
 1.22947E+03	 1.28047E+03
 1.23367E+03	 1.30117E+03
 1.23787E+03	 1.31673E+03
 1.24207E+03	 1.32460E+03
 1.24627E+03	 1.34757E+03
 1.25046E+03	 1.37130E+03
 1.25465E+03	 1.41120E+03
 1.25884E+03	 1.45400E+03
 1.26303E+03	 1.47760E+03
 1.26721E+03	 1.48870E+03
 1.27140E+03	 1.50020E+03
 1.27558E+03	 1.48597E+03
 1.27975E+03	 1.48910E+03
 1.28393E+03	 1.46987E+03
 1.28811E+03	 1.45733E+03
 1.29228E+03	 1.44290E+03
 1.29645E+03	 1.43243E+03
 1.30062E+03	 1.41370E+03
 1.30478E+03	 1.38750E+03
 1.30895E+03	 1.36417E+03
 1.31311E+03	 1.35260E+03
 1.31727E+03	 1.36297E+03
 1.32142E+03	 1.35937E+03
 1.32558E+03	 1.36813E+03
 1.32973E+03	 1.38183E+03
 1.33388E+03	 1.38950E+03
 1.33803E+03	 1.37987E+03
 1.34218E+03	 1.37010E+03
 1.34632E+03	 1.36623E+03
 1.35047E+03	 1.36757E+03
 1.35461E+03	 1.36590E+03
 1.35875E+03	 1.37693E+03
 1.36288E+03	 1.38947E+03
 1.36702E+03	 1.39730E+03
 1.37115E+03	 1.39007E+03
 1.37528E+03	 1.38287E+03
 1.37941E+03	 1.37923E+03
 1.38353E+03	 1.34743E+03
 1.38766E+03	 1.34070E+03
 1.39178E+03	 1.33070E+03
 1.39590E+03	 1.32720E+03
 1.40001E+03	 1.32057E+03
 1.40413E+03	 1.31410E+03
 1.40824E+03	 1.32060E+03
 1.41235E+03	 1.31433E+03
 1.41646E+03	 1.30510E+03
 1.42057E+03	 1.30450E+03
 1.42468E+03	 1.30337E+03
 1.42878E+03	 1.30750E+03
 1.43288E+03	 1.29300E+03
 1.43698E+03	 1.28177E+03
 1.44107E+03	 1.27443E+03
 1.44517E+03	 1.27297E+03
 1.44926E+03	 1.27410E+03
 1.45335E+03	 1.27597E+03
 1.45744E+03	 1.30553E+03
 1.46153E+03	 1.35360E+03
 1.46561E+03	 1.44977E+03
 1.46969E+03	 1.59310E+03
 1.47377E+03	 1.74357E+03
 1.47785E+03	 1.85553E+03
 1.48193E+03	 1.92677E+03
 1.48600E+03	 1.91993E+03
 1.49007E+03	 1.83260E+03
 1.49414E+03	 1.65903E+03
 1.49821E+03	 1.51053E+03
 1.50228E+03	 1.33647E+03
 1.50634E+03	 1.22093E+03
 1.51040E+03	 1.15123E+03
 1.51446E+03	 1.10863E+03
 1.51852E+03	 1.08687E+03
 1.52258E+03	 1.07757E+03
 1.52663E+03	 1.06560E+03
 1.53068E+03	 1.06377E+03
 1.53473E+03	 1.05850E+03
 1.53878E+03	 1.05100E+03
 1.54282E+03	 1.04640E+03
 1.54687E+03	 1.04597E+03
 1.55091E+03	 1.04207E+03
 1.55495E+03	 1.04520E+03
 1.55899E+03	 1.03943E+03
 1.56302E+03	 1.03520E+03
 1.56705E+03	 1.03737E+03
 1.57109E+03	 1.03747E+03
 1.57512E+03	 1.03837E+03
 1.57914E+03	 1.03403E+03
 1.58317E+03	 1.03367E+03
 1.58719E+03	 1.03453E+03
 1.59121E+03	 1.03927E+03
 1.59523E+03	 1.03347E+03
 1.59925E+03	 1.03323E+03
 1.60326E+03	 1.03333E+03
 1.60728E+03	 1.03203E+03
 1.61129E+03	 1.03127E+03
 1.61530E+03	 1.02953E+03
 1.61930E+03	 1.02840E+03
 1.62331E+03	 1.02983E+03
 1.62731E+03	 1.02837E+03
 1.63131E+03	 1.02863E+03
 1.63531E+03	 1.02697E+03
 1.63931E+03	 1.02467E+03
 1.64330E+03	 1.02563E+03
 1.64730E+03	 1.02653E+03
 1.65129E+03	 1.02800E+03
 1.65528E+03	 1.03003E+03
 1.65926E+03	 1.02917E+03
 1.66325E+03	 1.02733E+03
 1.66723E+03	 1.02863E+03
 1.67121E+03	 1.02173E+03
 1.67519E+03	 1.02567E+03
 1.67917E+03	 1.02240E+03
 1.68314E+03	 1.02257E+03
 1.68712E+03	 1.02093E+03
 1.69109E+03	 1.01930E+03
 1.69506E+03	 1.01913E+03
 1.69903E+03	 1.01930E+03
 1.70299E+03	 1.01603E+03
 1.70695E+03	 1.01653E+03
 1.71092E+03	 1.01410E+03
 1.71487E+03	 1.01640E+03
 1.71883E+03	 1.01063E+03
 1.72279E+03	 1.01163E+03
 1.72674E+03	 1.01033E+03
 1.73069E+03	 1.01237E+03
 1.73464E+03	 1.01043E+03
 1.73859E+03	 1.00847E+03
 1.74253E+03	 1.00777E+03
 1.74648E+03	 1.00523E+03
 1.75042E+03	 1.00943E+03
 1.75436E+03	 1.00963E+03
 1.75830E+03	 1.00713E+03
 1.76223E+03	 1.00110E+03
 1.76617E+03	 1.00410E+03
 1.77010E+03	 1.00700E+03
 1.77403E+03	 1.00397E+03
 1.77796E+03	 1.00277E+03
 1.78188E+03	 1.00463E+03
 1.78581E+03	 1.00177E+03
 1.78973E+03	 1.00460E+03
 1.79365E+03	 1.00327E+03
 1.79757E+03	 1.00003E+03
 1.80148E+03	 1.00283E+03
 1.80540E+03	 1.00113E+03
 1.80931E+03	 1.00113E+03
 1.81322E+03	 1.00227E+03
 1.81713E+03	 1.00067E+03
 1.82104E+03	 1.00157E+03
 1.82494E+03	 1.00333E+03
 1.82884E+03	 1.00227E+03
 1.83274E+03	 1.00117E+03
 1.83664E+03	 9.99367E+02
 1.84054E+03	 1.00060E+03
 1.84443E+03	 9.99233E+02
 1.84833E+03	 1.00097E+03
 1.85222E+03	 9.99133E+02
 1.85611E+03	 1.00070E+03
 1.85999E+03	 1.00423E+03
 1.86388E+03	 9.96467E+02
 1.86776E+03	 9.98733E+02
 1.87164E+03	 9.99333E+02
 1.87552E+03	 1.00153E+03
 1.87940E+03	 9.97867E+02
 1.88328E+03	 9.99233E+02
 1.88715E+03	 9.98833E+02
 1.89102E+03	 1.00150E+03
 1.89489E+03	 9.96633E+02
 1.89876E+03	 9.98833E+02
 1.90263E+03	 1.00243E+03
 1.90649E+03	 9.97833E+02
 1.91035E+03	 1.00137E+03
 1.91421E+03	 1.00123E+03
 1.91807E+03	 9.98467E+02
 1.92193E+03	 9.97367E+02
 1.92578E+03	 9.99867E+02
 1.92964E+03	 1.00357E+03
 1.93349E+03	 1.00040E+03
 1.93734E+03	 9.97933E+02
 1.94118E+03	 9.97267E+02
 1.94503E+03	 1.00100E+03
 1.94887E+03	 1.00093E+03
 1.95271E+03	 9.97500E+02
 1.95655E+03	 1.00067E+03
 1.96039E+03	 1.00240E+03
 1.96423E+03	 9.97267E+02
 1.96806E+03	 1.00293E+03
 1.97189E+03	 9.99600E+02
 1.97572E+03	 9.99800E+02
 1.97955E+03	 1.00427E+03
 1.98338E+03	 1.00203E+03
 1.98720E+03	 9.98733E+02
 1.99103E+03	 9.99833E+02
 1.99485E+03	 9.97400E+02
 1.99866E+03	 9.97433E+02
 2.00248E+03	 1.00230E+03
 2.00630E+03	 9.97033E+02
 2.01011E+03	 9.96967E+02
 2.01392E+03	 1.00200E+03
 2.01773E+03	 1.00097E+03
 2.02154E+03	 1.00267E+03
 2.02534E+03	 1.00333E+03
 2.02915E+03	 1.00113E+03
 2.03295E+03	 1.00453E+03
 2.03675E+03	 1.00280E+03
 2.04055E+03	 9.97067E+02
 2.04435E+03	 1.00297E+03
 2.04814E+03	 1.00327E+03
 2.05193E+03	 9.99100E+02
 2.05572E+03	 1.00253E+03
 2.05951E+03	 1.00317E+03
 2.06330E+03	 1.00390E+03
 2.06708E+03	 1.00337E+03
 2.07087E+03	 1.00070E+03
 2.07465E+03	 1.00123E+03
 2.07843E+03	 1.00300E+03
 2.08221E+03	 1.00563E+03
 2.08598E+03	 1.00520E+03
 2.08976E+03	 1.00717E+03
 2.09353E+03	 1.00497E+03
 2.09730E+03	 1.00007E+03
 2.10107E+03	 1.00363E+03
 2.10484E+03	 1.00347E+03
 2.10860E+03	 1.00457E+03
 2.11236E+03	 1.00317E+03
 2.11613E+03	 1.00423E+03
 2.11989E+03	 1.00327E+03
 2.12364E+03	 1.00643E+03
 2.12740E+03	 1.00373E+03
 2.13115E+03	 1.00853E+03
 2.13490E+03	 1.00670E+03
 2.13866E+03	 1.00223E+03
 2.14240E+03	 1.00363E+03
 2.14615E+03	 1.00753E+03
 2.14990E+03	 1.00993E+03
 2.15364E+03	 1.00597E+03
 2.15738E+03	 1.00847E+03
 2.16112E+03	 1.00930E+03
 2.16486E+03	 1.00490E+03
 2.16859E+03	 1.00573E+03
 2.17233E+03	 1.00473E+03
 2.17606E+03	 1.00657E+03
 2.17979E+03	 1.00537E+03
 2.18352E+03	 1.00600E+03
 2.18724E+03	 1.00697E+03
 2.19097E+03	 1.00543E+03
 2.19469E+03	 1.00583E+03
 2.19841E+03	 1.00770E+03
 2.20213E+03	 1.00600E+03
 2.20585E+03	 1.00340E+03
 2.20956E+03	 1.00500E+03
 2.21328E+03	 1.00150E+03
 2.21699E+03	 1.00193E+03
 2.22070E+03	 1.00417E+03
 2.22441E+03	 1.00867E+03
 2.22812E+03	 1.00563E+03
 2.23182E+03	 1.00400E+03
 2.23552E+03	 1.00177E+03
 2.23923E+03	 1.00343E+03
 2.24293E+03	 1.00580E+03
 2.24662E+03	 1.00473E+03
 2.25032E+03	 1.00350E+03
 2.25401E+03	 1.00417E+03
 2.25771E+03	 1.00387E+03
 2.26140E+03	 9.99400E+02
 2.26509E+03	 1.00303E+03
 2.26877E+03	 1.00103E+03
 2.27246E+03	 9.98967E+02
 2.27614E+03	 1.00427E+03
 2.27982E+03	 9.99300E+02
 2.28350E+03	 1.00230E+03
 2.28718E+03	 1.00233E+03
 2.29086E+03	 1.00107E+03
 2.29453E+03	 1.00237E+03
 2.29820E+03	 1.00237E+03
 2.30188E+03	 1.00257E+03
 2.30555E+03	 1.00173E+03
 2.30921E+03	 1.00460E+03
 2.31288E+03	 1.00923E+03
 2.31654E+03	 1.00467E+03
 2.32020E+03	 1.00487E+03
 2.32386E+03	 1.00390E+03
 2.32752E+03	 1.00783E+03
 2.33118E+03	 1.00920E+03
 2.33484E+03	 1.00290E+03
 2.33849E+03	 1.01127E+03
 2.34214E+03	 1.00840E+03
 2.34579E+03	 1.00927E+03
 2.34944E+03	 1.00923E+03
 2.35308E+03	 1.00837E+03
 2.35673E+03	 1.00600E+03
 2.36037E+03	 1.00840E+03
 2.36401E+03	 1.01183E+03
 2.36765E+03	 1.00743E+03
 2.37129E+03	 1.01390E+03
 2.37492E+03	 1.01507E+03
 2.37856E+03	 1.01697E+03
 2.38219E+03	 1.01893E+03
 2.38582E+03	 1.01580E+03
 2.38945E+03	 1.01497E+03
 2.39308E+03	 1.01627E+03
 2.39670E+03	 1.01723E+03
 2.40033E+03	 1.01730E+03
 2.40395E+03	 1.01423E+03
 2.40757E+03	 1.01500E+03
 2.41119E+03	 1.01643E+03
 2.41480E+03	 1.01437E+03
 2.41842E+03	 1.01277E+03
 2.42203E+03	 1.01157E+03
 2.42564E+03	 1.01290E+03
 2.42925E+03	 1.01230E+03
 2.43286E+03	 1.01137E+03
 2.43647E+03	 1.01627E+03
 2.44007E+03	 1.01323E+03
 2.44367E+03	 1.01677E+03
 2.44727E+03	 1.01733E+03
 2.45087E+03	 1.01417E+03
 2.45447E+03	 1.02147E+03
 2.45807E+03	 1.01687E+03
 2.46166E+03	 1.01870E+03
 2.46525E+03	 1.02270E+03
 2.46884E+03	 1.02070E+03
 2.47243E+03	 1.01967E+03
 2.47602E+03	 1.01840E+03
 2.47960E+03	 1.01923E+03
 2.48319E+03	 1.01780E+03
 2.48677E+03	 1.01923E+03
 2.49035E+03	 1.01863E+03
 2.49393E+03	 1.02430E+03
 2.49751E+03	 1.02180E+03
 2.50108E+03	 1.02760E+03
 2.50465E+03	 1.02753E+03
 2.50823E+03	 1.02590E+03
 2.51180E+03	 1.02713E+03
 2.51536E+03	 1.03230E+03
 2.51893E+03	 1.03133E+03
 2.52250E+03	 1.03437E+03
 2.52606E+03	 1.03697E+03
 2.52962E+03	 1.03687E+03
 2.53318E+03	 1.03893E+03
 2.53674E+03	 1.03860E+03
 2.54029E+03	 1.03870E+03
 2.54385E+03	 1.04080E+03
 2.54740E+03	 1.04150E+03
 2.55095E+03	 1.03957E+03
 2.55450E+03	 1.04310E+03
 2.55805E+03	 1.04240E+03
 2.56160E+03	 1.04070E+03
 2.56514E+03	 1.04447E+03
 2.56868E+03	 1.04913E+03
 2.57222E+03	 1.04623E+03
 2.57576E+03	 1.04497E+03
 2.57930E+03	 1.04840E+03
 2.58284E+03	 1.04673E+03
 2.58637E+03	 1.05080E+03
 2.58991E+03	 1.04623E+03
 2.59344E+03	 1.04797E+03
 2.59697E+03	 1.04657E+03
 2.60049E+03	 1.05033E+03
 2.60402E+03	 1.05270E+03
 2.60754E+03	 1.05063E+03
 2.61107E+03	 1.05010E+03
 2.61459E+03	 1.05013E+03
 2.61811E+03	 1.05337E+03
 2.62162E+03	 1.05180E+03
 2.62514E+03	 1.05283E+03
 2.62865E+03	 1.05670E+03
 2.63217E+03	 1.05767E+03
 2.63568E+03	 1.05750E+03
 2.63919E+03	 1.06290E+03
 2.64269E+03	 1.06540E+03
 2.64620E+03	 1.07017E+03
 2.64970E+03	 1.06897E+03
 2.65321E+03	 1.07137E+03
 2.65671E+03	 1.07843E+03
 2.66021E+03	 1.07740E+03
 2.66370E+03	 1.08493E+03
 2.66720E+03	 1.08820E+03
 2.67069E+03	 1.09303E+03
 2.67419E+03	 1.09567E+03
 2.67768E+03	 1.09533E+03
 2.68117E+03	 1.10493E+03
 2.68466E+03	 1.10593E+03
 2.68814E+03	 1.11317E+03
 2.69163E+03	 1.11600E+03
 2.69511E+03	 1.12243E+03
 2.69859E+03	 1.13397E+03
 2.70207E+03	 1.13307E+03
 2.70555E+03	 1.14160E+03
 2.70902E+03	 1.14603E+03
 2.71250E+03	 1.16470E+03
 2.71597E+03	 1.16690E+03
 2.71944E+03	 1.17190E+03
 2.72291E+03	 1.18940E+03
 2.72638E+03	 1.21683E+03
 2.72984E+03	 1.22637E+03
 2.73331E+03	 1.23873E+03
 2.73677E+03	 1.25870E+03
 2.74023E+03	 1.27613E+03
 2.74369E+03	 1.27793E+03
 2.74715E+03	 1.29447E+03
 2.75061E+03	 1.30683E+03
 2.75406E+03	 1.30710E+03
 2.75752E+03	 1.31027E+03
 2.76097E+03	 1.31320E+03
 2.76442E+03	 1.31983E+03
 2.76786E+03	 1.32467E+03
 2.77131E+03	 1.31327E+03
 2.77476E+03	 1.31977E+03
 2.77820E+03	 1.30497E+03
 2.78164E+03	 1.31167E+03
 2.78508E+03	 1.31357E+03
 2.78852E+03	 1.30813E+03
 2.79196E+03	 1.30700E+03
 2.79539E+03	 1.31270E+03
 2.79883E+03	 1.32813E+03
 2.80226E+03	 1.34703E+03
 2.80569E+03	 1.33823E+03
 2.80912E+03	 1.35343E+03
 2.81254E+03	 1.37820E+03
 2.81597E+03	 1.40010E+03
 2.81939E+03	 1.43037E+03
 2.82282E+03	 1.44590E+03
 2.82624E+03	 1.46190E+03
 2.82966E+03	 1.50443E+03
 2.83307E+03	 1.53170E+03
 2.83649E+03	 1.55833E+03
 2.83990E+03	 1.63440E+03
 2.84332E+03	 1.68630E+03
 2.84673E+03	 1.71170E+03
 2.85014E+03	 1.77020E+03
 2.85354E+03	 1.84677E+03
 2.85695E+03	 1.94303E+03
 2.86036E+03	 1.97643E+03
 2.86376E+03	 2.05720E+03
 2.86716E+03	 2.20327E+03
 2.87056E+03	 2.29397E+03
 2.87396E+03	 2.44310E+03
 2.87736E+03	 2.63850E+03
 2.88075E+03	 2.84443E+03
 2.88414E+03	 3.00817E+03
 2.88754E+03	 3.30700E+03
 2.89093E+03	 3.57330E+03
 2.89431E+03	 3.66570E+03
 2.89770E+03	 3.81210E+03
 2.90109E+03	 3.90740E+03
 2.90447E+03	 3.90787E+03
 2.90785E+03	 3.75700E+03
 2.91123E+03	 3.69993E+03
 2.91461E+03	 3.63207E+03
 2.91799E+03	 3.48493E+03
 2.92137E+03	 3.52577E+03
 2.92474E+03	 3.50060E+03
 2.92811E+03	 3.47687E+03
 2.93149E+03	 3.50070E+03
 2.93486E+03	 3.55923E+03
 2.93822E+03	 3.58410E+03
 2.94159E+03	 3.68890E+03
 2.94496E+03	 3.82990E+03
 2.94832E+03	 3.82337E+03
 2.95168E+03	 3.78163E+03
 2.95504E+03	 3.87083E+03
 2.95840E+03	 3.81827E+03
 2.96176E+03	 3.74823E+03
 2.96511E+03	 3.66070E+03
 2.96847E+03	 3.63343E+03
 2.97182E+03	 3.49070E+03
 2.97517E+03	 3.26800E+03
 2.97852E+03	 3.10523E+03
 2.98187E+03	 2.95753E+03
 2.98521E+03	 2.79700E+03
 2.98856E+03	 2.55823E+03
 2.99190E+03	 2.31840E+03
 2.99524E+03	 2.14273E+03
 2.99858E+03	 1.92113E+03
 3.00192E+03	 1.79863E+03
 3.00526E+03	 1.68123E+03
 3.00859E+03	 1.57143E+03
 3.01193E+03	 1.45920E+03
 3.01526E+03	 1.39417E+03
 3.01859E+03	 1.36540E+03
 3.02192E+03	 1.31707E+03
 3.02525E+03	 1.28590E+03
 3.02857E+03	 1.25623E+03
 3.03190E+03	 1.23260E+03
 3.03522E+03	 1.22767E+03
 3.03854E+03	 1.20053E+03
 3.04186E+03	 1.19467E+03
 3.04518E+03	 1.18640E+03
 3.04850E+03	 1.17040E+03
 3.05181E+03	 1.16407E+03
 3.05512E+03	 1.16580E+03
 3.05844E+03	 1.15530E+03
 3.06175E+03	 1.15710E+03
 3.06506E+03	 1.15523E+03
 3.06836E+03	 1.14547E+03
 3.07167E+03	 1.15300E+03
 3.07497E+03	 1.14773E+03
 3.07828E+03	 1.14783E+03
 3.08158E+03	 1.14570E+03
 3.08488E+03	 1.14873E+03
 3.08818E+03	 1.15367E+03
 3.09147E+03	 1.14690E+03
 3.09477E+03	 1.15667E+03
 3.09806E+03	 1.15157E+03
 3.10135E+03	 1.15953E+03
 3.10464E+03	 1.15623E+03
 3.10793E+03	 1.16367E+03
 3.11122E+03	 1.17087E+03
 3.11451E+03	 1.18193E+03
 3.11779E+03	 1.18307E+03
 3.12107E+03	 1.18743E+03
 3.12436E+03	 1.19153E+03
 3.12764E+03	 1.19287E+03
 3.13091E+03	 1.20680E+03
 3.13419E+03	 1.20813E+03
 3.13747E+03	 1.20580E+03
 3.14074E+03	 1.21387E+03
 3.14401E+03	 1.22317E+03
 3.14728E+03	 1.22563E+03
 3.15055E+03	 1.23207E+03
 3.15382E+03	 1.24110E+03
 3.15709E+03	 1.24747E+03
 3.16035E+03	 1.25360E+03
 3.16362E+03	 1.25947E+03
 3.16688E+03	 1.27657E+03
 3.17014E+03	 1.27940E+03
 3.17340E+03	 1.29657E+03
 3.17665E+03	 1.28010E+03
 3.17991E+03	 1.28713E+03
 3.18316E+03	 1.30213E+03
 3.18642E+03	 1.32310E+03
 3.18967E+03	 1.31817E+03
 3.19292E+03	 1.31433E+03
 3.19617E+03	 1.36087E+03
 3.19941E+03	 1.34390E+03
 3.20266E+03	 1.36527E+03
 3.20590E+03	 1.36073E+03
 3.20914E+03	 1.35960E+03
 3.21238E+03	 1.38333E+03
 3.21562E+03	 1.38937E+03
 3.21886E+03	 1.40193E+03
 3.22210E+03	 1.40080E+03
 3.22533E+03	 1.40937E+03
 3.22857E+03	 1.42403E+03
 3.23180E+03	 1.40563E+03
 3.23503E+03	 1.43027E+03
 3.23826E+03	 1.43633E+03
 3.24148E+03	 1.45847E+03
 3.24471E+03	 1.44083E+03
 3.24793E+03	 1.47783E+03
 3.25116E+03	 1.47560E+03
 3.25438E+03	 1.48127E+03
 3.25760E+03	 1.49373E+03
 3.26082E+03	 1.46223E+03
 3.26403E+03	 1.45987E+03
 3.26725E+03	 1.49393E+03
 3.27046E+03	 1.47653E+03
 3.27368E+03	 1.48697E+03
 3.27689E+03	 1.51750E+03
 3.28010E+03	 1.53137E+03
 3.28331E+03	 1.52273E+03
 3.28651E+03	 1.51203E+03
 3.28972E+03	 1.51133E+03
 3.29292E+03	 1.51607E+03
 3.29612E+03	 1.53630E+03
 3.29932E+03	 1.54273E+03
 3.30252E+03	 1.52727E+03
 3.30572E+03	 1.51700E+03
 3.30892E+03	 1.48833E+03
 3.31211E+03	 1.53040E+03
 3.31531E+03	 1.54177E+03
 3.31850E+03	 1.54663E+03
 3.32169E+03	 1.53387E+03
 3.32488E+03	 1.56017E+03
 3.32807E+03	 1.56557E+03
 3.33125E+03	 1.54990E+03
 3.33444E+03	 1.52623E+03
 3.33762E+03	 1.53843E+03
 3.34080E+03	 1.55443E+03
 3.34398E+03	 1.55777E+03
 3.34716E+03	 1.56923E+03
 3.35034E+03	 1.58237E+03
 3.35351E+03	 1.53843E+03
 3.35669E+03	 1.56547E+03
 3.35986E+03	 1.57070E+03
 3.36303E+03	 1.56757E+03
 3.36620E+03	 1.56337E+03
 3.36937E+03	 1.54910E+03
 3.37254E+03	 1.56330E+03
 3.37570E+03	 1.55717E+03
 3.37887E+03	 1.55047E+03
 3.38203E+03	 1.56070E+03
 3.38519E+03	 1.59917E+03
 3.38835E+03	 1.57200E+03
 3.39151E+03	 1.55493E+03
 3.39467E+03	 1.57227E+03
 3.39782E+03	 1.56473E+03
 3.40098E+03	 1.55403E+03
 3.40413E+03	 1.54987E+03
 3.40728E+03	 1.55040E+03
 3.41043E+03	 1.57490E+03
 3.41358E+03	 1.57017E+03
 3.41673E+03	 1.54120E+03
 3.41987E+03	 1.51487E+03
 3.42302E+03	 1.54003E+03
 3.42616E+03	 1.51477E+03
 3.42930E+03	 1.51293E+03
 3.43244E+03	 1.53953E+03
 3.43558E+03	 1.51087E+03
 3.43872E+03	 1.52087E+03
 3.44185E+03	 1.49240E+03
 3.44499E+03	 1.50773E+03
 3.44812E+03	 1.49540E+03
 3.45125E+03	 1.49940E+03
 3.45438E+03	 1.48560E+03
 3.45751E+03	 1.48543E+03
 3.46064E+03	 1.45053E+03
 3.46376E+03	 1.46007E+03
 3.46689E+03	 1.47717E+03
 3.47001E+03	 1.46650E+03
 3.47313E+03	 1.42547E+03
 3.47625E+03	 1.40103E+03
 3.47937E+03	 1.41690E+03
 3.48249E+03	 1.39903E+03
 3.48560E+03	 1.39513E+03
 3.48872E+03	 1.38690E+03
 3.49183E+03	 1.38810E+03
 3.49494E+03	 1.37530E+03
 3.49805E+03	 1.36427E+03
 3.50116E+03	 1.37567E+03
 3.50427E+03	 1.34860E+03
 3.50737E+03	 1.32417E+03
 3.51048E+03	 1.32307E+03
 3.51358E+03	 1.32003E+03
 3.51668E+03	 1.31170E+03
 3.51978E+03	 1.30233E+03
 3.52288E+03	 1.27963E+03
 3.52598E+03	 1.26203E+03
 3.52907E+03	 1.25273E+03
 3.53217E+03	 1.24973E+03
 3.53526E+03	 1.24030E+03
 3.53835E+03	 1.23293E+03
 3.54144E+03	 1.23697E+03
 3.54453E+03	 1.21850E+03
 3.54762E+03	 1.21653E+03
 3.55071E+03	 1.20620E+03
 3.55379E+03	 1.17757E+03
 3.55687E+03	 1.18163E+03
 3.55996E+03	 1.17073E+03
 3.56304E+03	 1.17107E+03
 3.56612E+03	 1.15970E+03
 3.56919E+03	 1.14887E+03
 3.57227E+03	 1.13360E+03
 3.57535E+03	 1.13147E+03
 3.57842E+03	 1.13770E+03
 3.58149E+03	 1.12927E+03
 3.58456E+03	 1.12170E+03
 3.58763E+03	 1.11720E+03
 3.59070E+03	 1.09943E+03
 3.59377E+03	 1.09023E+03
 3.59683E+03	 1.09063E+03
 3.59990E+03	 1.08370E+03
 3.60296E+03	 1.08083E+03
 3.60602E+03	 1.07027E+03
 3.60908E+03	 1.07090E+03
 3.61214E+03	 1.06257E+03
 3.61519E+03	 1.05230E+03
 3.61825E+03	 1.05087E+03
 3.62130E+03	 1.03917E+03
 3.62436E+03	 1.02883E+03
 3.62741E+03	 1.02597E+03
 3.63046E+03	 1.02217E+03
 3.63351E+03	 1.01837E+03
 3.63656E+03	 1.01853E+03
 3.63960E+03	 1.01083E+03
 3.64265E+03	 1.00227E+03
 3.64569E+03	 9.99100E+02
 3.64873E+03	 9.95967E+02
 3.65177E+03	 9.89967E+02
 3.65481E+03	 9.88633E+02
 3.65785E+03	 9.85167E+02
 3.66089E+03	 9.80900E+02
 3.66392E+03	 9.82233E+02
 3.66695E+03	 9.79200E+02
 3.66999E+03	 9.74300E+02
 3.67302E+03	 9.74367E+02
 3.67605E+03	 9.76467E+02
 3.67908E+03	 9.70033E+02
 3.68210E+03	 9.70200E+02
 3.68513E+03	 9.66700E+02
 3.68815E+03	 9.67367E+02
 3.69117E+03	 9.66900E+02
 3.69420E+03	 9.60967E+02
 3.69722E+03	 9.57967E+02
 3.70023E+03	 9.60000E+02
 3.70325E+03	 9.61033E+02
 3.70627E+03	 9.58900E+02
 3.70928E+03	 9.56533E+02
 3.71230E+03	 9.54967E+02
 3.71531E+03	 9.54133E+02
 3.71832E+03	 9.51867E+02
 3.72133E+03	 9.51700E+02
 3.72434E+03	 9.51067E+02
 3.72734E+03	 9.50767E+02
 3.73035E+03	 9.50300E+02
 3.73335E+03	 9.52000E+02
 3.73635E+03	 9.48867E+02
 3.73936E+03	 9.45433E+02
 3.74236E+03	 9.47700E+02
 3.74535E+03	 9.47400E+02
 3.74835E+03	 9.45833E+02
 3.75135E+03	 9.42700E+02
 3.75434E+03	 9.44600E+02
 3.75733E+03	 9.43367E+02
 3.76033E+03	 9.44000E+02
 3.76332E+03	 9.45067E+02
 3.76631E+03	 9.43267E+02
 3.76929E+03	 9.42933E+02
 3.77228E+03	 9.40800E+02
 3.77527E+03	 9.40133E+02
 3.77825E+03	 9.40167E+02
 3.78123E+03	 9.40200E+02
 3.78421E+03	 9.38000E+02
 3.78719E+03	 9.38167E+02
