-1.40382E+02	 9.05700E+02
-1.35457E+02	 9.07733E+02
-1.30535E+02	 9.06233E+02
-1.25616E+02	 9.05233E+02
-1.20700E+02	 9.08833E+02
-1.15786E+02	 9.06800E+02
-1.10875E+02	 9.07700E+02
-1.05967E+02	 9.08333E+02
-1.01061E+02	 9.06233E+02
-9.61580E+01	 9.08667E+02
-9.12576E+01	 9.08133E+02
-8.63599E+01	 9.07367E+02
-8.14648E+01	 9.08333E+02
-7.65724E+01	 9.08333E+02
-7.16827E+01	 9.08000E+02
-6.67956E+01	 9.09000E+02
-6.19111E+01	 9.08633E+02
-5.70293E+01	 9.08267E+02
-5.21502E+01	 9.08300E+02
-4.72737E+01	 9.08633E+02
-4.23998E+01	 9.10300E+02
-3.75286E+01	 9.09933E+02
-3.26600E+01	 9.10167E+02
-2.77941E+01	 9.11900E+02
-2.29308E+01	 9.11867E+02
-1.80701E+01	 9.13933E+02
-1.32121E+01	 9.14633E+02
-8.35667E+00	 9.20000E+02
-3.50389E+00	 9.25933E+02
 1.34626E+00	 9.51867E+02
 6.19379E+00	 1.31207E+03
 1.10387E+01	 5.18333E+03
 1.58810E+01	 9.39413E+03
 2.07207E+01	 4.67683E+03
 2.55577E+01	 1.15880E+03
 3.03922E+01	 9.33967E+02
 3.52240E+01	 9.19433E+02
 4.00532E+01	 9.14133E+02
 4.48798E+01	 9.12833E+02
 4.97038E+01	 9.11967E+02
 5.45252E+01	 9.10533E+02
 5.93440E+01	 9.11333E+02
 6.41602E+01	 9.11133E+02
 6.89738E+01	 9.13133E+02
 7.37848E+01	 9.19100E+02
 7.85932E+01	 9.37633E+02
 8.33991E+01	 9.88700E+02
 8.82023E+01	 1.08390E+03
 9.30029E+01	 1.20857E+03
 9.78010E+01	 1.26827E+03
 1.02596E+02	 1.31223E+03
 1.07389E+02	 1.31527E+03
 1.12180E+02	 1.31453E+03
 1.16967E+02	 1.28513E+03
 1.21753E+02	 1.26630E+03
 1.26535E+02	 1.24583E+03
 1.31315E+02	 1.25717E+03
 1.36093E+02	 1.23937E+03
 1.40867E+02	 1.23820E+03
 1.45640E+02	 1.23693E+03
 1.50409E+02	 1.20890E+03
 1.55177E+02	 1.20477E+03
 1.59941E+02	 1.20730E+03
 1.64703E+02	 1.19367E+03
 1.69463E+02	 1.18073E+03
 1.74220E+02	 1.17397E+03
 1.78974E+02	 1.16250E+03
 1.83726E+02	 1.16323E+03
 1.88475E+02	 1.16143E+03
 1.93222E+02	 1.14057E+03
 1.97966E+02	 1.13420E+03
 2.02708E+02	 1.12880E+03
 2.07447E+02	 1.12277E+03
 2.12184E+02	 1.13423E+03
 2.16918E+02	 1.12190E+03
 2.21649E+02	 1.11747E+03
 2.26378E+02	 1.11497E+03
 2.31105E+02	 1.11610E+03
 2.35829E+02	 1.11230E+03
 2.40550E+02	 1.10917E+03
 2.45269E+02	 1.10263E+03
 2.49985E+02	 1.09883E+03
 2.54699E+02	 1.09827E+03
 2.59410E+02	 1.08900E+03
 2.64119E+02	 1.09040E+03
 2.68825E+02	 1.08503E+03
 2.73529E+02	 1.09347E+03
 2.78230E+02	 1.09273E+03
 2.82929E+02	 1.08600E+03
 2.87625E+02	 1.08357E+03
 2.92319E+02	 1.07983E+03
 2.97010E+02	 1.08020E+03
 3.01699E+02	 1.07740E+03
 3.06385E+02	 1.07453E+03
 3.11069E+02	 1.07603E+03
 3.15750E+02	 1.06963E+03
 3.20428E+02	 1.07887E+03
 3.25105E+02	 1.07823E+03
 3.29778E+02	 1.07557E+03
 3.34450E+02	 1.07080E+03
 3.39118E+02	 1.07183E+03
 3.43785E+02	 1.07690E+03
 3.48448E+02	 1.08103E+03
 3.53110E+02	 1.07420E+03
 3.57768E+02	 1.07373E+03
 3.62425E+02	 1.06710E+03
 3.67079E+02	 1.06493E+03
 3.71730E+02	 1.06443E+03
 3.76379E+02	 1.05820E+03
 3.81025E+02	 1.05890E+03
 3.85669E+02	 1.06270E+03
 3.90311E+02	 1.07060E+03
 3.94950E+02	 1.07167E+03
 3.99586E+02	 1.07780E+03
 4.04220E+02	 1.07607E+03
 4.08852E+02	 1.07523E+03
 4.13481E+02	 1.08540E+03
 4.18108E+02	 1.09857E+03
 4.22732E+02	 1.11770E+03
 4.27354E+02	 1.12987E+03
 4.31973E+02	 1.15300E+03
 4.36590E+02	 1.14743E+03
 4.41205E+02	 1.14093E+03
 4.45817E+02	 1.12150E+03
 4.50426E+02	 1.10067E+03
 4.55034E+02	 1.09120E+03
 4.59638E+02	 1.08163E+03
 4.64241E+02	 1.07370E+03
 4.68840E+02	 1.07240E+03
 4.73438E+02	 1.07130E+03
 4.78033E+02	 1.07567E+03
 4.82625E+02	 1.09690E+03
 4.87215E+02	 1.13643E+03
 4.91803E+02	 1.17100E+03
 4.96388E+02	 1.20733E+03
 5.00971E+02	 1.23073E+03
 5.05552E+02	 1.23977E+03
 5.10129E+02	 1.22037E+03
 5.14705E+02	 1.18480E+03
 5.19278E+02	 1.13693E+03
 5.23849E+02	 1.10020E+03
 5.28417E+02	 1.08910E+03
 5.32983E+02	 1.06837E+03
 5.37547E+02	 1.06500E+03
 5.42108E+02	 1.05127E+03
 5.46666E+02	 1.05370E+03
 5.51223E+02	 1.05840E+03
 5.55777E+02	 1.06883E+03
 5.60328E+02	 1.07273E+03
 5.64877E+02	 1.07603E+03
 5.69424E+02	 1.07730E+03
 5.73968E+02	 1.07017E+03
 5.78510E+02	 1.06210E+03
 5.83049E+02	 1.06027E+03
 5.87587E+02	 1.05280E+03
 5.92121E+02	 1.04943E+03
 5.96654E+02	 1.04407E+03
 6.01184E+02	 1.04097E+03
 6.05711E+02	 1.04093E+03
 6.10236E+02	 1.04240E+03
 6.14759E+02	 1.03813E+03
 6.19280E+02	 1.03527E+03
 6.23798E+02	 1.03573E+03
 6.28313E+02	 1.03887E+03
 6.32827E+02	 1.03907E+03
 6.37338E+02	 1.03873E+03
 6.41846E+02	 1.03923E+03
 6.46352E+02	 1.03990E+03
 6.50856E+02	 1.03757E+03
 6.55358E+02	 1.04490E+03
 6.59857E+02	 1.04897E+03
 6.64354E+02	 1.05360E+03
 6.68848E+02	 1.06140E+03
 6.73340E+02	 1.06293E+03
 6.77830E+02	 1.07413E+03
 6.82317E+02	 1.08900E+03
 6.86802E+02	 1.09183E+03
 6.91285E+02	 1.10253E+03
 6.95765E+02	 1.10570E+03
 7.00243E+02	 1.09127E+03
 7.04718E+02	 1.07377E+03
 7.09192E+02	 1.05753E+03
 7.13663E+02	 1.05217E+03
 7.18131E+02	 1.04110E+03
 7.22597E+02	 1.03450E+03
 7.27061E+02	 1.03070E+03
 7.31523E+02	 1.03583E+03
 7.35982E+02	 1.02623E+03
 7.40439E+02	 1.02667E+03
 7.44894E+02	 1.02917E+03
 7.49346E+02	 1.02863E+03
 7.53796E+02	 1.02147E+03
 7.58243E+02	 1.02560E+03
 7.62689E+02	 1.02337E+03
 7.67132E+02	 1.02583E+03
 7.71572E+02	 1.02737E+03
 7.76011E+02	 1.02553E+03
 7.80447E+02	 1.03187E+03
 7.84880E+02	 1.03117E+03
 7.89312E+02	 1.03287E+03
 7.93741E+02	 1.03520E+03
 7.98167E+02	 1.04113E+03
 8.02592E+02	 1.04590E+03
 8.07014E+02	 1.05287E+03
 8.11434E+02	 1.04997E+03
 8.15851E+02	 1.05163E+03
 8.20267E+02	 1.06663E+03
 8.24680E+02	 1.09353E+03
 8.29090E+02	 1.13130E+03
 8.33499E+02	 1.17430E+03
 8.37905E+02	 1.21000E+03
 8.42309E+02	 1.21767E+03
 8.46710E+02	 1.19237E+03
 8.51109E+02	 1.19313E+03
 8.55506E+02	 1.22220E+03
 8.59901E+02	 1.28977E+03
 8.64293E+02	 1.34667E+03
 8.68683E+02	 1.36937E+03
 8.73071E+02	 1.34873E+03
 8.77456E+02	 1.32887E+03
 8.81840E+02	 1.27700E+03
 8.86221E+02	 1.22950E+03
 8.90599E+02	 1.17587E+03
 8.94976E+02	 1.12890E+03
 8.99350E+02	 1.08627E+03
 9.03722E+02	 1.06440E+03
 9.08091E+02	 1.05667E+03
 9.12459E+02	 1.05830E+03
 9.16824E+02	 1.07680E+03
 9.21187E+02	 1.09850E+03
 9.25547E+02	 1.12390E+03
 9.29905E+02	 1.14753E+03
 9.34261E+02	 1.17553E+03
 9.38615E+02	 1.19840E+03
 9.42967E+02	 1.20237E+03
 9.47316E+02	 1.18397E+03
 9.51663E+02	 1.15107E+03
 9.56008E+02	 1.10653E+03
 9.60350E+02	 1.06403E+03
 9.64691E+02	 1.04743E+03
 9.69029E+02	 1.03687E+03
 9.73364E+02	 1.03227E+03
 9.77698E+02	 1.03647E+03
 9.82029E+02	 1.04957E+03
 9.86358E+02	 1.06927E+03
 9.90685E+02	 1.09243E+03
 9.95010E+02	 1.10410E+03
 9.99332E+02	 1.08690E+03
 1.00365E+03	 1.07067E+03
 1.00797E+03	 1.05917E+03
 1.01229E+03	 1.04913E+03
 1.01660E+03	 1.04303E+03
 1.02091E+03	 1.03970E+03
 1.02522E+03	 1.04043E+03
 1.02953E+03	 1.04943E+03
 1.03383E+03	 1.05463E+03
 1.03813E+03	 1.07797E+03
 1.04243E+03	 1.11060E+03
 1.04673E+03	 1.15813E+03
 1.05103E+03	 1.20103E+03
 1.05532E+03	 1.24080E+03
 1.05961E+03	 1.29473E+03
 1.06390E+03	 1.33447E+03
 1.06819E+03	 1.36147E+03
 1.07247E+03	 1.36140E+03
 1.07676E+03	 1.37513E+03
 1.08104E+03	 1.37207E+03
 1.08531E+03	 1.33777E+03
 1.08959E+03	 1.30947E+03
 1.09386E+03	 1.28400E+03
 1.09813E+03	 1.26820E+03
 1.10240E+03	 1.26260E+03
 1.10667E+03	 1.26690E+03
 1.11094E+03	 1.26330E+03
 1.11520E+03	 1.24777E+03
 1.11946E+03	 1.24290E+03
 1.12372E+03	 1.24633E+03
 1.12797E+03	 1.24240E+03
 1.13223E+03	 1.23537E+03
 1.13648E+03	 1.22433E+03
 1.14073E+03	 1.19093E+03
 1.14498E+03	 1.12730E+03
 1.14922E+03	 1.08820E+03
 1.15347E+03	 1.05750E+03
 1.15771E+03	 1.04230E+03
 1.16194E+03	 1.03597E+03
 1.16618E+03	 1.03323E+03
 1.17042E+03	 1.02800E+03
 1.17465E+03	 1.02323E+03
 1.17888E+03	 1.02150E+03
 1.18311E+03	 1.02323E+03
 1.18733E+03	 1.02513E+03
 1.19156E+03	 1.02370E+03
 1.19578E+03	 1.03160E+03
 1.20000E+03	 1.03247E+03
 1.20421E+03	 1.04377E+03
 1.20843E+03	 1.04267E+03
 1.21264E+03	 1.05833E+03
 1.21685E+03	 1.07233E+03
 1.22106E+03	 1.08303E+03
 1.22527E+03	 1.09070E+03
 1.22947E+03	 1.10220E+03
 1.23367E+03	 1.10337E+03
 1.23787E+03	 1.10200E+03
 1.24207E+03	 1.10773E+03
 1.24627E+03	 1.12647E+03
 1.25046E+03	 1.13850E+03
 1.25465E+03	 1.14460E+03
 1.25884E+03	 1.16660E+03
 1.26303E+03	 1.17283E+03
 1.26721E+03	 1.18050E+03
 1.27140E+03	 1.17670E+03
 1.27558E+03	 1.15897E+03
 1.27975E+03	 1.17140E+03
 1.28393E+03	 1.17473E+03
 1.28811E+03	 1.16417E+03
 1.29228E+03	 1.16380E+03
 1.29645E+03	 1.15347E+03
 1.30062E+03	 1.14503E+03
 1.30478E+03	 1.12883E+03
 1.30895E+03	 1.12420E+03
 1.31311E+03	 1.12083E+03
 1.31727E+03	 1.11530E+03
 1.32142E+03	 1.12773E+03
 1.32558E+03	 1.12527E+03
 1.32973E+03	 1.12953E+03
 1.33388E+03	 1.13203E+03
 1.33803E+03	 1.13407E+03
 1.34218E+03	 1.13480E+03
 1.34632E+03	 1.13037E+03
 1.35047E+03	 1.12163E+03
 1.35461E+03	 1.12740E+03
 1.35875E+03	 1.13497E+03
 1.36288E+03	 1.14753E+03
 1.36702E+03	 1.14877E+03
 1.37115E+03	 1.14627E+03
 1.37528E+03	 1.14130E+03
 1.37941E+03	 1.13170E+03
 1.38353E+03	 1.12333E+03
 1.38766E+03	 1.11867E+03
 1.39178E+03	 1.11317E+03
 1.39590E+03	 1.11760E+03
 1.40001E+03	 1.10853E+03
 1.40413E+03	 1.10153E+03
 1.40824E+03	 1.10187E+03
 1.41235E+03	 1.09920E+03
 1.41646E+03	 1.10090E+03
 1.42057E+03	 1.10340E+03
 1.42468E+03	 1.09887E+03
 1.42878E+03	 1.09887E+03
 1.43288E+03	 1.09470E+03
 1.43698E+03	 1.09297E+03
 1.44107E+03	 1.08513E+03
 1.44517E+03	 1.08320E+03
 1.44926E+03	 1.08707E+03
 1.45335E+03	 1.08460E+03
 1.45744E+03	 1.09340E+03
 1.46153E+03	 1.10930E+03
 1.46561E+03	 1.14850E+03
 1.46969E+03	 1.21463E+03
 1.47377E+03	 1.26520E+03
 1.47785E+03	 1.30490E+03
 1.48193E+03	 1.33770E+03
 1.48600E+03	 1.34110E+03
 1.49007E+03	 1.31013E+03
 1.49414E+03	 1.23940E+03
 1.49821E+03	 1.17253E+03
 1.50228E+03	 1.10283E+03
 1.50634E+03	 1.06093E+03
 1.51040E+03	 1.03470E+03
 1.51446E+03	 1.02053E+03
 1.51852E+03	 1.01077E+03
 1.52258E+03	 1.00397E+03
 1.52663E+03	 1.00030E+03
 1.53068E+03	 1.00153E+03
 1.53473E+03	 9.96433E+02
 1.53878E+03	 9.97767E+02
 1.54282E+03	 9.96400E+02
 1.54687E+03	 9.92567E+02
 1.55091E+03	 9.93500E+02
 1.55495E+03	 9.90900E+02
 1.55899E+03	 9.90067E+02
 1.56302E+03	 9.89200E+02
 1.56705E+03	 9.92200E+02
 1.57109E+03	 9.89733E+02
 1.57512E+03	 9.90100E+02
 1.57914E+03	 9.88633E+02
 1.58317E+03	 9.87533E+02
 1.58719E+03	 9.88333E+02
 1.59121E+03	 9.87467E+02
 1.59523E+03	 9.89867E+02
 1.59925E+03	 9.85667E+02
 1.60326E+03	 9.86833E+02
 1.60728E+03	 9.90233E+02
 1.61129E+03	 9.87767E+02
 1.61530E+03	 9.82600E+02
 1.61930E+03	 9.82600E+02
 1.62331E+03	 9.85667E+02
 1.62731E+03	 9.83833E+02
 1.63131E+03	 9.87533E+02
 1.63531E+03	 9.83233E+02
 1.63931E+03	 9.81733E+02
 1.64330E+03	 9.83033E+02
 1.64730E+03	 9.85133E+02
 1.65129E+03	 9.81533E+02
 1.65528E+03	 9.82867E+02
 1.65926E+03	 9.80467E+02
 1.66325E+03	 9.81500E+02
 1.66723E+03	 9.81867E+02
 1.67121E+03	 9.82567E+02
 1.67519E+03	 9.77833E+02
 1.67917E+03	 9.78400E+02
 1.68314E+03	 9.79467E+02
 1.68712E+03	 9.79233E+02
 1.69109E+03	 9.80700E+02
 1.69506E+03	 9.77767E+02
 1.69903E+03	 9.80267E+02
 1.70299E+03	 9.80433E+02
 1.70695E+03	 9.75333E+02
 1.71092E+03	 9.77067E+02
 1.71487E+03	 9.76733E+02
 1.71883E+03	 9.74267E+02
 1.72279E+03	 9.73467E+02
 1.72674E+03	 9.74600E+02
 1.73069E+03	 9.72233E+02
 1.73464E+03	 9.73367E+02
 1.73859E+03	 9.71933E+02
 1.74253E+03	 9.73100E+02
 1.74648E+03	 9.68333E+02
 1.75042E+03	 9.69233E+02
 1.75436E+03	 9.71233E+02
 1.75830E+03	 9.72333E+02
 1.76223E+03	 9.68833E+02
 1.76617E+03	 9.67800E+02
 1.77010E+03	 9.72100E+02
 1.77403E+03	 9.68933E+02
 1.77796E+03	 9.70867E+02
 1.78188E+03	 9.67567E+02
 1.78581E+03	 9.66233E+02
 1.78973E+03	 9.66767E+02
 1.79365E+03	 9.68733E+02
 1.79757E+03	 9.67200E+02
 1.80148E+03	 9.70000E+02
 1.80540E+03	 9.67400E+02
 1.80931E+03	 9.67733E+02
 1.81322E+03	 9.67767E+02
 1.81713E+03	 9.69733E+02
 1.82104E+03	 9.67267E+02
 1.82494E+03	 9.67433E+02
 1.82884E+03	 9.65767E+02
 1.83274E+03	 9.65933E+02
 1.83664E+03	 9.64967E+02
 1.84054E+03	 9.68167E+02
 1.84443E+03	 9.65000E+02
 1.84833E+03	 9.67933E+02
 1.85222E+03	 9.63900E+02
 1.85611E+03	 9.63967E+02
 1.85999E+03	 9.65167E+02
 1.86388E+03	 9.63100E+02
 1.86776E+03	 9.65667E+02
 1.87164E+03	 9.65033E+02
 1.87552E+03	 9.63433E+02
 1.87940E+03	 9.65067E+02
 1.88328E+03	 9.66733E+02
 1.88715E+03	 9.61267E+02
 1.89102E+03	 9.63300E+02
 1.89489E+03	 9.61400E+02
 1.89876E+03	 9.62800E+02
 1.90263E+03	 9.62667E+02
 1.90649E+03	 9.59233E+02
 1.91035E+03	 9.62700E+02
 1.91421E+03	 9.66233E+02
 1.91807E+03	 9.61233E+02
 1.92193E+03	 9.61700E+02
 1.92578E+03	 9.62333E+02
 1.92964E+03	 9.62133E+02
 1.93349E+03	 9.62833E+02
 1.93734E+03	 9.65967E+02
 1.94118E+03	 9.61267E+02
 1.94503E+03	 9.59833E+02
 1.94887E+03	 9.61033E+02
 1.95271E+03	 9.63500E+02
 1.95655E+03	 9.63667E+02
 1.96039E+03	 9.60167E+02
 1.96423E+03	 9.59433E+02
 1.96806E+03	 9.61367E+02
 1.97189E+03	 9.57500E+02
 1.97572E+03	 9.61167E+02
 1.97955E+03	 9.63100E+02
 1.98338E+03	 9.60300E+02
 1.98720E+03	 9.58133E+02
 1.99103E+03	 9.58500E+02
 1.99485E+03	 9.59600E+02
 1.99866E+03	 9.58967E+02
 2.00248E+03	 9.63233E+02
 2.00630E+03	 9.59333E+02
 2.01011E+03	 9.59400E+02
 2.01392E+03	 9.57733E+02
 2.01773E+03	 9.60433E+02
 2.02154E+03	 9.59033E+02
 2.02534E+03	 9.58500E+02
 2.02915E+03	 9.57600E+02
 2.03295E+03	 9.60000E+02
 2.03675E+03	 9.59267E+02
 2.04055E+03	 9.59933E+02
 2.04435E+03	 9.59733E+02
 2.04814E+03	 9.57467E+02
 2.05193E+03	 9.57667E+02
 2.05572E+03	 9.56767E+02
 2.05951E+03	 9.58967E+02
 2.06330E+03	 9.59600E+02
 2.06708E+03	 9.57867E+02
 2.07087E+03	 9.57567E+02
 2.07465E+03	 9.57000E+02
 2.07843E+03	 9.59100E+02
 2.08221E+03	 9.56600E+02
 2.08598E+03	 9.56700E+02
 2.08976E+03	 9.57600E+02
 2.09353E+03	 9.57467E+02
 2.09730E+03	 9.54400E+02
 2.10107E+03	 9.54233E+02
 2.10484E+03	 9.58267E+02
 2.10860E+03	 9.57867E+02
 2.11236E+03	 9.55133E+02
 2.11613E+03	 9.54433E+02
 2.11989E+03	 9.57033E+02
 2.12364E+03	 9.59167E+02
 2.12740E+03	 9.56300E+02
 2.13115E+03	 9.54500E+02
 2.13490E+03	 9.56967E+02
 2.13866E+03	 9.56700E+02
 2.14240E+03	 9.57733E+02
 2.14615E+03	 9.55533E+02
 2.14990E+03	 9.56333E+02
 2.15364E+03	 9.54000E+02
 2.15738E+03	 9.54900E+02
 2.16112E+03	 9.55600E+02
 2.16486E+03	 9.56367E+02
 2.16859E+03	 9.55567E+02
 2.17233E+03	 9.56900E+02
 2.17606E+03	 9.57000E+02
 2.17979E+03	 9.54667E+02
 2.18352E+03	 9.54100E+02
 2.18724E+03	 9.53000E+02
 2.19097E+03	 9.57567E+02
 2.19469E+03	 9.56533E+02
 2.19841E+03	 9.54533E+02
 2.20213E+03	 9.51633E+02
 2.20585E+03	 9.51933E+02
 2.20956E+03	 9.55867E+02
 2.21328E+03	 9.55033E+02
 2.21699E+03	 9.52533E+02
 2.22070E+03	 9.53033E+02
 2.22441E+03	 9.52100E+02
 2.22812E+03	 9.54633E+02
 2.23182E+03	 9.53600E+02
 2.23552E+03	 9.52067E+02
 2.23923E+03	 9.51533E+02
 2.24293E+03	 9.54500E+02
 2.24662E+03	 9.52533E+02
 2.25032E+03	 9.53600E+02
 2.25401E+03	 9.53067E+02
 2.25771E+03	 9.49833E+02
 2.26140E+03	 9.48733E+02
 2.26509E+03	 9.50100E+02
 2.26877E+03	 9.51700E+02
 2.27246E+03	 9.50200E+02
 2.27614E+03	 9.51433E+02
 2.27982E+03	 9.51300E+02
 2.28350E+03	 9.49700E+02
 2.28718E+03	 9.49867E+02
 2.29086E+03	 9.51167E+02
 2.29453E+03	 9.52767E+02
 2.29820E+03	 9.48800E+02
 2.30188E+03	 9.53533E+02
 2.30555E+03	 9.49933E+02
 2.30921E+03	 9.53633E+02
 2.31288E+03	 9.51533E+02
 2.31654E+03	 9.49833E+02
 2.32020E+03	 9.49633E+02
 2.32386E+03	 9.50000E+02
 2.32752E+03	 9.49100E+02
 2.33118E+03	 9.48633E+02
 2.33484E+03	 9.51267E+02
 2.33849E+03	 9.53233E+02
 2.34214E+03	 9.53567E+02
 2.34579E+03	 9.53733E+02
 2.34944E+03	 9.52500E+02
 2.35308E+03	 9.50200E+02
 2.35673E+03	 9.51167E+02
 2.36037E+03	 9.49833E+02
 2.36401E+03	 9.49733E+02
 2.36765E+03	 9.53033E+02
 2.37129E+03	 9.51500E+02
 2.37492E+03	 9.51533E+02
 2.37856E+03	 9.54467E+02
 2.38219E+03	 9.49067E+02
 2.38582E+03	 9.52500E+02
 2.38945E+03	 9.50300E+02
 2.39308E+03	 9.53333E+02
 2.39670E+03	 9.53933E+02
 2.40033E+03	 9.52233E+02
 2.40395E+03	 9.52233E+02
 2.40757E+03	 9.50900E+02
 2.41119E+03	 9.50567E+02
 2.41480E+03	 9.52000E+02
 2.41842E+03	 9.51300E+02
 2.42203E+03	 9.50400E+02
 2.42564E+03	 9.49033E+02
 2.42925E+03	 9.50433E+02
 2.43286E+03	 9.48567E+02
 2.43647E+03	 9.48900E+02
 2.44007E+03	 9.51533E+02
 2.44367E+03	 9.49167E+02
 2.44727E+03	 9.52700E+02
 2.45087E+03	 9.51133E+02
 2.45447E+03	 9.50033E+02
 2.45807E+03	 9.50833E+02
 2.46166E+03	 9.48367E+02
 2.46525E+03	 9.51967E+02
 2.46884E+03	 9.51467E+02
 2.47243E+03	 9.48833E+02
 2.47602E+03	 9.51733E+02
 2.47960E+03	 9.52700E+02
 2.48319E+03	 9.50500E+02
 2.48677E+03	 9.50433E+02
 2.49035E+03	 9.52667E+02
 2.49393E+03	 9.51067E+02
 2.49751E+03	 9.51700E+02
 2.50108E+03	 9.51467E+02
 2.50465E+03	 9.53567E+02
 2.50823E+03	 9.51633E+02
 2.51180E+03	 9.51333E+02
 2.51536E+03	 9.50800E+02
 2.51893E+03	 9.54233E+02
 2.52250E+03	 9.52900E+02
 2.52606E+03	 9.54267E+02
 2.52962E+03	 9.55133E+02
 2.53318E+03	 9.55867E+02
 2.53674E+03	 9.52500E+02
 2.54029E+03	 9.55067E+02
 2.54385E+03	 9.54733E+02
 2.54740E+03	 9.55833E+02
 2.55095E+03	 9.55767E+02
 2.55450E+03	 9.56233E+02
 2.55805E+03	 9.55200E+02
 2.56160E+03	 9.54500E+02
 2.56514E+03	 9.54933E+02
 2.56868E+03	 9.56800E+02
 2.57222E+03	 9.54967E+02
 2.57576E+03	 9.55300E+02
 2.57930E+03	 9.53367E+02
 2.58284E+03	 9.57300E+02
 2.58637E+03	 9.54933E+02
 2.58991E+03	 9.55300E+02
 2.59344E+03	 9.56700E+02
 2.59697E+03	 9.57200E+02
 2.60049E+03	 9.54400E+02
 2.60402E+03	 9.56867E+02
 2.60754E+03	 9.56500E+02
 2.61107E+03	 9.54033E+02
 2.61459E+03	 9.54933E+02
 2.61811E+03	 9.56033E+02
 2.62162E+03	 9.56267E+02
 2.62514E+03	 9.55533E+02
 2.62865E+03	 9.58000E+02
 2.63217E+03	 9.57100E+02
 2.63568E+03	 9.57300E+02
 2.63919E+03	 9.57633E+02
 2.64269E+03	 9.55700E+02
 2.64620E+03	 9.58367E+02
 2.64970E+03	 9.58867E+02
 2.65321E+03	 9.59033E+02
 2.65671E+03	 9.63633E+02
 2.66021E+03	 9.62733E+02
 2.66370E+03	 9.59967E+02
 2.66720E+03	 9.63700E+02
 2.67069E+03	 9.62767E+02
 2.67419E+03	 9.63633E+02
 2.67768E+03	 9.66367E+02
 2.68117E+03	 9.68200E+02
 2.68466E+03	 9.67367E+02
 2.68814E+03	 9.69500E+02
 2.69163E+03	 9.71367E+02
 2.69511E+03	 9.68867E+02
 2.69859E+03	 9.70967E+02
 2.70207E+03	 9.74433E+02
 2.70555E+03	 9.79267E+02
 2.70902E+03	 9.79200E+02
 2.71250E+03	 9.77167E+02
 2.71597E+03	 9.80967E+02
 2.71944E+03	 9.82833E+02
 2.72291E+03	 9.84833E+02
 2.72638E+03	 9.88233E+02
 2.72984E+03	 9.94433E+02
 2.73331E+03	 9.99067E+02
 2.73677E+03	 1.00263E+03
 2.74023E+03	 1.00227E+03
 2.74369E+03	 1.01033E+03
 2.74715E+03	 1.00997E+03
 2.75061E+03	 1.01113E+03
 2.75406E+03	 1.01253E+03
 2.75752E+03	 1.01640E+03
 2.76097E+03	 1.01400E+03
 2.76442E+03	 1.01510E+03
 2.76786E+03	 1.01367E+03
 2.77131E+03	 1.01367E+03
 2.77476E+03	 1.00993E+03
 2.77820E+03	 1.00847E+03
 2.78164E+03	 1.01177E+03
 2.78508E+03	 1.01237E+03
 2.78852E+03	 1.01483E+03
 2.79196E+03	 1.00860E+03
 2.79539E+03	 1.01580E+03
 2.79883E+03	 1.01673E+03
 2.80226E+03	 1.01923E+03
 2.80569E+03	 1.02323E+03
 2.80912E+03	 1.02197E+03
 2.81254E+03	 1.02697E+03
 2.81597E+03	 1.03163E+03
 2.81939E+03	 1.03923E+03
 2.82282E+03	 1.04203E+03
 2.82624E+03	 1.05253E+03
 2.82966E+03	 1.05567E+03
 2.83307E+03	 1.05750E+03
 2.83649E+03	 1.07733E+03
 2.83990E+03	 1.08457E+03
 2.84332E+03	 1.10023E+03
 2.84673E+03	 1.10477E+03
 2.85014E+03	 1.11277E+03
 2.85354E+03	 1.13103E+03
 2.85695E+03	 1.15007E+03
 2.86036E+03	 1.17137E+03
 2.86376E+03	 1.16493E+03
 2.86716E+03	 1.21137E+03
 2.87056E+03	 1.23257E+03
 2.87396E+03	 1.26340E+03
 2.87736E+03	 1.29750E+03
 2.88075E+03	 1.33367E+03
 2.88414E+03	 1.39187E+03
 2.88754E+03	 1.43620E+03
 2.89093E+03	 1.50480E+03
 2.89431E+03	 1.52147E+03
 2.89770E+03	 1.55993E+03
 2.90109E+03	 1.56997E+03
 2.90447E+03	 1.55423E+03
 2.90785E+03	 1.57923E+03
 2.91123E+03	 1.53750E+03
 2.91461E+03	 1.52293E+03
 2.91799E+03	 1.51827E+03
 2.92137E+03	 1.49317E+03
 2.92474E+03	 1.49540E+03
 2.92811E+03	 1.48233E+03
 2.93149E+03	 1.48703E+03
 2.93486E+03	 1.49150E+03
 2.93822E+03	 1.51470E+03
 2.94159E+03	 1.52883E+03
 2.94496E+03	 1.53510E+03
 2.94832E+03	 1.53023E+03
 2.95168E+03	 1.54810E+03
 2.95504E+03	 1.54697E+03
 2.95840E+03	 1.52627E+03
 2.96176E+03	 1.54057E+03
 2.96511E+03	 1.51057E+03
 2.96847E+03	 1.49623E+03
 2.97182E+03	 1.46417E+03
 2.97517E+03	 1.44863E+03
 2.97852E+03	 1.39310E+03
 2.98187E+03	 1.35503E+03
 2.98521E+03	 1.30800E+03
 2.98856E+03	 1.27160E+03
 2.99190E+03	 1.22557E+03
 2.99524E+03	 1.17983E+03
 2.99858E+03	 1.13670E+03
 3.00192E+03	 1.10583E+03
 3.00526E+03	 1.07830E+03
 3.00859E+03	 1.06067E+03
 3.01193E+03	 1.03923E+03
 3.01526E+03	 1.02657E+03
 3.01859E+03	 1.01600E+03
 3.02192E+03	 1.00080E+03
 3.02525E+03	 9.95667E+02
 3.02857E+03	 9.93700E+02
 3.03190E+03	 9.84867E+02
 3.03522E+03	 9.84167E+02
 3.03854E+03	 9.77500E+02
 3.04186E+03	 9.76267E+02
 3.04518E+03	 9.72467E+02
 3.04850E+03	 9.73600E+02
 3.05181E+03	 9.69800E+02
 3.05512E+03	 9.72233E+02
 3.05844E+03	 9.68033E+02
 3.06175E+03	 9.69933E+02
 3.06506E+03	 9.70533E+02
 3.06836E+03	 9.63733E+02
 3.07167E+03	 9.69067E+02
 3.07497E+03	 9.69900E+02
 3.07828E+03	 9.65400E+02
 3.08158E+03	 9.67733E+02
 3.08488E+03	 9.68000E+02
 3.08818E+03	 9.68467E+02
 3.09147E+03	 9.71767E+02
 3.09477E+03	 9.66367E+02
 3.09806E+03	 9.69833E+02
 3.10135E+03	 9.69167E+02
 3.10464E+03	 9.70167E+02
 3.10793E+03	 9.71533E+02
 3.11122E+03	 9.70033E+02
 3.11451E+03	 9.73833E+02
 3.11779E+03	 9.73800E+02
 3.12107E+03	 9.75267E+02
 3.12436E+03	 9.70900E+02
 3.12764E+03	 9.75300E+02
 3.13091E+03	 9.77433E+02
 3.13419E+03	 9.74767E+02
 3.13747E+03	 9.80600E+02
 3.14074E+03	 9.81233E+02
 3.14401E+03	 9.85333E+02
 3.14728E+03	 9.83333E+02
 3.15055E+03	 9.85267E+02
 3.15382E+03	 9.88900E+02
 3.15709E+03	 9.86267E+02
 3.16035E+03	 9.87433E+02
 3.16362E+03	 9.87800E+02
 3.16688E+03	 9.87200E+02
 3.17014E+03	 9.93900E+02
 3.17340E+03	 9.95667E+02
 3.17665E+03	 9.95933E+02
 3.17991E+03	 9.95900E+02
 3.18316E+03	 1.00030E+03
 3.18642E+03	 1.00210E+03
 3.18967E+03	 1.00357E+03
 3.19292E+03	 1.00377E+03
 3.19617E+03	 1.00387E+03
 3.19941E+03	 1.01133E+03
 3.20266E+03	 1.01397E+03
 3.20590E+03	 1.01303E+03
 3.20914E+03	 1.01530E+03
 3.21238E+03	 1.01570E+03
 3.21562E+03	 1.01503E+03
 3.21886E+03	 1.01257E+03
 3.22210E+03	 1.01970E+03
 3.22533E+03	 1.02573E+03
 3.22857E+03	 1.02383E+03
 3.23180E+03	 1.02243E+03
 3.23503E+03	 1.02607E+03
 3.23826E+03	 1.02617E+03
 3.24148E+03	 1.03330E+03
 3.24471E+03	 1.03153E+03
 3.24793E+03	 1.03500E+03
 3.25116E+03	 1.02977E+03
 3.25438E+03	 1.02920E+03
 3.25760E+03	 1.03113E+03
 3.26082E+03	 1.03577E+03
 3.26403E+03	 1.03723E+03
 3.26725E+03	 1.03360E+03
 3.27046E+03	 1.04140E+03
 3.27368E+03	 1.03753E+03
 3.27689E+03	 1.03537E+03
 3.28010E+03	 1.04227E+03
 3.28331E+03	 1.03900E+03
 3.28651E+03	 1.03930E+03
 3.28972E+03	 1.04797E+03
 3.29292E+03	 1.04480E+03
 3.29612E+03	 1.04530E+03
 3.29932E+03	 1.04877E+03
 3.30252E+03	 1.04700E+03
 3.30572E+03	 1.04410E+03
 3.30892E+03	 1.05463E+03
 3.31211E+03	 1.04947E+03
 3.31531E+03	 1.04693E+03
 3.31850E+03	 1.04437E+03
 3.32169E+03	 1.04693E+03
 3.32488E+03	 1.04613E+03
 3.32807E+03	 1.05020E+03
 3.33125E+03	 1.05177E+03
 3.33444E+03	 1.05003E+03
 3.33762E+03	 1.05157E+03
 3.34080E+03	 1.05343E+03
 3.34398E+03	 1.05983E+03
 3.34716E+03	 1.05477E+03
 3.35034E+03	 1.06027E+03
 3.35351E+03	 1.05733E+03
 3.35669E+03	 1.05530E+03
 3.35986E+03	 1.05560E+03
 3.36303E+03	 1.05107E+03
 3.36620E+03	 1.05337E+03
 3.36937E+03	 1.05080E+03
 3.37254E+03	 1.05990E+03
 3.37570E+03	 1.06063E+03
 3.37887E+03	 1.05563E+03
 3.38203E+03	 1.05647E+03
 3.38519E+03	 1.06003E+03
 3.38835E+03	 1.05407E+03
 3.39151E+03	 1.06170E+03
 3.39467E+03	 1.06247E+03
 3.39782E+03	 1.04943E+03
 3.40098E+03	 1.05643E+03
 3.40413E+03	 1.06443E+03
 3.40728E+03	 1.05517E+03
 3.41043E+03	 1.05360E+03
 3.41358E+03	 1.04903E+03
 3.41673E+03	 1.05457E+03
 3.41987E+03	 1.05417E+03
 3.42302E+03	 1.04810E+03
 3.42616E+03	 1.05733E+03
 3.42930E+03	 1.05180E+03
 3.43244E+03	 1.05257E+03
 3.43558E+03	 1.04500E+03
 3.43872E+03	 1.04627E+03
 3.44185E+03	 1.04600E+03
 3.44499E+03	 1.04447E+03
 3.44812E+03	 1.04383E+03
 3.45125E+03	 1.05040E+03
 3.45438E+03	 1.04633E+03
 3.45751E+03	 1.04300E+03
 3.46064E+03	 1.03720E+03
 3.46376E+03	 1.03387E+03
 3.46689E+03	 1.03197E+03
 3.47001E+03	 1.03243E+03
 3.47313E+03	 1.03477E+03
 3.47625E+03	 1.03803E+03
 3.47937E+03	 1.03297E+03
 3.48249E+03	 1.03437E+03
 3.48560E+03	 1.03110E+03
 3.48872E+03	 1.02527E+03
 3.49183E+03	 1.02113E+03
 3.49494E+03	 1.02297E+03
 3.49805E+03	 1.01577E+03
 3.50116E+03	 1.02327E+03
 3.50427E+03	 1.01507E+03
 3.50737E+03	 1.00607E+03
 3.51048E+03	 1.00737E+03
 3.51358E+03	 1.00697E+03
 3.51668E+03	 1.00767E+03
 3.51978E+03	 9.99967E+02
 3.52288E+03	 1.00210E+03
 3.52598E+03	 9.98800E+02
 3.52907E+03	 9.96267E+02
 3.53217E+03	 9.94833E+02
 3.53526E+03	 9.86033E+02
 3.53835E+03	 9.90633E+02
 3.54144E+03	 9.90467E+02
 3.54453E+03	 9.86133E+02
 3.54762E+03	 9.81967E+02
 3.55071E+03	 9.81633E+02
 3.55379E+03	 9.79467E+02
 3.55687E+03	 9.77467E+02
 3.55996E+03	 9.76867E+02
 3.56304E+03	 9.75500E+02
 3.56612E+03	 9.78033E+02
 3.56919E+03	 9.72733E+02
 3.57227E+03	 9.69100E+02
 3.57535E+03	 9.66300E+02
 3.57842E+03	 9.67167E+02
 3.58149E+03	 9.66033E+02
 3.58456E+03	 9.64733E+02
 3.58763E+03	 9.62067E+02
 3.59070E+03	 9.61300E+02
 3.59377E+03	 9.56433E+02
 3.59683E+03	 9.56200E+02
 3.59990E+03	 9.57967E+02
 3.60296E+03	 9.56667E+02
 3.60602E+03	 9.54900E+02
 3.60908E+03	 9.48500E+02
 3.61214E+03	 9.49733E+02
 3.61519E+03	 9.46833E+02
 3.61825E+03	 9.44000E+02
 3.62130E+03	 9.45900E+02
 3.62436E+03	 9.43467E+02
 3.62741E+03	 9.40967E+02
 3.63046E+03	 9.40267E+02
 3.63351E+03	 9.38767E+02
 3.63656E+03	 9.39100E+02
 3.63960E+03	 9.36067E+02
 3.64265E+03	 9.36933E+02
 3.64569E+03	 9.33633E+02
 3.64873E+03	 9.34200E+02
 3.65177E+03	 9.32833E+02
 3.65481E+03	 9.32433E+02
 3.65785E+03	 9.33900E+02
 3.66089E+03	 9.29667E+02
 3.66392E+03	 9.31067E+02
 3.66695E+03	 9.29167E+02
 3.66999E+03	 9.27967E+02
 3.67302E+03	 9.28000E+02
 3.67605E+03	 9.28700E+02
 3.67908E+03	 9.27700E+02
 3.68210E+03	 9.29167E+02
 3.68513E+03	 9.26033E+02
 3.68815E+03	 9.25800E+02
 3.69117E+03	 9.28100E+02
 3.69420E+03	 9.25667E+02
 3.69722E+03	 9.24100E+02
 3.70023E+03	 9.24133E+02
 3.70325E+03	 9.25033E+02
 3.70627E+03	 9.23267E+02
 3.70928E+03	 9.22967E+02
 3.71230E+03	 9.24467E+02
 3.71531E+03	 9.24567E+02
 3.71832E+03	 9.24100E+02
 3.72133E+03	 9.22567E+02
 3.72434E+03	 9.22033E+02
 3.72734E+03	 9.24000E+02
 3.73035E+03	 9.22833E+02
 3.73335E+03	 9.22133E+02
 3.73635E+03	 9.20633E+02
 3.73936E+03	 9.19667E+02
 3.74236E+03	 9.21167E+02
 3.74535E+03	 9.21000E+02
 3.74835E+03	 9.18833E+02
 3.75135E+03	 9.19300E+02
 3.75434E+03	 9.19700E+02
 3.75733E+03	 9.22833E+02
 3.76033E+03	 9.18300E+02
 3.76332E+03	 9.20733E+02
 3.76631E+03	 9.18600E+02
 3.76929E+03	 9.20067E+02
 3.77228E+03	 9.17167E+02
 3.77527E+03	 9.19600E+02
 3.77825E+03	 9.18933E+02
 3.78123E+03	 9.17833E+02
 3.78421E+03	 9.21600E+02
 3.78719E+03	 9.18367E+02
