-1.40382E+02	 9.07200E+02
-1.35457E+02	 9.06767E+02
-1.30535E+02	 9.07067E+02
-1.25616E+02	 9.06300E+02
-1.20700E+02	 9.08367E+02
-1.15786E+02	 9.07167E+02
-1.10875E+02	 9.07867E+02
-1.05967E+02	 9.08633E+02
-1.01061E+02	 9.07867E+02
-9.61580E+01	 9.09033E+02
-9.12576E+01	 9.07533E+02
-8.63599E+01	 9.08533E+02
-8.14648E+01	 9.08433E+02
-7.65724E+01	 9.09067E+02
-7.16827E+01	 9.08533E+02
-6.67956E+01	 9.10800E+02
-6.19111E+01	 9.10900E+02
-5.70293E+01	 9.08233E+02
-5.21502E+01	 9.09400E+02
-4.72737E+01	 9.09600E+02
-4.23998E+01	 9.11833E+02
-3.75286E+01	 9.10233E+02
-3.26600E+01	 9.11567E+02
-2.77941E+01	 9.12767E+02
-2.29308E+01	 9.14000E+02
-1.80701E+01	 9.14233E+02
-1.32121E+01	 9.17533E+02
-8.35667E+00	 9.23400E+02
-3.50389E+00	 9.29500E+02
 1.34626E+00	 9.59700E+02
 6.19379E+00	 1.34297E+03
 1.10387E+01	 4.99160E+03
 1.58810E+01	 7.62100E+03
 2.07207E+01	 3.70267E+03
 2.55577E+01	 1.12887E+03
 3.03922E+01	 9.31900E+02
 3.52240E+01	 9.17667E+02
 4.00532E+01	 9.14000E+02
 4.48798E+01	 9.12733E+02
 4.97038E+01	 9.10867E+02
 5.45252E+01	 9.09267E+02
 5.93440E+01	 9.11367E+02
 6.41602E+01	 9.10233E+02
 6.89738E+01	 9.10700E+02
 7.37848E+01	 9.14433E+02
 7.85932E+01	 9.22567E+02
 8.33991E+01	 9.43167E+02
 8.82023E+01	 9.77567E+02
 9.30029E+01	 1.01860E+03
 9.78010E+01	 1.04927E+03
 1.02596E+02	 1.06117E+03
 1.07389E+02	 1.06670E+03
 1.12180E+02	 1.06960E+03
 1.16967E+02	 1.06043E+03
 1.21753E+02	 1.05700E+03
 1.26535E+02	 1.05320E+03
 1.31315E+02	 1.05430E+03
 1.36093E+02	 1.05523E+03
 1.40867E+02	 1.04970E+03
 1.45640E+02	 1.05273E+03
 1.50409E+02	 1.04717E+03
 1.55177E+02	 1.04860E+03
 1.59941E+02	 1.04647E+03
 1.64703E+02	 1.03753E+03
 1.69463E+02	 1.03687E+03
 1.74220E+02	 1.03550E+03
 1.78974E+02	 1.03000E+03
 1.83726E+02	 1.03120E+03
 1.88475E+02	 1.03253E+03
 1.93222E+02	 1.02653E+03
 1.97966E+02	 1.02773E+03
 2.02708E+02	 1.02500E+03
 2.07447E+02	 1.02270E+03
 2.12184E+02	 1.02513E+03
 2.16918E+02	 1.02730E+03
 2.21649E+02	 1.02253E+03
 2.26378E+02	 1.02513E+03
 2.31105E+02	 1.02307E+03
 2.35829E+02	 1.02080E+03
 2.40550E+02	 1.01890E+03
 2.45269E+02	 1.01657E+03
 2.49985E+02	 1.01843E+03
 2.54699E+02	 1.01927E+03
 2.59410E+02	 1.01707E+03
 2.64119E+02	 1.01647E+03
 2.68825E+02	 1.01310E+03
 2.73529E+02	 1.01723E+03
 2.78230E+02	 1.01800E+03
 2.82929E+02	 1.01383E+03
 2.87625E+02	 1.01467E+03
 2.92319E+02	 1.01037E+03
 2.97010E+02	 1.01373E+03
 3.01699E+02	 1.00973E+03
 3.06385E+02	 1.00990E+03
 3.11069E+02	 1.00883E+03
 3.15750E+02	 1.00953E+03
 3.20428E+02	 1.00630E+03
 3.25105E+02	 1.00923E+03
 3.29778E+02	 1.00463E+03
 3.34450E+02	 1.00770E+03
 3.39118E+02	 1.00950E+03
 3.43785E+02	 1.00797E+03
 3.48448E+02	 1.00897E+03
 3.53110E+02	 1.00407E+03
 3.57768E+02	 1.00920E+03
 3.62425E+02	 1.00660E+03
 3.67079E+02	 1.00433E+03
 3.71730E+02	 1.00760E+03
 3.76379E+02	 1.00450E+03
 3.81025E+02	 9.99633E+02
 3.85669E+02	 1.00083E+03
 3.90311E+02	 1.00540E+03
 3.94950E+02	 1.00310E+03
 3.99586E+02	 1.00603E+03
 4.04220E+02	 1.00767E+03
 4.08852E+02	 1.00483E+03
 4.13481E+02	 1.00443E+03
 4.18108E+02	 1.01047E+03
 4.22732E+02	 1.01547E+03
 4.27354E+02	 1.01693E+03
 4.31973E+02	 1.01470E+03
 4.36590E+02	 1.01620E+03
 4.41205E+02	 1.01787E+03
 4.45817E+02	 1.01487E+03
 4.50426E+02	 1.00890E+03
 4.55034E+02	 1.00230E+03
 4.59638E+02	 1.00380E+03
 4.64241E+02	 1.00023E+03
 4.68840E+02	 1.00163E+03
 4.73438E+02	 1.00050E+03
 4.78033E+02	 1.00347E+03
 4.82625E+02	 1.00667E+03
 4.87215E+02	 1.01073E+03
 4.91803E+02	 1.01573E+03
 4.96388E+02	 1.02830E+03
 5.00971E+02	 1.03023E+03
 5.05552E+02	 1.03603E+03
 5.10129E+02	 1.03217E+03
 5.14705E+02	 1.02630E+03
 5.19278E+02	 1.01217E+03
 5.23849E+02	 1.00803E+03
 5.28417E+02	 9.99733E+02
 5.32983E+02	 9.97400E+02
 5.37547E+02	 9.95233E+02
 5.42108E+02	 9.91133E+02
 5.46666E+02	 9.92833E+02
 5.51223E+02	 9.94533E+02
 5.55777E+02	 9.96000E+02
 5.60328E+02	 9.97133E+02
 5.64877E+02	 1.00073E+03
 5.69424E+02	 9.95400E+02
 5.73968E+02	 9.95467E+02
 5.78510E+02	 9.95233E+02
 5.83049E+02	 9.94567E+02
 5.87587E+02	 9.90633E+02
 5.92121E+02	 9.93633E+02
 5.96654E+02	 9.90033E+02
 6.01184E+02	 9.93000E+02
 6.05711E+02	 9.91567E+02
 6.10236E+02	 9.91333E+02
 6.14759E+02	 9.91400E+02
 6.19280E+02	 9.89033E+02
 6.23798E+02	 9.88833E+02
 6.28313E+02	 9.88867E+02
 6.32827E+02	 9.88467E+02
 6.37338E+02	 9.85700E+02
 6.41846E+02	 9.90600E+02
 6.46352E+02	 9.89067E+02
 6.50856E+02	 9.86733E+02
 6.55358E+02	 9.91900E+02
 6.59857E+02	 9.93433E+02
 6.64354E+02	 9.91233E+02
 6.68848E+02	 9.89733E+02
 6.73340E+02	 9.89100E+02
 6.77830E+02	 9.92000E+02
 6.82317E+02	 9.99533E+02
 6.86802E+02	 9.95767E+02
 6.91285E+02	 9.98067E+02
 6.95765E+02	 9.99000E+02
 7.00243E+02	 1.00143E+03
 7.04718E+02	 9.95267E+02
 7.09192E+02	 9.89400E+02
 7.13663E+02	 9.90900E+02
 7.18131E+02	 9.87967E+02
 7.22597E+02	 9.86867E+02
 7.27061E+02	 9.84433E+02
 7.31523E+02	 9.86767E+02
 7.35982E+02	 9.85867E+02
 7.40439E+02	 9.86100E+02
 7.44894E+02	 9.88433E+02
 7.49346E+02	 9.86400E+02
 7.53796E+02	 9.81700E+02
 7.58243E+02	 9.82867E+02
 7.62689E+02	 9.84133E+02
 7.67132E+02	 9.82333E+02
 7.71572E+02	 9.84600E+02
 7.76011E+02	 9.84400E+02
 7.80447E+02	 9.88400E+02
 7.84880E+02	 9.84367E+02
 7.89312E+02	 9.84800E+02
 7.93741E+02	 9.86833E+02
 7.98167E+02	 9.86500E+02
 8.02592E+02	 9.90967E+02
 8.07014E+02	 9.92033E+02
 8.11434E+02	 9.88333E+02
 8.15851E+02	 9.90367E+02
 8.20267E+02	 9.92400E+02
 8.24680E+02	 9.96933E+02
 8.29090E+02	 1.00600E+03
 8.33499E+02	 1.01210E+03
 8.37905E+02	 1.02160E+03
 8.42309E+02	 1.02103E+03
 8.46710E+02	 1.01343E+03
 8.51109E+02	 1.02017E+03
 8.55506E+02	 1.02767E+03
 8.59901E+02	 1.03817E+03
 8.64293E+02	 1.04660E+03
 8.68683E+02	 1.05490E+03
 8.73071E+02	 1.04697E+03
 8.77456E+02	 1.04653E+03
 8.81840E+02	 1.03477E+03
 8.86221E+02	 1.02183E+03
 8.90599E+02	 1.01093E+03
 8.94976E+02	 1.00217E+03
 8.99350E+02	 9.92867E+02
 9.03722E+02	 9.89600E+02
 9.08091E+02	 9.88067E+02
 9.12459E+02	 9.89000E+02
 9.16824E+02	 9.92200E+02
 9.21187E+02	 9.95800E+02
 9.25547E+02	 1.00390E+03
 9.29905E+02	 1.00930E+03
 9.34261E+02	 1.01403E+03
 9.38615E+02	 1.01400E+03
 9.42967E+02	 1.01740E+03
 9.47316E+02	 1.01713E+03
 9.51663E+02	 1.00783E+03
 9.56008E+02	 1.00007E+03
 9.60350E+02	 9.89567E+02
 9.64691E+02	 9.86867E+02
 9.69029E+02	 9.80533E+02
 9.73364E+02	 9.82800E+02
 9.77698E+02	 9.81933E+02
 9.82029E+02	 9.87633E+02
 9.86358E+02	 9.90167E+02
 9.90685E+02	 9.98033E+02
 9.95010E+02	 9.97333E+02
 9.99332E+02	 9.93533E+02
 1.00365E+03	 9.88267E+02
 1.00797E+03	 9.85200E+02
 1.01229E+03	 9.81567E+02
 1.01660E+03	 9.84233E+02
 1.02091E+03	 9.85800E+02
 1.02522E+03	 9.82167E+02
 1.02953E+03	 9.86833E+02
 1.03383E+03	 9.89467E+02
 1.03813E+03	 9.92100E+02
 1.04243E+03	 9.97333E+02
 1.04673E+03	 1.00890E+03
 1.05103E+03	 1.01827E+03
 1.05532E+03	 1.02970E+03
 1.05961E+03	 1.04350E+03
 1.06390E+03	 1.04430E+03
 1.06819E+03	 1.05447E+03
 1.07247E+03	 1.05447E+03
 1.07676E+03	 1.05567E+03
 1.08104E+03	 1.05300E+03
 1.08531E+03	 1.04307E+03
 1.08959E+03	 1.03843E+03
 1.09386E+03	 1.03450E+03
 1.09813E+03	 1.03243E+03
 1.10240E+03	 1.02597E+03
 1.10667E+03	 1.02677E+03
 1.11094E+03	 1.03243E+03
 1.11520E+03	 1.02153E+03
 1.11946E+03	 1.02537E+03
 1.12372E+03	 1.02747E+03
 1.12797E+03	 1.02943E+03
 1.13223E+03	 1.02517E+03
 1.13648E+03	 1.02030E+03
 1.14073E+03	 1.01410E+03
 1.14498E+03	 1.00333E+03
 1.14922E+03	 9.94433E+02
 1.15347E+03	 9.84933E+02
 1.15771E+03	 9.82667E+02
 1.16194E+03	 9.79833E+02
 1.16618E+03	 9.77300E+02
 1.17042E+03	 9.78567E+02
 1.17465E+03	 9.78167E+02
 1.17888E+03	 9.76200E+02
 1.18311E+03	 9.77533E+02
 1.18733E+03	 9.77300E+02
 1.19156E+03	 9.75967E+02
 1.19578E+03	 9.80300E+02
 1.20000E+03	 9.78800E+02
 1.20421E+03	 9.81500E+02
 1.20843E+03	 9.79533E+02
 1.21264E+03	 9.82900E+02
 1.21685E+03	 9.90267E+02
 1.22106E+03	 9.91033E+02
 1.22527E+03	 9.94467E+02
 1.22947E+03	 9.95133E+02
 1.23367E+03	 9.94867E+02
 1.23787E+03	 9.97433E+02
 1.24207E+03	 9.95433E+02
 1.24627E+03	 1.00223E+03
 1.25046E+03	 1.00403E+03
 1.25465E+03	 1.00523E+03
 1.25884E+03	 1.01127E+03
 1.26303E+03	 1.01293E+03
 1.26721E+03	 1.01190E+03
 1.27140E+03	 1.01283E+03
 1.27558E+03	 1.00760E+03
 1.27975E+03	 1.01180E+03
 1.28393E+03	 1.01007E+03
 1.28811E+03	 1.00833E+03
 1.29228E+03	 1.01300E+03
 1.29645E+03	 1.00803E+03
 1.30062E+03	 1.00427E+03
 1.30478E+03	 1.00280E+03
 1.30895E+03	 9.98967E+02
 1.31311E+03	 9.96567E+02
 1.31727E+03	 9.95367E+02
 1.32142E+03	 1.00303E+03
 1.32558E+03	 1.00437E+03
 1.32973E+03	 1.00070E+03
 1.33388E+03	 1.00273E+03
 1.33803E+03	 1.00247E+03
 1.34218E+03	 1.00393E+03
 1.34632E+03	 1.00127E+03
 1.35047E+03	 1.00030E+03
 1.35461E+03	 1.00230E+03
 1.35875E+03	 1.00473E+03
 1.36288E+03	 1.00770E+03
 1.36702E+03	 1.00710E+03
 1.37115E+03	 1.01227E+03
 1.37528E+03	 1.00930E+03
 1.37941E+03	 1.00500E+03
 1.38353E+03	 1.00170E+03
 1.38766E+03	 9.99233E+02
 1.39178E+03	 9.97033E+02
 1.39590E+03	 1.00183E+03
 1.40001E+03	 9.95500E+02
 1.40413E+03	 9.94000E+02
 1.40824E+03	 9.97133E+02
 1.41235E+03	 9.94367E+02
 1.41646E+03	 9.93467E+02
 1.42057E+03	 9.97100E+02
 1.42468E+03	 9.93933E+02
 1.42878E+03	 9.95667E+02
 1.43288E+03	 9.92400E+02
 1.43698E+03	 9.92467E+02
 1.44107E+03	 9.87767E+02
 1.44517E+03	 9.94567E+02
 1.44926E+03	 9.90533E+02
 1.45335E+03	 9.91167E+02
 1.45744E+03	 9.94400E+02
 1.46153E+03	 1.00317E+03
 1.46561E+03	 1.00363E+03
 1.46969E+03	 1.01993E+03
 1.47377E+03	 1.03983E+03
 1.47785E+03	 1.04860E+03
 1.48193E+03	 1.05823E+03
 1.48600E+03	 1.05323E+03
 1.49007E+03	 1.04383E+03
 1.49414E+03	 1.02477E+03
 1.49821E+03	 1.01353E+03
 1.50228E+03	 9.96467E+02
 1.50634E+03	 9.86900E+02
 1.51040E+03	 9.80367E+02
 1.51446E+03	 9.77833E+02
 1.51852E+03	 9.73167E+02
 1.52258E+03	 9.70900E+02
 1.52663E+03	 9.69467E+02
 1.53068E+03	 9.68733E+02
 1.53473E+03	 9.67967E+02
 1.53878E+03	 9.70667E+02
 1.54282E+03	 9.70800E+02
 1.54687E+03	 9.67700E+02
 1.55091E+03	 9.68167E+02
 1.55495E+03	 9.69100E+02
 1.55899E+03	 9.67533E+02
 1.56302E+03	 9.67333E+02
 1.56705E+03	 9.66600E+02
 1.57109E+03	 9.69733E+02
 1.57512E+03	 9.71733E+02
 1.57914E+03	 9.69133E+02
 1.58317E+03	 9.64900E+02
 1.58719E+03	 9.66867E+02
 1.59121E+03	 9.66700E+02
 1.59523E+03	 9.65833E+02
 1.59925E+03	 9.66367E+02
 1.60326E+03	 9.67633E+02
 1.60728E+03	 9.65633E+02
 1.61129E+03	 9.66667E+02
 1.61530E+03	 9.64133E+02
 1.61930E+03	 9.67400E+02
 1.62331E+03	 9.65233E+02
 1.62731E+03	 9.64533E+02
 1.63131E+03	 9.65833E+02
 1.63531E+03	 9.63900E+02
 1.63931E+03	 9.63733E+02
 1.64330E+03	 9.64433E+02
 1.64730E+03	 9.65867E+02
 1.65129E+03	 9.63600E+02
 1.65528E+03	 9.63533E+02
 1.65926E+03	 9.63500E+02
 1.66325E+03	 9.63567E+02
 1.66723E+03	 9.64000E+02
 1.67121E+03	 9.63767E+02
 1.67519E+03	 9.62567E+02
 1.67917E+03	 9.64033E+02
 1.68314E+03	 9.63233E+02
 1.68712E+03	 9.64600E+02
 1.69109E+03	 9.63333E+02
 1.69506E+03	 9.61600E+02
 1.69903E+03	 9.62267E+02
 1.70299E+03	 9.65300E+02
 1.70695E+03	 9.62600E+02
 1.71092E+03	 9.62200E+02
 1.71487E+03	 9.62200E+02
 1.71883E+03	 9.62967E+02
 1.72279E+03	 9.62333E+02
 1.72674E+03	 9.61467E+02
 1.73069E+03	 9.62100E+02
 1.73464E+03	 9.63933E+02
 1.73859E+03	 9.63067E+02
 1.74253E+03	 9.61367E+02
 1.74648E+03	 9.60833E+02
 1.75042E+03	 9.59533E+02
 1.75436E+03	 9.60800E+02
 1.75830E+03	 9.59900E+02
 1.76223E+03	 9.61167E+02
 1.76617E+03	 9.57000E+02
 1.77010E+03	 9.62167E+02
 1.77403E+03	 9.59333E+02
 1.77796E+03	 9.60100E+02
 1.78188E+03	 9.57933E+02
 1.78581E+03	 9.59233E+02
 1.78973E+03	 9.59733E+02
 1.79365E+03	 9.60567E+02
 1.79757E+03	 9.58167E+02
 1.80148E+03	 9.60600E+02
 1.80540E+03	 9.58500E+02
 1.80931E+03	 9.59833E+02
 1.81322E+03	 9.59833E+02
 1.81713E+03	 9.58600E+02
 1.82104E+03	 9.60467E+02
 1.82494E+03	 9.59633E+02
 1.82884E+03	 9.58467E+02
 1.83274E+03	 9.61433E+02
 1.83664E+03	 9.58233E+02
 1.84054E+03	 9.58600E+02
 1.84443E+03	 9.57300E+02
 1.84833E+03	 9.61200E+02
 1.85222E+03	 9.59600E+02
 1.85611E+03	 9.58333E+02
 1.85999E+03	 9.56433E+02
 1.86388E+03	 9.58300E+02
 1.86776E+03	 9.58567E+02
 1.87164E+03	 9.55633E+02
 1.87552E+03	 9.57933E+02
 1.87940E+03	 9.58267E+02
 1.88328E+03	 9.57033E+02
 1.88715E+03	 9.58500E+02
 1.89102E+03	 9.56800E+02
 1.89489E+03	 9.57900E+02
 1.89876E+03	 9.57300E+02
 1.90263E+03	 9.57067E+02
 1.90649E+03	 9.57367E+02
 1.91035E+03	 9.57400E+02
 1.91421E+03	 9.59833E+02
 1.91807E+03	 9.56867E+02
 1.92193E+03	 9.56600E+02
 1.92578E+03	 9.57533E+02
 1.92964E+03	 9.57733E+02
 1.93349E+03	 9.58133E+02
 1.93734E+03	 9.58933E+02
 1.94118E+03	 9.55567E+02
 1.94503E+03	 9.56633E+02
 1.94887E+03	 9.56633E+02
 1.95271E+03	 9.60300E+02
 1.95655E+03	 9.56467E+02
 1.96039E+03	 9.57367E+02
 1.96423E+03	 9.55933E+02
 1.96806E+03	 9.54200E+02
 1.97189E+03	 9.56867E+02
 1.97572E+03	 9.57033E+02
 1.97955E+03	 9.55900E+02
 1.98338E+03	 9.56433E+02
 1.98720E+03	 9.56033E+02
 1.99103E+03	 9.55333E+02
 1.99485E+03	 9.56033E+02
 1.99866E+03	 9.56633E+02
 2.00248E+03	 9.57833E+02
 2.00630E+03	 9.54633E+02
 2.01011E+03	 9.56433E+02
 2.01392E+03	 9.55467E+02
 2.01773E+03	 9.57767E+02
 2.02154E+03	 9.55200E+02
 2.02534E+03	 9.55533E+02
 2.02915E+03	 9.55000E+02
 2.03295E+03	 9.57167E+02
 2.03675E+03	 9.54767E+02
 2.04055E+03	 9.57233E+02
 2.04435E+03	 9.55967E+02
 2.04814E+03	 9.55167E+02
 2.05193E+03	 9.54800E+02
 2.05572E+03	 9.54867E+02
 2.05951E+03	 9.55600E+02
 2.06330E+03	 9.54967E+02
 2.06708E+03	 9.56200E+02
 2.07087E+03	 9.56267E+02
 2.07465E+03	 9.55733E+02
 2.07843E+03	 9.56733E+02
 2.08221E+03	 9.55667E+02
 2.08598E+03	 9.56133E+02
 2.08976E+03	 9.53000E+02
 2.09353E+03	 9.54267E+02
 2.09730E+03	 9.53733E+02
 2.10107E+03	 9.54233E+02
 2.10484E+03	 9.56200E+02
 2.10860E+03	 9.56567E+02
 2.11236E+03	 9.53767E+02
 2.11613E+03	 9.53600E+02
 2.11989E+03	 9.54133E+02
 2.12364E+03	 9.55267E+02
 2.12740E+03	 9.55700E+02
 2.13115E+03	 9.55267E+02
 2.13490E+03	 9.55267E+02
 2.13866E+03	 9.54767E+02
 2.14240E+03	 9.54333E+02
 2.14615E+03	 9.53233E+02
 2.14990E+03	 9.54400E+02
 2.15364E+03	 9.54133E+02
 2.15738E+03	 9.55333E+02
 2.16112E+03	 9.57900E+02
 2.16486E+03	 9.55700E+02
 2.16859E+03	 9.55200E+02
 2.17233E+03	 9.56567E+02
 2.17606E+03	 9.73733E+02
 2.17979E+03	 9.56367E+02
 2.18352E+03	 9.52267E+02
 2.18724E+03	 9.54233E+02
 2.19097E+03	 9.55633E+02
 2.19469E+03	 9.54533E+02
 2.19841E+03	 9.55433E+02
 2.20213E+03	 9.51967E+02
 2.20585E+03	 9.51867E+02
 2.20956E+03	 9.56833E+02
 2.21328E+03	 9.55367E+02
 2.21699E+03	 9.51633E+02
 2.22070E+03	 9.51833E+02
 2.22441E+03	 9.52867E+02
 2.22812E+03	 9.73100E+02
 2.23182E+03	 9.53600E+02
 2.23552E+03	 9.54633E+02
 2.23923E+03	 9.52433E+02
 2.24293E+03	 9.53500E+02
 2.24662E+03	 9.52933E+02
 2.25032E+03	 9.55500E+02
 2.25401E+03	 9.52467E+02
 2.25771E+03	 9.53067E+02
 2.26140E+03	 9.52367E+02
 2.26509E+03	 9.52200E+02
 2.26877E+03	 9.55367E+02
 2.27246E+03	 9.51700E+02
 2.27614E+03	 9.51367E+02
 2.27982E+03	 9.54033E+02
 2.28350E+03	 9.51167E+02
 2.28718E+03	 9.53800E+02
 2.29086E+03	 9.51733E+02
 2.29453E+03	 9.52967E+02
 2.29820E+03	 9.49033E+02
 2.30188E+03	 9.57033E+02
 2.30555E+03	 9.53233E+02
 2.30921E+03	 9.51833E+02
 2.31288E+03	 9.54033E+02
 2.31654E+03	 9.53333E+02
 2.32020E+03	 9.50200E+02
 2.32386E+03	 9.52433E+02
 2.32752E+03	 9.51767E+02
 2.33118E+03	 9.50933E+02
 2.33484E+03	 9.54500E+02
 2.33849E+03	 9.55900E+02
 2.34214E+03	 9.58333E+02
 2.34579E+03	 9.56133E+02
 2.34944E+03	 9.51700E+02
 2.35308E+03	 9.51967E+02
 2.35673E+03	 9.51967E+02
 2.36037E+03	 9.52167E+02
 2.36401E+03	 9.52500E+02
 2.36765E+03	 9.54100E+02
 2.37129E+03	 9.52833E+02
 2.37492E+03	 9.53533E+02
 2.37856E+03	 9.54333E+02
 2.38219E+03	 9.51000E+02
 2.38582E+03	 9.53300E+02
 2.38945E+03	 9.54667E+02
 2.39308E+03	 9.53267E+02
 2.39670E+03	 9.54100E+02
 2.40033E+03	 9.52333E+02
 2.40395E+03	 9.52700E+02
 2.40757E+03	 9.50933E+02
 2.41119E+03	 9.53467E+02
 2.41480E+03	 9.53267E+02
 2.41842E+03	 9.52467E+02
 2.42203E+03	 9.52933E+02
 2.42564E+03	 9.51733E+02
 2.42925E+03	 9.52000E+02
 2.43286E+03	 9.51433E+02
 2.43647E+03	 9.50300E+02
 2.44007E+03	 9.50367E+02
 2.44367E+03	 9.52333E+02
 2.44727E+03	 9.51067E+02
 2.45087E+03	 9.50633E+02
 2.45447E+03	 9.51100E+02
 2.45807E+03	 9.53467E+02
 2.46166E+03	 9.50300E+02
 2.46525E+03	 9.54467E+02
 2.46884E+03	 9.51667E+02
 2.47243E+03	 9.51367E+02
 2.47602E+03	 9.54567E+02
 2.47960E+03	 9.53033E+02
 2.48319E+03	 9.52033E+02
 2.48677E+03	 9.51767E+02
 2.49035E+03	 9.52800E+02
 2.49393E+03	 9.53333E+02
 2.49751E+03	 9.51767E+02
 2.50108E+03	 9.52367E+02
 2.50465E+03	 9.53000E+02
 2.50823E+03	 9.51933E+02
 2.51180E+03	 9.52100E+02
 2.51536E+03	 9.53933E+02
 2.51893E+03	 9.52833E+02
 2.52250E+03	 9.55400E+02
 2.52606E+03	 9.54100E+02
 2.52962E+03	 9.50567E+02
 2.53318E+03	 9.51933E+02
 2.53674E+03	 9.52667E+02
 2.54029E+03	 9.53500E+02
 2.54385E+03	 9.55467E+02
 2.54740E+03	 9.54367E+02
 2.55095E+03	 9.53433E+02
 2.55450E+03	 9.52400E+02
 2.55805E+03	 9.55267E+02
 2.56160E+03	 9.54533E+02
 2.56514E+03	 9.55233E+02
 2.56868E+03	 9.54733E+02
 2.57222E+03	 9.53100E+02
 2.57576E+03	 9.53267E+02
 2.57930E+03	 9.52367E+02
 2.58284E+03	 9.54500E+02
 2.58637E+03	 9.53067E+02
 2.58991E+03	 9.55933E+02
 2.59344E+03	 9.52967E+02
 2.59697E+03	 9.54133E+02
 2.60049E+03	 9.54067E+02
 2.60402E+03	 9.54267E+02
 2.60754E+03	 9.53133E+02
 2.61107E+03	 9.52233E+02
 2.61459E+03	 9.53300E+02
 2.61811E+03	 9.54067E+02
 2.62162E+03	 9.55000E+02
 2.62514E+03	 9.52467E+02
 2.62865E+03	 9.54767E+02
 2.63217E+03	 9.54533E+02
 2.63568E+03	 9.52967E+02
 2.63919E+03	 9.55667E+02
 2.64269E+03	 9.52667E+02
 2.64620E+03	 9.54667E+02
 2.64970E+03	 9.56000E+02
 2.65321E+03	 9.53633E+02
 2.65671E+03	 9.57567E+02
 2.66021E+03	 9.55133E+02
 2.66370E+03	 9.52067E+02
 2.66720E+03	 9.57933E+02
 2.67069E+03	 9.58500E+02
 2.67419E+03	 9.54633E+02
 2.67768E+03	 9.57133E+02
 2.68117E+03	 9.59467E+02
 2.68466E+03	 9.57867E+02
 2.68814E+03	 9.58433E+02
 2.69163E+03	 9.60600E+02
 2.69511E+03	 9.57100E+02
 2.69859E+03	 9.61600E+02
 2.70207E+03	 9.61700E+02
 2.70555E+03	 9.60567E+02
 2.70902E+03	 9.62400E+02
 2.71250E+03	 9.59967E+02
 2.71597E+03	 9.64967E+02
 2.71944E+03	 9.64900E+02
 2.72291E+03	 9.68267E+02
 2.72638E+03	 9.67733E+02
 2.72984E+03	 9.69667E+02
 2.73331E+03	 9.69400E+02
 2.73677E+03	 9.73767E+02
 2.74023E+03	 9.73867E+02
 2.74369E+03	 9.77200E+02
 2.74715E+03	 9.75900E+02
 2.75061E+03	 9.75900E+02
 2.75406E+03	 9.76567E+02
 2.75752E+03	 9.75567E+02
 2.76097E+03	 9.78833E+02
 2.76442E+03	 9.76333E+02
 2.76786E+03	 9.80467E+02
 2.77131E+03	 9.79933E+02
 2.77476E+03	 9.76167E+02
 2.77820E+03	 9.73233E+02
 2.78164E+03	 9.77833E+02
 2.78508E+03	 9.74733E+02
 2.78852E+03	 9.76733E+02
 2.79196E+03	 9.75133E+02
 2.79539E+03	 9.76600E+02
 2.79883E+03	 9.78367E+02
 2.80226E+03	 9.77667E+02
 2.80569E+03	 9.80167E+02
 2.80912E+03	 9.81567E+02
 2.81254E+03	 9.85333E+02
 2.81597E+03	 9.82567E+02
 2.81939E+03	 9.87600E+02
 2.82282E+03	 9.90733E+02
 2.82624E+03	 9.87067E+02
 2.82966E+03	 9.97500E+02
 2.83307E+03	 9.96467E+02
 2.83649E+03	 1.00070E+03
 2.83990E+03	 1.00710E+03
 2.84332E+03	 1.00960E+03
 2.84673E+03	 1.01533E+03
 2.85014E+03	 1.02460E+03
 2.85354E+03	 1.02997E+03
 2.85695E+03	 1.03760E+03
 2.86036E+03	 1.04860E+03
 2.86376E+03	 1.04743E+03
 2.86716E+03	 1.06487E+03
 2.87056E+03	 1.07827E+03
 2.87396E+03	 1.08630E+03
 2.87736E+03	 1.10523E+03
 2.88075E+03	 1.12583E+03
 2.88414E+03	 1.14377E+03
 2.88754E+03	 1.15567E+03
 2.89093E+03	 1.18587E+03
 2.89431E+03	 1.20853E+03
 2.89770E+03	 1.21090E+03
 2.90109E+03	 1.22713E+03
 2.90447E+03	 1.22437E+03
 2.90785E+03	 1.20503E+03
 2.91123E+03	 1.21570E+03
 2.91461E+03	 1.19740E+03
 2.91799E+03	 1.18667E+03
 2.92137E+03	 1.17867E+03
 2.92474E+03	 1.18677E+03
 2.92811E+03	 1.17487E+03
 2.93149E+03	 1.17967E+03
 2.93486E+03	 1.18843E+03
 2.93822E+03	 1.19620E+03
 2.94159E+03	 1.19577E+03
 2.94496E+03	 1.20917E+03
 2.94832E+03	 1.19640E+03
 2.95168E+03	 1.20180E+03
 2.95504E+03	 1.21037E+03
 2.95840E+03	 1.19830E+03
 2.96176E+03	 1.20080E+03
 2.96511E+03	 1.18513E+03
 2.96847E+03	 1.18553E+03
 2.97182E+03	 1.16337E+03
 2.97517E+03	 1.16257E+03
 2.97852E+03	 1.14127E+03
 2.98187E+03	 1.12047E+03
 2.98521E+03	 1.09727E+03
 2.98856E+03	 1.08317E+03
 2.99190E+03	 1.06300E+03
 2.99524E+03	 1.04470E+03
 2.99858E+03	 1.02790E+03
 3.00192E+03	 1.01550E+03
 3.00526E+03	 1.00243E+03
 3.00859E+03	 9.96500E+02
 3.01193E+03	 9.87133E+02
 3.01526E+03	 9.80100E+02
 3.01859E+03	 9.75967E+02
 3.02192E+03	 9.69100E+02
 3.02525E+03	 9.65400E+02
 3.02857E+03	 9.63533E+02
 3.03190E+03	 9.58533E+02
 3.03522E+03	 9.60600E+02
 3.03854E+03	 9.56800E+02
 3.04186E+03	 9.56100E+02
 3.04518E+03	 9.55567E+02
 3.04850E+03	 9.58033E+02
 3.05181E+03	 9.54800E+02
 3.05512E+03	 9.55867E+02
 3.05844E+03	 9.54367E+02
 3.06175E+03	 9.55433E+02
 3.06506E+03	 9.55100E+02
 3.06836E+03	 9.50767E+02
 3.07167E+03	 9.50767E+02
 3.07497E+03	 9.53100E+02
 3.07828E+03	 9.50900E+02
 3.08158E+03	 9.52333E+02
 3.08488E+03	 9.53800E+02
 3.08818E+03	 9.56533E+02
 3.09147E+03	 9.52133E+02
 3.09477E+03	 9.52567E+02
 3.09806E+03	 9.52700E+02
 3.10135E+03	 9.52333E+02
 3.10464E+03	 9.53533E+02
 3.10793E+03	 9.51267E+02
 3.11122E+03	 9.55233E+02
 3.11451E+03	 9.56100E+02
 3.11779E+03	 9.53600E+02
 3.12107E+03	 9.54800E+02
 3.12436E+03	 9.53967E+02
 3.12764E+03	 9.53233E+02
 3.13091E+03	 9.55867E+02
 3.13419E+03	 9.53433E+02
 3.13747E+03	 9.57000E+02
 3.14074E+03	 9.57133E+02
 3.14401E+03	 9.58000E+02
 3.14728E+03	 9.59100E+02
 3.15055E+03	 9.58167E+02
 3.15382E+03	 9.58600E+02
 3.15709E+03	 9.60567E+02
 3.16035E+03	 9.59833E+02
 3.16362E+03	 9.60967E+02
 3.16688E+03	 9.59867E+02
 3.17014E+03	 9.63133E+02
 3.17340E+03	 9.59833E+02
 3.17665E+03	 9.63367E+02
 3.17991E+03	 9.62433E+02
 3.18316E+03	 9.63033E+02
 3.18642E+03	 9.64000E+02
 3.18967E+03	 9.63467E+02
 3.19292E+03	 9.63133E+02
 3.19617E+03	 9.63433E+02
 3.19941E+03	 9.67500E+02
 3.20266E+03	 9.67333E+02
 3.20590E+03	 9.67400E+02
 3.20914E+03	 9.68533E+02
 3.21238E+03	 9.69933E+02
 3.21562E+03	 9.68400E+02
 3.21886E+03	 9.67833E+02
 3.22210E+03	 9.69767E+02
 3.22533E+03	 9.73267E+02
 3.22857E+03	 9.71867E+02
 3.23180E+03	 9.73433E+02
 3.23503E+03	 9.73733E+02
 3.23826E+03	 9.72633E+02
 3.24148E+03	 9.73200E+02
 3.24471E+03	 9.76500E+02
 3.24793E+03	 9.74633E+02
 3.25116E+03	 9.75400E+02
 3.25438E+03	 9.74700E+02
 3.25760E+03	 9.72933E+02
 3.26082E+03	 9.75567E+02
 3.26403E+03	 9.74867E+02
 3.26725E+03	 9.74300E+02
 3.27046E+03	 9.78933E+02
 3.27368E+03	 9.72833E+02
 3.27689E+03	 9.78200E+02
 3.28010E+03	 9.81867E+02
 3.28331E+03	 9.77333E+02
 3.28651E+03	 9.78033E+02
 3.28972E+03	 9.77267E+02
 3.29292E+03	 9.79800E+02
 3.29612E+03	 9.81000E+02
 3.29932E+03	 9.81167E+02
 3.30252E+03	 9.76533E+02
 3.30572E+03	 9.76100E+02
 3.30892E+03	 9.80867E+02
 3.31211E+03	 9.80200E+02
 3.31531E+03	 9.84033E+02
 3.31850E+03	 9.80733E+02
 3.32169E+03	 9.77633E+02
 3.32488E+03	 9.76900E+02
 3.32807E+03	 9.82333E+02
 3.33125E+03	 9.80700E+02
 3.33444E+03	 9.80700E+02
 3.33762E+03	 9.81267E+02
 3.34080E+03	 9.81400E+02
 3.34398E+03	 9.81933E+02
 3.34716E+03	 9.84833E+02
 3.35034E+03	 9.81000E+02
 3.35351E+03	 9.84867E+02
 3.35669E+03	 9.83100E+02
 3.35986E+03	 9.82800E+02
 3.36303E+03	 9.82833E+02
 3.36620E+03	 9.82100E+02
 3.36937E+03	 9.79767E+02
 3.37254E+03	 9.82533E+02
 3.37570E+03	 9.84033E+02
 3.37887E+03	 9.81933E+02
 3.38203E+03	 9.80400E+02
 3.38519E+03	 9.84033E+02
 3.38835E+03	 9.80800E+02
 3.39151E+03	 9.83033E+02
 3.39467E+03	 9.87200E+02
 3.39782E+03	 9.77867E+02
 3.40098E+03	 9.79367E+02
 3.40413E+03	 9.81633E+02
 3.40728E+03	 9.81300E+02
 3.41043E+03	 9.77667E+02
 3.41358E+03	 9.74567E+02
 3.41673E+03	 9.77100E+02
 3.41987E+03	 9.80333E+02
 3.42302E+03	 9.76267E+02
 3.42616E+03	 9.77967E+02
 3.42930E+03	 9.77267E+02
 3.43244E+03	 9.78533E+02
 3.43558E+03	 9.73733E+02
 3.43872E+03	 9.75067E+02
 3.44185E+03	 9.72233E+02
 3.44499E+03	 9.74567E+02
 3.44812E+03	 9.73000E+02
 3.45125E+03	 9.74600E+02
 3.45438E+03	 9.74533E+02
 3.45751E+03	 9.70833E+02
 3.46064E+03	 9.73067E+02
 3.46376E+03	 9.68600E+02
 3.46689E+03	 9.67067E+02
 3.47001E+03	 9.66533E+02
 3.47313E+03	 9.67900E+02
 3.47625E+03	 9.67400E+02
 3.47937E+03	 9.68867E+02
 3.48249E+03	 9.68667E+02
 3.48560E+03	 9.68767E+02
 3.48872E+03	 9.66767E+02
 3.49183E+03	 9.64833E+02
 3.49494E+03	 9.62067E+02
 3.49805E+03	 9.59767E+02
 3.50116E+03	 9.62467E+02
 3.50427E+03	 9.64900E+02
 3.50737E+03	 9.60767E+02
 3.51048E+03	 9.56500E+02
 3.51358E+03	 9.57067E+02
 3.51668E+03	 9.56733E+02
 3.51978E+03	 9.55167E+02
 3.52288E+03	 9.53300E+02
 3.52598E+03	 9.56700E+02
 3.52907E+03	 9.56267E+02
 3.53217E+03	 9.51567E+02
 3.53526E+03	 9.46700E+02
 3.53835E+03	 9.50600E+02
 3.54144E+03	 9.50600E+02
 3.54453E+03	 9.49467E+02
 3.54762E+03	 9.44967E+02
 3.55071E+03	 9.46367E+02
 3.55379E+03	 9.45100E+02
 3.55687E+03	 9.46967E+02
 3.55996E+03	 9.45967E+02
 3.56304E+03	 9.45400E+02
 3.56612E+03	 9.45333E+02
 3.56919E+03	 9.42833E+02
 3.57227E+03	 9.40300E+02
 3.57535E+03	 9.40533E+02
 3.57842E+03	 9.42167E+02
 3.58149E+03	 9.40233E+02
 3.58456E+03	 9.41600E+02
 3.58763E+03	 9.38367E+02
 3.59070E+03	 9.38867E+02
 3.59377E+03	 9.37367E+02
 3.59683E+03	 9.38667E+02
 3.59990E+03	 9.37033E+02
 3.60296E+03	 9.38400E+02
 3.60602E+03	 9.37933E+02
 3.60908E+03	 9.33467E+02
 3.61214E+03	 9.33467E+02
 3.61519E+03	 9.33400E+02
 3.61825E+03	 9.33467E+02
 3.62130E+03	 9.33567E+02
 3.62436E+03	 9.32700E+02
 3.62741E+03	 9.30467E+02
 3.63046E+03	 9.31333E+02
 3.63351E+03	 9.30367E+02
 3.63656E+03	 9.30167E+02
 3.63960E+03	 9.30567E+02
 3.64265E+03	 9.29500E+02
 3.64569E+03	 9.29333E+02
 3.64873E+03	 9.28533E+02
 3.65177E+03	 9.27667E+02
 3.65481E+03	 9.28867E+02
 3.65785E+03	 9.27333E+02
 3.66089E+03	 9.26733E+02
 3.66392E+03	 9.27833E+02
 3.66695E+03	 9.26233E+02
 3.66999E+03	 9.25867E+02
 3.67302E+03	 9.24767E+02
 3.67605E+03	 9.26900E+02
 3.67908E+03	 9.25467E+02
 3.68210E+03	 9.25133E+02
 3.68513E+03	 9.25800E+02
 3.68815E+03	 9.24800E+02
 3.69117E+03	 9.26067E+02
 3.69420E+03	 9.24833E+02
 3.69722E+03	 9.23233E+02
 3.70023E+03	 9.22633E+02
 3.70325E+03	 9.24967E+02
 3.70627E+03	 9.21533E+02
 3.70928E+03	 9.22167E+02
 3.71230E+03	 9.23833E+02
 3.71531E+03	 9.24233E+02
 3.71832E+03	 9.22367E+02
 3.72133E+03	 9.22767E+02
 3.72434E+03	 9.23800E+02
 3.72734E+03	 9.23700E+02
 3.73035E+03	 9.21167E+02
 3.73335E+03	 9.22667E+02
 3.73635E+03	 9.22433E+02
 3.73936E+03	 9.19967E+02
 3.74236E+03	 9.24800E+02
 3.74535E+03	 9.22733E+02
 3.74835E+03	 9.20733E+02
 3.75135E+03	 9.19800E+02
 3.75434E+03	 9.20667E+02
 3.75733E+03	 9.22733E+02
 3.76033E+03	 9.19600E+02
 3.76332E+03	 9.19800E+02
 3.76631E+03	 9.18767E+02
 3.76929E+03	 9.21200E+02
 3.77228E+03	 9.19333E+02
 3.77527E+03	 9.19200E+02
 3.77825E+03	 9.19800E+02
 3.78123E+03	 9.18067E+02
 3.78421E+03	 9.19767E+02
 3.78719E+03	 9.18133E+02
