-1.40382E+02	 9.05000E+02
-1.35457E+02	 9.06600E+02
-1.30535E+02	 9.06733E+02
-1.25616E+02	 9.06033E+02
-1.20700E+02	 9.06700E+02
-1.15786E+02	 9.06733E+02
-1.10875E+02	 9.07300E+02
-1.05967E+02	 9.07533E+02
-1.01061E+02	 9.06533E+02
-9.61580E+01	 9.07333E+02
-9.12576E+01	 9.08533E+02
-8.63599E+01	 9.07767E+02
-8.14648E+01	 9.07800E+02
-7.65724E+01	 9.06967E+02
-7.16827E+01	 9.08433E+02
-6.67956E+01	 9.09167E+02
-6.19111E+01	 9.07567E+02
-5.70293E+01	 9.06833E+02
-5.21502E+01	 9.08767E+02
-4.72737E+01	 9.08000E+02
-4.23998E+01	 9.10100E+02
-3.75286E+01	 9.11300E+02
-3.26600E+01	 9.10900E+02
-2.77941E+01	 9.11533E+02
-2.29308E+01	 9.12467E+02
-1.80701E+01	 9.14333E+02
-1.32121E+01	 9.17467E+02
-8.35667E+00	 9.19533E+02
-3.50389E+00	 9.25567E+02
 1.34626E+00	 9.55433E+02
 6.19379E+00	 1.39517E+03
 1.10387E+01	 5.35780E+03
 1.58810E+01	 8.87760E+03
 2.07207E+01	 4.45330E+03
 2.55577E+01	 1.15237E+03
 3.03922E+01	 9.31300E+02
 3.52240E+01	 9.20400E+02
 4.00532E+01	 9.15300E+02
 4.48798E+01	 9.12767E+02
 4.97038E+01	 9.12533E+02
 5.45252E+01	 9.12733E+02
 5.93440E+01	 9.11167E+02
 6.41602E+01	 9.13200E+02
 6.89738E+01	 9.14667E+02
 7.37848E+01	 9.28267E+02
 7.85932E+01	 9.65300E+02
 8.33991E+01	 1.07767E+03
 8.82023E+01	 1.29673E+03
 9.30029E+01	 1.53710E+03
 9.78010E+01	 1.68927E+03
 1.02596E+02	 1.72973E+03
 1.07389E+02	 1.74037E+03
 1.12180E+02	 1.75660E+03
 1.16967E+02	 1.69510E+03
 1.21753E+02	 1.65233E+03
 1.26535E+02	 1.63330E+03
 1.31315E+02	 1.58997E+03
 1.36093E+02	 1.56780E+03
 1.40867E+02	 1.57693E+03
 1.45640E+02	 1.55403E+03
 1.50409E+02	 1.50583E+03
 1.55177E+02	 1.47850E+03
 1.59941E+02	 1.46997E+03
 1.64703E+02	 1.45257E+03
 1.69463E+02	 1.43267E+03
 1.74220E+02	 1.41140E+03
 1.78974E+02	 1.40330E+03
 1.83726E+02	 1.39670E+03
 1.88475E+02	 1.37643E+03
 1.93222E+02	 1.36227E+03
 1.97966E+02	 1.34763E+03
 2.02708E+02	 1.34837E+03
 2.07447E+02	 1.33533E+03
 2.12184E+02	 1.32607E+03
 2.16918E+02	 1.30963E+03
 2.21649E+02	 1.29887E+03
 2.26378E+02	 1.28583E+03
 2.31105E+02	 1.27833E+03
 2.35829E+02	 1.27820E+03
 2.40550E+02	 1.27217E+03
 2.45269E+02	 1.26190E+03
 2.49985E+02	 1.25540E+03
 2.54699E+02	 1.24777E+03
 2.59410E+02	 1.25447E+03
 2.64119E+02	 1.23987E+03
 2.68825E+02	 1.22793E+03
 2.73529E+02	 1.22830E+03
 2.78230E+02	 1.21870E+03
 2.82929E+02	 1.22093E+03
 2.87625E+02	 1.22170E+03
 2.92319E+02	 1.21403E+03
 2.97010E+02	 1.20537E+03
 3.01699E+02	 1.21337E+03
 3.06385E+02	 1.20580E+03
 3.11069E+02	 1.19543E+03
 3.15750E+02	 1.20030E+03
 3.20428E+02	 1.19580E+03
 3.25105E+02	 1.19737E+03
 3.29778E+02	 1.20030E+03
 3.34450E+02	 1.19577E+03
 3.39118E+02	 1.19763E+03
 3.43785E+02	 1.20150E+03
 3.48448E+02	 1.19717E+03
 3.53110E+02	 1.19960E+03
 3.57768E+02	 1.18543E+03
 3.62425E+02	 1.17747E+03
 3.67079E+02	 1.16220E+03
 3.71730E+02	 1.16583E+03
 3.76379E+02	 1.15053E+03
 3.81025E+02	 1.15773E+03
 3.85669E+02	 1.17010E+03
 3.90311E+02	 1.18820E+03
 3.94950E+02	 1.19680E+03
 3.99586E+02	 1.20283E+03
 4.04220E+02	 1.21227E+03
 4.08852E+02	 1.20740E+03
 4.13481E+02	 1.22063E+03
 4.18108E+02	 1.25413E+03
 4.22732E+02	 1.31060E+03
 4.27354E+02	 1.34520E+03
 4.31973E+02	 1.39347E+03
 4.36590E+02	 1.40287E+03
 4.41205E+02	 1.36373E+03
 4.45817E+02	 1.30763E+03
 4.50426E+02	 1.27257E+03
 4.55034E+02	 1.23887E+03
 4.59638E+02	 1.22103E+03
 4.64241E+02	 1.20560E+03
 4.68840E+02	 1.19533E+03
 4.73438E+02	 1.20060E+03
 4.78033E+02	 1.22017E+03
 4.82625E+02	 1.25413E+03
 4.87215E+02	 1.34313E+03
 4.91803E+02	 1.43390E+03
 4.96388E+02	 1.53510E+03
 5.00971E+02	 1.59760E+03
 5.05552E+02	 1.57543E+03
 5.10129E+02	 1.55943E+03
 5.14705E+02	 1.47987E+03
 5.19278E+02	 1.36933E+03
 5.23849E+02	 1.28390E+03
 5.28417E+02	 1.23400E+03
 5.32983E+02	 1.19280E+03
 5.37547E+02	 1.17203E+03
 5.42108E+02	 1.16713E+03
 5.46666E+02	 1.17270E+03
 5.51223E+02	 1.17483E+03
 5.55777E+02	 1.18287E+03
 5.60328E+02	 1.19573E+03
 5.64877E+02	 1.21170E+03
 5.69424E+02	 1.21353E+03
 5.73968E+02	 1.20723E+03
 5.78510E+02	 1.18950E+03
 5.83049E+02	 1.17463E+03
 5.87587E+02	 1.15867E+03
 5.92121E+02	 1.15053E+03
 5.96654E+02	 1.14077E+03
 6.01184E+02	 1.13170E+03
 6.05711E+02	 1.12320E+03
 6.10236E+02	 1.12103E+03
 6.14759E+02	 1.11810E+03
 6.19280E+02	 1.11660E+03
 6.23798E+02	 1.11870E+03
 6.28313E+02	 1.11550E+03
 6.32827E+02	 1.11487E+03
 6.37338E+02	 1.12250E+03
 6.41846E+02	 1.12237E+03
 6.46352E+02	 1.12550E+03
 6.50856E+02	 1.12753E+03
 6.55358E+02	 1.12783E+03
 6.59857E+02	 1.13690E+03
 6.64354E+02	 1.15327E+03
 6.68848E+02	 1.17167E+03
 6.73340E+02	 1.18470E+03
 6.77830E+02	 1.19660E+03
 6.82317E+02	 1.21827E+03
 6.86802E+02	 1.24210E+03
 6.91285E+02	 1.27243E+03
 6.95765E+02	 1.26910E+03
 7.00243E+02	 1.23783E+03
 7.04718E+02	 1.20083E+03
 7.09192E+02	 1.15510E+03
 7.13663E+02	 1.13183E+03
 7.18131E+02	 1.12397E+03
 7.22597E+02	 1.11377E+03
 7.27061E+02	 1.10693E+03
 7.31523E+02	 1.10460E+03
 7.35982E+02	 1.09183E+03
 7.40439E+02	 1.08957E+03
 7.44894E+02	 1.09383E+03
 7.49346E+02	 1.09123E+03
 7.53796E+02	 1.08763E+03
 7.58243E+02	 1.08710E+03
 7.62689E+02	 1.07703E+03
 7.67132E+02	 1.07977E+03
 7.71572E+02	 1.08523E+03
 7.76011E+02	 1.08643E+03
 7.80447E+02	 1.08857E+03
 7.84880E+02	 1.09377E+03
 7.89312E+02	 1.09590E+03
 7.93741E+02	 1.10917E+03
 7.98167E+02	 1.11067E+03
 8.02592E+02	 1.12467E+03
 8.07014E+02	 1.13150E+03
 8.11434E+02	 1.13027E+03
 8.15851E+02	 1.13903E+03
 8.20267E+02	 1.16397E+03
 8.24680E+02	 1.21560E+03
 8.29090E+02	 1.32483E+03
 8.33499E+02	 1.41863E+03
 8.37905E+02	 1.47590E+03
 8.42309E+02	 1.49247E+03
 8.46710E+02	 1.46350E+03
 8.51109E+02	 1.46450E+03
 8.55506E+02	 1.51907E+03
 8.59901E+02	 1.65033E+03
 8.64293E+02	 1.79263E+03
 8.68683E+02	 1.85657E+03
 8.73071E+02	 1.82637E+03
 8.77456E+02	 1.74290E+03
 8.81840E+02	 1.66550E+03
 8.86221E+02	 1.52617E+03
 8.90599E+02	 1.41720E+03
 8.94976E+02	 1.31977E+03
 8.99350E+02	 1.22263E+03
 9.03722E+02	 1.16787E+03
 9.08091E+02	 1.14250E+03
 9.12459E+02	 1.16453E+03
 9.16824E+02	 1.19573E+03
 9.21187E+02	 1.25257E+03
 9.25547E+02	 1.30577E+03
 9.29905E+02	 1.36513E+03
 9.34261E+02	 1.41647E+03
 9.38615E+02	 1.46410E+03
 9.42967E+02	 1.48740E+03
 9.47316E+02	 1.44160E+03
 9.51663E+02	 1.36940E+03
 9.56008E+02	 1.26927E+03
 9.60350E+02	 1.18603E+03
 9.64691E+02	 1.12947E+03
 9.69029E+02	 1.11107E+03
 9.73364E+02	 1.10933E+03
 9.77698E+02	 1.11120E+03
 9.82029E+02	 1.14247E+03
 9.86358E+02	 1.18887E+03
 9.90685E+02	 1.23180E+03
 9.95010E+02	 1.26073E+03
 9.99332E+02	 1.24140E+03
 1.00365E+03	 1.19670E+03
 1.00797E+03	 1.15593E+03
 1.01229E+03	 1.13123E+03
 1.01660E+03	 1.12453E+03
 1.02091E+03	 1.12053E+03
 1.02522E+03	 1.13120E+03
 1.02953E+03	 1.14750E+03
 1.03383E+03	 1.17687E+03
 1.03813E+03	 1.23030E+03
 1.04243E+03	 1.29223E+03
 1.04673E+03	 1.38223E+03
 1.05103E+03	 1.48373E+03
 1.05532E+03	 1.60093E+03
 1.05961E+03	 1.72573E+03
 1.06390E+03	 1.82480E+03
 1.06819E+03	 1.88270E+03
 1.07247E+03	 1.92807E+03
 1.07676E+03	 1.87097E+03
 1.08104E+03	 1.85553E+03
 1.08531E+03	 1.84703E+03
 1.08959E+03	 1.77517E+03
 1.09386E+03	 1.71257E+03
 1.09813E+03	 1.68547E+03
 1.10240E+03	 1.66260E+03
 1.10667E+03	 1.64570E+03
 1.11094E+03	 1.63587E+03
 1.11520E+03	 1.62120E+03
 1.11946E+03	 1.60213E+03
 1.12372E+03	 1.61450E+03
 1.12797E+03	 1.64113E+03
 1.13223E+03	 1.64000E+03
 1.13648E+03	 1.57003E+03
 1.14073E+03	 1.46550E+03
 1.14498E+03	 1.36097E+03
 1.14922E+03	 1.25333E+03
 1.15347E+03	 1.18740E+03
 1.15771E+03	 1.14733E+03
 1.16194E+03	 1.11890E+03
 1.16618E+03	 1.10313E+03
 1.17042E+03	 1.09553E+03
 1.17465E+03	 1.09423E+03
 1.17888E+03	 1.08840E+03
 1.18311E+03	 1.09067E+03
 1.18733E+03	 1.09723E+03
 1.19156E+03	 1.10063E+03
 1.19578E+03	 1.10607E+03
 1.20000E+03	 1.11910E+03
 1.20421E+03	 1.13597E+03
 1.20843E+03	 1.15250E+03
 1.21264E+03	 1.17207E+03
 1.21685E+03	 1.21083E+03
 1.22106E+03	 1.23637E+03
 1.22527E+03	 1.24747E+03
 1.22947E+03	 1.27107E+03
 1.23367E+03	 1.28257E+03
 1.23787E+03	 1.30900E+03
 1.24207E+03	 1.31283E+03
 1.24627E+03	 1.34807E+03
 1.25046E+03	 1.37200E+03
 1.25465E+03	 1.39310E+03
 1.25884E+03	 1.43430E+03
 1.26303E+03	 1.45617E+03
 1.26721E+03	 1.47837E+03
 1.27140E+03	 1.48630E+03
 1.27558E+03	 1.49417E+03
 1.27975E+03	 1.47720E+03
 1.28393E+03	 1.45750E+03
 1.28811E+03	 1.44070E+03
 1.29228E+03	 1.43413E+03
 1.29645E+03	 1.43387E+03
 1.30062E+03	 1.40357E+03
 1.30478E+03	 1.37547E+03
 1.30895E+03	 1.35117E+03
 1.31311E+03	 1.35653E+03
 1.31727E+03	 1.35790E+03
 1.32142E+03	 1.35517E+03
 1.32558E+03	 1.37063E+03
 1.32973E+03	 1.36277E+03
 1.33388E+03	 1.38330E+03
 1.33803E+03	 1.39147E+03
 1.34218E+03	 1.36737E+03
 1.34632E+03	 1.34730E+03
 1.35047E+03	 1.35623E+03
 1.35461E+03	 1.35980E+03
 1.35875E+03	 1.37400E+03
 1.36288E+03	 1.39947E+03
 1.36702E+03	 1.39977E+03
 1.37115E+03	 1.39917E+03
 1.37528E+03	 1.38097E+03
 1.37941E+03	 1.36250E+03
 1.38353E+03	 1.34713E+03
 1.38766E+03	 1.33957E+03
 1.39178E+03	 1.33630E+03
 1.39590E+03	 1.33893E+03
 1.40001E+03	 1.32757E+03
 1.40413E+03	 1.31297E+03
 1.40824E+03	 1.30850E+03
 1.41235E+03	 1.30760E+03
 1.41646E+03	 1.30503E+03
 1.42057E+03	 1.30340E+03
 1.42468E+03	 1.31047E+03
 1.42878E+03	 1.30607E+03
 1.43288E+03	 1.28693E+03
 1.43698E+03	 1.29837E+03
 1.44107E+03	 1.28730E+03
 1.44517E+03	 1.28093E+03
 1.44926E+03	 1.27603E+03
 1.45335E+03	 1.28763E+03
 1.45744E+03	 1.30563E+03
 1.46153E+03	 1.35343E+03
 1.46561E+03	 1.44540E+03
 1.46969E+03	 1.60103E+03
 1.47377E+03	 1.75640E+03
 1.47785E+03	 1.89787E+03
 1.48193E+03	 1.93370E+03
 1.48600E+03	 1.92523E+03
 1.49007E+03	 1.83957E+03
 1.49414E+03	 1.68920E+03
 1.49821E+03	 1.50747E+03
 1.50228E+03	 1.32567E+03
 1.50634E+03	 1.21863E+03
 1.51040E+03	 1.15177E+03
 1.51446E+03	 1.10790E+03
 1.51852E+03	 1.09220E+03
 1.52258E+03	 1.07543E+03
 1.52663E+03	 1.06613E+03
 1.53068E+03	 1.05807E+03
 1.53473E+03	 1.05023E+03
 1.53878E+03	 1.04863E+03
 1.54282E+03	 1.04403E+03
 1.54687E+03	 1.03983E+03
 1.55091E+03	 1.03987E+03
 1.55495E+03	 1.03783E+03
 1.55899E+03	 1.03467E+03
 1.56302E+03	 1.03403E+03
 1.56705E+03	 1.03663E+03
 1.57109E+03	 1.03157E+03
 1.57512E+03	 1.03453E+03
 1.57914E+03	 1.03027E+03
 1.58317E+03	 1.02993E+03
 1.58719E+03	 1.03293E+03
 1.59121E+03	 1.03203E+03
 1.59523E+03	 1.02943E+03
 1.59925E+03	 1.02887E+03
 1.60326E+03	 1.02780E+03
 1.60728E+03	 1.02670E+03
 1.61129E+03	 1.02403E+03
 1.61530E+03	 1.02737E+03
 1.61930E+03	 1.02603E+03
 1.62331E+03	 1.02410E+03
 1.62731E+03	 1.02397E+03
 1.63131E+03	 1.02263E+03
 1.63531E+03	 1.02177E+03
 1.63931E+03	 1.02173E+03
 1.64330E+03	 1.01747E+03
 1.64730E+03	 1.01787E+03
 1.65129E+03	 1.02040E+03
 1.65528E+03	 1.02367E+03
 1.65926E+03	 1.02077E+03
 1.66325E+03	 1.01583E+03
 1.66723E+03	 1.01857E+03
 1.67121E+03	 1.01790E+03
 1.67519E+03	 1.01620E+03
 1.67917E+03	 1.01383E+03
 1.68314E+03	 1.01853E+03
 1.68712E+03	 1.01483E+03
 1.69109E+03	 1.01160E+03
 1.69506E+03	 1.01080E+03
 1.69903E+03	 1.00897E+03
 1.70299E+03	 1.00880E+03
 1.70695E+03	 1.00447E+03
 1.71092E+03	 1.00397E+03
 1.71487E+03	 1.00437E+03
 1.71883E+03	 1.00417E+03
 1.72279E+03	 1.00230E+03
 1.72674E+03	 1.00130E+03
 1.73069E+03	 1.00557E+03
 1.73464E+03	 9.99200E+02
 1.73859E+03	 9.96533E+02
 1.74253E+03	 9.98833E+02
 1.74648E+03	 9.96200E+02
 1.75042E+03	 9.93667E+02
 1.75436E+03	 9.97300E+02
 1.75830E+03	 9.99433E+02
 1.76223E+03	 9.95900E+02
 1.76617E+03	 9.93400E+02
 1.77010E+03	 9.93600E+02
 1.77403E+03	 9.91300E+02
 1.77796E+03	 9.90333E+02
 1.78188E+03	 9.93700E+02
 1.78581E+03	 9.95733E+02
 1.78973E+03	 9.91400E+02
 1.79365E+03	 9.91367E+02
 1.79757E+03	 9.89833E+02
 1.80148E+03	 9.92000E+02
 1.80540E+03	 9.92367E+02
 1.80931E+03	 9.89533E+02
 1.81322E+03	 9.90200E+02
 1.81713E+03	 9.92867E+02
 1.82104E+03	 9.91300E+02
 1.82494E+03	 9.88833E+02
 1.82884E+03	 9.88433E+02
 1.83274E+03	 9.90267E+02
 1.83664E+03	 9.90067E+02
 1.84054E+03	 9.88233E+02
 1.84443E+03	 9.88367E+02
 1.84833E+03	 9.89700E+02
 1.85222E+03	 9.88667E+02
 1.85611E+03	 9.90033E+02
 1.85999E+03	 9.90000E+02
 1.86388E+03	 9.90067E+02
 1.86776E+03	 9.86267E+02
 1.87164E+03	 9.88333E+02
 1.87552E+03	 9.86367E+02
 1.87940E+03	 9.83633E+02
 1.88328E+03	 9.85667E+02
 1.88715E+03	 9.84633E+02
 1.89102E+03	 9.86267E+02
 1.89489E+03	 9.86633E+02
 1.89876E+03	 9.90400E+02
 1.90263E+03	 9.87533E+02
 1.90649E+03	 9.87633E+02
 1.91035E+03	 9.89433E+02
 1.91421E+03	 9.85167E+02
 1.91807E+03	 9.86833E+02
 1.92193E+03	 9.87600E+02
 1.92578E+03	 9.87033E+02
 1.92964E+03	 9.85933E+02
 1.93349E+03	 9.84400E+02
 1.93734E+03	 9.88967E+02
 1.94118E+03	 9.86600E+02
 1.94503E+03	 9.90000E+02
 1.94887E+03	 9.88600E+02
 1.95271E+03	 9.87367E+02
 1.95655E+03	 9.88767E+02
 1.96039E+03	 9.85200E+02
 1.96423E+03	 9.87567E+02
 1.96806E+03	 9.87467E+02
 1.97189E+03	 9.83933E+02
 1.97572E+03	 9.87800E+02
 1.97955E+03	 9.88367E+02
 1.98338E+03	 9.85100E+02
 1.98720E+03	 9.87100E+02
 1.99103E+03	 9.85233E+02
 1.99485E+03	 9.83267E+02
 1.99866E+03	 9.84367E+02
 2.00248E+03	 9.87967E+02
 2.00630E+03	 9.88967E+02
 2.01011E+03	 9.87000E+02
 2.01392E+03	 9.82000E+02
 2.01773E+03	 9.88433E+02
 2.02154E+03	 9.90267E+02
 2.02534E+03	 9.86867E+02
 2.02915E+03	 9.89600E+02
 2.03295E+03	 9.87200E+02
 2.03675E+03	 9.86733E+02
 2.04055E+03	 9.85467E+02
 2.04435E+03	 9.90200E+02
 2.04814E+03	 9.91067E+02
 2.05193E+03	 9.91200E+02
 2.05572E+03	 9.86867E+02
 2.05951E+03	 9.89600E+02
 2.06330E+03	 9.89100E+02
 2.06708E+03	 9.91233E+02
 2.07087E+03	 9.89667E+02
 2.07465E+03	 9.88833E+02
 2.07843E+03	 9.88967E+02
 2.08221E+03	 9.91067E+02
 2.08598E+03	 9.89100E+02
 2.08976E+03	 9.89300E+02
 2.09353E+03	 9.90433E+02
 2.09730E+03	 9.88000E+02
 2.10107E+03	 9.93200E+02
 2.10484E+03	 9.89633E+02
 2.10860E+03	 9.91600E+02
 2.11236E+03	 9.94767E+02
 2.11613E+03	 9.91500E+02
 2.11989E+03	 9.90367E+02
 2.12364E+03	 9.90467E+02
 2.12740E+03	 9.94467E+02
 2.13115E+03	 9.92500E+02
 2.13490E+03	 9.92067E+02
 2.13866E+03	 9.91700E+02
 2.14240E+03	 9.93167E+02
 2.14615E+03	 9.89800E+02
 2.14990E+03	 9.93067E+02
 2.15364E+03	 9.94167E+02
 2.15738E+03	 9.93267E+02
 2.16112E+03	 9.94000E+02
 2.16486E+03	 9.91867E+02
 2.16859E+03	 9.94933E+02
 2.17233E+03	 9.93100E+02
 2.17606E+03	 9.93900E+02
 2.17979E+03	 9.91700E+02
 2.18352E+03	 9.88867E+02
 2.18724E+03	 9.91033E+02
 2.19097E+03	 9.92233E+02
 2.19469E+03	 9.92700E+02
 2.19841E+03	 9.93733E+02
 2.20213E+03	 9.93667E+02
 2.20585E+03	 9.87200E+02
 2.20956E+03	 9.91500E+02
 2.21328E+03	 9.91967E+02
 2.21699E+03	 9.89033E+02
 2.22070E+03	 9.90333E+02
 2.22441E+03	 9.92000E+02
 2.22812E+03	 9.88633E+02
 2.23182E+03	 9.91200E+02
 2.23552E+03	 9.91533E+02
 2.23923E+03	 9.90467E+02
 2.24293E+03	 9.97800E+02
 2.24662E+03	 9.90500E+02
 2.25032E+03	 9.89033E+02
 2.25401E+03	 9.91400E+02
 2.25771E+03	 9.88733E+02
 2.26140E+03	 9.85667E+02
 2.26509E+03	 9.87067E+02
 2.26877E+03	 9.88200E+02
 2.27246E+03	 9.87367E+02
 2.27614E+03	 9.91800E+02
 2.27982E+03	 9.89800E+02
 2.28350E+03	 9.88367E+02
 2.28718E+03	 9.88933E+02
 2.29086E+03	 9.90833E+02
 2.29453E+03	 9.89000E+02
 2.29820E+03	 9.89667E+02
 2.30188E+03	 9.89600E+02
 2.30555E+03	 9.88633E+02
 2.30921E+03	 9.95833E+02
 2.31288E+03	 9.91267E+02
 2.31654E+03	 9.89733E+02
 2.32020E+03	 9.92867E+02
 2.32386E+03	 9.94900E+02
 2.32752E+03	 9.92167E+02
 2.33118E+03	 9.94067E+02
 2.33484E+03	 9.92400E+02
 2.33849E+03	 9.98533E+02
 2.34214E+03	 9.96233E+02
 2.34579E+03	 9.95867E+02
 2.34944E+03	 9.94667E+02
 2.35308E+03	 9.95633E+02
 2.35673E+03	 9.99300E+02
 2.36037E+03	 9.99500E+02
 2.36401E+03	 1.00163E+03
 2.36765E+03	 1.00073E+03
 2.37129E+03	 9.97600E+02
 2.37492E+03	 9.99733E+02
 2.37856E+03	 1.00727E+03
 2.38219E+03	 1.01043E+03
 2.38582E+03	 1.01000E+03
 2.38945E+03	 1.00767E+03
 2.39308E+03	 1.01040E+03
 2.39670E+03	 1.00783E+03
 2.40033E+03	 1.00670E+03
 2.40395E+03	 1.00893E+03
 2.40757E+03	 1.00660E+03
 2.41119E+03	 1.00583E+03
 2.41480E+03	 1.00370E+03
 2.41842E+03	 1.00400E+03
 2.42203E+03	 1.00430E+03
 2.42564E+03	 1.00067E+03
 2.42925E+03	 1.00137E+03
 2.43286E+03	 1.00343E+03
 2.43647E+03	 1.00460E+03
 2.44007E+03	 1.00367E+03
 2.44367E+03	 1.00227E+03
 2.44727E+03	 1.00653E+03
 2.45087E+03	 1.00663E+03
 2.45447E+03	 1.00617E+03
 2.45807E+03	 1.00740E+03
 2.46166E+03	 1.00730E+03
 2.46525E+03	 1.00637E+03
 2.46884E+03	 1.00837E+03
 2.47243E+03	 1.00980E+03
 2.47602E+03	 1.00727E+03
 2.47960E+03	 1.00837E+03
 2.48319E+03	 1.00870E+03
 2.48677E+03	 1.01160E+03
 2.49035E+03	 1.01023E+03
 2.49393E+03	 1.01070E+03
 2.49751E+03	 1.01137E+03
 2.50108E+03	 1.01433E+03
 2.50465E+03	 1.01093E+03
 2.50823E+03	 1.01777E+03
 2.51180E+03	 1.02010E+03
 2.51536E+03	 1.02103E+03
 2.51893E+03	 1.02130E+03
 2.52250E+03	 1.02140E+03
 2.52606E+03	 1.02033E+03
 2.52962E+03	 1.02333E+03
 2.53318E+03	 1.02960E+03
 2.53674E+03	 1.03123E+03
 2.54029E+03	 1.02647E+03
 2.54385E+03	 1.02933E+03
 2.54740E+03	 1.03513E+03
 2.55095E+03	 1.02577E+03
 2.55450E+03	 1.03390E+03
 2.55805E+03	 1.03397E+03
 2.56160E+03	 1.03033E+03
 2.56514E+03	 1.03373E+03
 2.56868E+03	 1.03100E+03
 2.57222E+03	 1.03637E+03
 2.57576E+03	 1.03413E+03
 2.57930E+03	 1.03000E+03
 2.58284E+03	 1.03310E+03
 2.58637E+03	 1.03327E+03
 2.58991E+03	 1.03403E+03
 2.59344E+03	 1.03583E+03
 2.59697E+03	 1.03460E+03
 2.60049E+03	 1.03630E+03
 2.60402E+03	 1.03893E+03
 2.60754E+03	 1.03253E+03
 2.61107E+03	 1.03250E+03
 2.61459E+03	 1.03877E+03
 2.61811E+03	 1.03780E+03
 2.62162E+03	 1.03793E+03
 2.62514E+03	 1.03633E+03
 2.62865E+03	 1.04637E+03
 2.63217E+03	 1.04550E+03
 2.63568E+03	 1.04340E+03
 2.63919E+03	 1.04643E+03
 2.64269E+03	 1.04700E+03
 2.64620E+03	 1.04847E+03
 2.64970E+03	 1.05160E+03
 2.65321E+03	 1.05557E+03
 2.65671E+03	 1.06203E+03
 2.66021E+03	 1.06197E+03
 2.66370E+03	 1.06013E+03
 2.66720E+03	 1.06467E+03
 2.67069E+03	 1.07017E+03
 2.67419E+03	 1.07630E+03
 2.67768E+03	 1.08093E+03
 2.68117E+03	 1.08377E+03
 2.68466E+03	 1.08813E+03
 2.68814E+03	 1.09500E+03
 2.69163E+03	 1.09763E+03
 2.69511E+03	 1.10200E+03
 2.69859E+03	 1.11097E+03
 2.70207E+03	 1.11883E+03
 2.70555E+03	 1.11397E+03
 2.70902E+03	 1.12500E+03
 2.71250E+03	 1.13117E+03
 2.71597E+03	 1.13910E+03
 2.71944E+03	 1.15600E+03
 2.72291E+03	 1.16733E+03
 2.72638E+03	 1.18127E+03
 2.72984E+03	 1.19757E+03
 2.73331E+03	 1.21030E+03
 2.73677E+03	 1.22423E+03
 2.74023E+03	 1.24167E+03
 2.74369E+03	 1.24493E+03
 2.74715E+03	 1.26147E+03
 2.75061E+03	 1.25557E+03
 2.75406E+03	 1.27650E+03
 2.75752E+03	 1.27817E+03
 2.76097E+03	 1.28590E+03
 2.76442E+03	 1.28497E+03
 2.76786E+03	 1.29343E+03
 2.77131E+03	 1.27863E+03
 2.77476E+03	 1.26907E+03
 2.77820E+03	 1.27297E+03
 2.78164E+03	 1.26670E+03
 2.78508E+03	 1.27940E+03
 2.78852E+03	 1.27467E+03
 2.79196E+03	 1.28287E+03
 2.79539E+03	 1.28717E+03
 2.79883E+03	 1.29307E+03
 2.80226E+03	 1.29620E+03
 2.80569E+03	 1.29793E+03
 2.80912E+03	 1.31607E+03
 2.81254E+03	 1.34000E+03
 2.81597E+03	 1.35697E+03
 2.81939E+03	 1.37893E+03
 2.82282E+03	 1.39830E+03
 2.82624E+03	 1.41313E+03
 2.82966E+03	 1.46620E+03
 2.83307E+03	 1.48770E+03
 2.83649E+03	 1.50750E+03
 2.83990E+03	 1.56597E+03
 2.84332E+03	 1.63177E+03
 2.84673E+03	 1.66650E+03
 2.85014E+03	 1.70537E+03
 2.85354E+03	 1.74873E+03
 2.85695E+03	 1.83367E+03
 2.86036E+03	 1.91490E+03
 2.86376E+03	 2.00107E+03
 2.86716E+03	 2.04890E+03
 2.87056E+03	 2.19800E+03
 2.87396E+03	 2.33403E+03
 2.87736E+03	 2.46270E+03
 2.88075E+03	 2.72157E+03
 2.88414E+03	 2.85927E+03
 2.88754E+03	 3.10233E+03
 2.89093E+03	 3.31950E+03
 2.89431E+03	 3.44540E+03
 2.89770E+03	 3.55227E+03
 2.90109E+03	 3.67677E+03
 2.90447E+03	 3.64827E+03
 2.90785E+03	 3.56580E+03
 2.91123E+03	 3.43597E+03
 2.91461E+03	 3.39380E+03
 2.91799E+03	 3.33123E+03
 2.92137E+03	 3.34393E+03
 2.92474E+03	 3.29833E+03
 2.92811E+03	 3.32917E+03
 2.93149E+03	 3.28333E+03
 2.93486E+03	 3.31460E+03
 2.93822E+03	 3.36607E+03
 2.94159E+03	 3.47763E+03
 2.94496E+03	 3.53933E+03
 2.94832E+03	 3.53980E+03
 2.95168E+03	 3.55097E+03
 2.95504E+03	 3.53797E+03
 2.95840E+03	 3.51757E+03
 2.96176E+03	 3.57113E+03
 2.96511E+03	 3.47480E+03
 2.96847E+03	 3.35087E+03
 2.97182E+03	 3.21883E+03
 2.97517E+03	 3.11003E+03
 2.97852E+03	 3.00433E+03
 2.98187E+03	 2.79703E+03
 2.98521E+03	 2.58537E+03
 2.98856E+03	 2.42357E+03
 2.99190E+03	 2.20217E+03
 2.99524E+03	 2.02997E+03
 2.99858E+03	 1.82097E+03
 3.00192E+03	 1.71793E+03
 3.00526E+03	 1.61183E+03
 3.00859E+03	 1.50657E+03
 3.01193E+03	 1.43837E+03
 3.01526E+03	 1.37400E+03
 3.01859E+03	 1.31747E+03
 3.02192E+03	 1.26857E+03
 3.02525E+03	 1.24597E+03
 3.02857E+03	 1.22077E+03
 3.03190E+03	 1.21180E+03
 3.03522E+03	 1.19507E+03
 3.03854E+03	 1.17100E+03
 3.04186E+03	 1.16760E+03
 3.04518E+03	 1.15450E+03
 3.04850E+03	 1.14923E+03
 3.05181E+03	 1.14503E+03
 3.05512E+03	 1.13893E+03
 3.05844E+03	 1.13097E+03
 3.06175E+03	 1.13090E+03
 3.06506E+03	 1.12800E+03
 3.06836E+03	 1.12823E+03
 3.07167E+03	 1.12927E+03
 3.07497E+03	 1.12517E+03
 3.07828E+03	 1.13783E+03
 3.08158E+03	 1.12527E+03
 3.08488E+03	 1.12473E+03
 3.08818E+03	 1.12723E+03
 3.09147E+03	 1.13337E+03
 3.09477E+03	 1.12963E+03
 3.09806E+03	 1.13820E+03
 3.10135E+03	 1.13640E+03
 3.10464E+03	 1.13317E+03
 3.10793E+03	 1.15147E+03
 3.11122E+03	 1.15180E+03
 3.11451E+03	 1.15817E+03
 3.11779E+03	 1.15577E+03
 3.12107E+03	 1.16203E+03
 3.12436E+03	 1.16430E+03
 3.12764E+03	 1.17073E+03
 3.13091E+03	 1.18497E+03
 3.13419E+03	 1.18207E+03
 3.13747E+03	 1.19467E+03
 3.14074E+03	 1.18743E+03
 3.14401E+03	 1.19340E+03
 3.14728E+03	 1.20590E+03
 3.15055E+03	 1.21427E+03
 3.15382E+03	 1.22797E+03
 3.15709E+03	 1.23540E+03
 3.16035E+03	 1.23753E+03
 3.16362E+03	 1.23337E+03
 3.16688E+03	 1.23383E+03
 3.17014E+03	 1.25430E+03
 3.17340E+03	 1.26480E+03
 3.17665E+03	 1.26887E+03
 3.17991E+03	 1.26997E+03
 3.18316E+03	 1.27247E+03
 3.18642E+03	 1.28683E+03
 3.18967E+03	 1.29463E+03
 3.19292E+03	 1.30947E+03
 3.19617E+03	 1.30767E+03
 3.19941E+03	 1.32580E+03
 3.20266E+03	 1.31873E+03
 3.20590E+03	 1.34473E+03
 3.20914E+03	 1.35033E+03
 3.21238E+03	 1.34107E+03
 3.21562E+03	 1.35330E+03
 3.21886E+03	 1.35483E+03
 3.22210E+03	 1.35037E+03
 3.22533E+03	 1.35317E+03
 3.22857E+03	 1.37217E+03
 3.23180E+03	 1.38713E+03
 3.23503E+03	 1.40400E+03
 3.23826E+03	 1.42203E+03
 3.24148E+03	 1.40593E+03
 3.24471E+03	 1.42500E+03
 3.24793E+03	 1.42717E+03
 3.25116E+03	 1.41677E+03
 3.25438E+03	 1.42423E+03
 3.25760E+03	 1.43377E+03
 3.26082E+03	 1.43520E+03
 3.26403E+03	 1.45493E+03
 3.26725E+03	 1.45390E+03
 3.27046E+03	 1.45487E+03
 3.27368E+03	 1.46367E+03
 3.27689E+03	 1.47947E+03
 3.28010E+03	 1.47817E+03
 3.28331E+03	 1.47510E+03
 3.28651E+03	 1.47153E+03
 3.28972E+03	 1.48843E+03
 3.29292E+03	 1.47503E+03
 3.29612E+03	 1.46663E+03
 3.29932E+03	 1.47237E+03
 3.30252E+03	 1.49030E+03
 3.30572E+03	 1.50757E+03
 3.30892E+03	 1.51260E+03
 3.31211E+03	 1.49293E+03
 3.31531E+03	 1.49110E+03
 3.31850E+03	 1.49393E+03
 3.32169E+03	 1.49907E+03
 3.32488E+03	 1.47377E+03
 3.32807E+03	 1.48783E+03
 3.33125E+03	 1.47110E+03
 3.33444E+03	 1.48417E+03
 3.33762E+03	 1.49407E+03
 3.34080E+03	 1.53183E+03
 3.34398E+03	 1.49967E+03
 3.34716E+03	 1.48300E+03
 3.35034E+03	 1.49640E+03
 3.35351E+03	 1.50323E+03
 3.35669E+03	 1.51670E+03
 3.35986E+03	 1.51343E+03
 3.36303E+03	 1.52337E+03
 3.36620E+03	 1.51250E+03
 3.36937E+03	 1.51510E+03
 3.37254E+03	 1.53880E+03
 3.37570E+03	 1.51887E+03
 3.37887E+03	 1.51897E+03
 3.38203E+03	 1.51070E+03
 3.38519E+03	 1.51287E+03
 3.38835E+03	 1.51370E+03
 3.39151E+03	 1.51057E+03
 3.39467E+03	 1.51163E+03
 3.39782E+03	 1.49990E+03
 3.40098E+03	 1.50897E+03
 3.40413E+03	 1.50827E+03
 3.40728E+03	 1.49713E+03
 3.41043E+03	 1.49387E+03
 3.41358E+03	 1.48687E+03
 3.41673E+03	 1.49760E+03
 3.41987E+03	 1.48683E+03
 3.42302E+03	 1.48687E+03
 3.42616E+03	 1.46837E+03
 3.42930E+03	 1.46693E+03
 3.43244E+03	 1.45270E+03
 3.43558E+03	 1.47320E+03
 3.43872E+03	 1.45750E+03
 3.44185E+03	 1.45003E+03
 3.44499E+03	 1.42550E+03
 3.44812E+03	 1.42673E+03
 3.45125E+03	 1.43020E+03
 3.45438E+03	 1.42833E+03
 3.45751E+03	 1.42460E+03
 3.46064E+03	 1.43500E+03
 3.46376E+03	 1.41977E+03
 3.46689E+03	 1.37450E+03
 3.47001E+03	 1.38420E+03
 3.47313E+03	 1.40207E+03
 3.47625E+03	 1.38387E+03
 3.47937E+03	 1.38330E+03
 3.48249E+03	 1.37673E+03
 3.48560E+03	 1.35923E+03
 3.48872E+03	 1.34743E+03
 3.49183E+03	 1.32940E+03
 3.49494E+03	 1.33303E+03
 3.49805E+03	 1.31900E+03
 3.50116E+03	 1.30023E+03
 3.50427E+03	 1.29137E+03
 3.50737E+03	 1.28833E+03
 3.51048E+03	 1.28330E+03
 3.51358E+03	 1.26587E+03
 3.51668E+03	 1.25590E+03
 3.51978E+03	 1.25013E+03
 3.52288E+03	 1.24570E+03
 3.52598E+03	 1.24177E+03
 3.52907E+03	 1.22800E+03
 3.53217E+03	 1.20807E+03
 3.53526E+03	 1.20840E+03
 3.53835E+03	 1.19730E+03
 3.54144E+03	 1.19657E+03
 3.54453E+03	 1.18953E+03
 3.54762E+03	 1.18090E+03
 3.55071E+03	 1.17430E+03
 3.55379E+03	 1.15777E+03
 3.55687E+03	 1.15807E+03
 3.55996E+03	 1.14987E+03
 3.56304E+03	 1.14583E+03
 3.56612E+03	 1.13127E+03
 3.56919E+03	 1.11960E+03
 3.57227E+03	 1.11813E+03
 3.57535E+03	 1.10713E+03
 3.57842E+03	 1.11233E+03
 3.58149E+03	 1.10777E+03
 3.58456E+03	 1.09493E+03
 3.58763E+03	 1.08670E+03
 3.59070E+03	 1.08040E+03
 3.59377E+03	 1.07097E+03
 3.59683E+03	 1.07113E+03
 3.59990E+03	 1.06253E+03
 3.60296E+03	 1.05763E+03
 3.60602E+03	 1.04887E+03
 3.60908E+03	 1.04807E+03
 3.61214E+03	 1.03973E+03
 3.61519E+03	 1.03377E+03
 3.61825E+03	 1.02597E+03
 3.62130E+03	 1.02860E+03
 3.62436E+03	 1.02157E+03
 3.62741E+03	 1.02020E+03
 3.63046E+03	 1.01207E+03
 3.63351E+03	 1.00353E+03
 3.63656E+03	 1.00047E+03
 3.63960E+03	 9.97200E+02
 3.64265E+03	 9.93500E+02
 3.64569E+03	 9.86000E+02
 3.64873E+03	 9.85800E+02
 3.65177E+03	 9.77200E+02
 3.65481E+03	 9.81833E+02
 3.65785E+03	 9.74500E+02
 3.66089E+03	 9.74667E+02
 3.66392E+03	 9.72133E+02
 3.66695E+03	 9.67967E+02
 3.66999E+03	 9.66333E+02
 3.67302E+03	 9.62933E+02
 3.67605E+03	 9.65600E+02
 3.67908E+03	 9.61033E+02
 3.68210E+03	 9.57133E+02
 3.68513E+03	 9.56700E+02
 3.68815E+03	 9.55433E+02
 3.69117E+03	 9.56967E+02
 3.69420E+03	 9.57033E+02
 3.69722E+03	 9.52333E+02
 3.70023E+03	 9.53467E+02
 3.70325E+03	 9.50533E+02
 3.70627E+03	 9.47533E+02
 3.70928E+03	 9.44533E+02
 3.71230E+03	 9.46767E+02
 3.71531E+03	 9.47500E+02
 3.71832E+03	 9.45900E+02
 3.72133E+03	 9.43433E+02
 3.72434E+03	 9.41267E+02
 3.72734E+03	 9.43967E+02
 3.73035E+03	 9.42000E+02
 3.73335E+03	 9.40900E+02
 3.73635E+03	 9.39500E+02
 3.73936E+03	 9.39033E+02
 3.74236E+03	 9.42067E+02
 3.74535E+03	 9.38833E+02
 3.74835E+03	 9.39600E+02
 3.75135E+03	 9.35967E+02
 3.75434E+03	 9.37933E+02
 3.75733E+03	 9.39067E+02
 3.76033E+03	 9.36000E+02
 3.76332E+03	 9.39533E+02
 3.76631E+03	 9.36400E+02
 3.76929E+03	 9.37233E+02
 3.77228E+03	 9.34000E+02
 3.77527E+03	 9.36167E+02
 3.77825E+03	 9.34833E+02
 3.78123E+03	 9.33633E+02
 3.78421E+03	 9.35933E+02
 3.78719E+03	 9.34167E+02
