-1.40382E+02	 9.05633E+02
-1.35457E+02	 9.06467E+02
-1.30535E+02	 9.06833E+02
-1.25616E+02	 9.05333E+02
-1.20700E+02	 9.07133E+02
-1.15786E+02	 9.07400E+02
-1.10875E+02	 9.07367E+02
-1.05967E+02	 9.06400E+02
-1.01061E+02	 9.06633E+02
-9.61580E+01	 9.07933E+02
-9.12576E+01	 9.07733E+02
-8.63599E+01	 9.07200E+02
-8.14648E+01	 9.08767E+02
-7.65724E+01	 9.07967E+02
-7.16827E+01	 9.07967E+02
-6.67956E+01	 9.09800E+02
-6.19111E+01	 9.09400E+02
-5.70293E+01	 9.07533E+02
-5.21502E+01	 9.09200E+02
-4.72737E+01	 9.09033E+02
-4.23998E+01	 9.09833E+02
-3.75286E+01	 9.09700E+02
-3.26600E+01	 9.11500E+02
-2.77941E+01	 9.12067E+02
-2.29308E+01	 9.13467E+02
-1.80701E+01	 9.15133E+02
-1.32121E+01	 9.16700E+02
-8.35667E+00	 9.21767E+02
-3.50389E+00	 9.29300E+02
 1.34626E+00	 9.62833E+02
 6.19379E+00	 1.39840E+03
 1.10387E+01	 5.86143E+03
 1.58810E+01	 1.03721E+04
 2.07207E+01	 5.50113E+03
 2.55577E+01	 1.26063E+03
 3.03922E+01	 9.47600E+02
 3.52240E+01	 9.24933E+02
 4.00532E+01	 9.18267E+02
 4.48798E+01	 9.15200E+02
 4.97038E+01	 9.14300E+02
 5.45252E+01	 9.13633E+02
 5.93440E+01	 9.13900E+02
 6.41602E+01	 9.14867E+02
 6.89738E+01	 9.17733E+02
 7.37848E+01	 9.33067E+02
 7.85932E+01	 9.78300E+02
 8.33991E+01	 1.11383E+03
 8.82023E+01	 1.36987E+03
 9.30029E+01	 1.63090E+03
 9.78010E+01	 1.79273E+03
 1.02596E+02	 1.84980E+03
 1.07389E+02	 1.85840E+03
 1.12180E+02	 1.85833E+03
 1.16967E+02	 1.79933E+03
 1.21753E+02	 1.75887E+03
 1.26535E+02	 1.70390E+03
 1.31315E+02	 1.67603E+03
 1.36093E+02	 1.66230E+03
 1.40867E+02	 1.67147E+03
 1.45640E+02	 1.64050E+03
 1.50409E+02	 1.59290E+03
 1.55177E+02	 1.59113E+03
 1.59941E+02	 1.56213E+03
 1.64703E+02	 1.55363E+03
 1.69463E+02	 1.50687E+03
 1.74220E+02	 1.48937E+03
 1.78974E+02	 1.49423E+03
 1.83726E+02	 1.47677E+03
 1.88475E+02	 1.45650E+03
 1.93222E+02	 1.44767E+03
 1.97966E+02	 1.43760E+03
 2.02708E+02	 1.42410E+03
 2.07447E+02	 1.41417E+03
 2.12184E+02	 1.40887E+03
 2.16918E+02	 1.38877E+03
 2.21649E+02	 1.36667E+03
 2.26378E+02	 1.36453E+03
 2.31105E+02	 1.34873E+03
 2.35829E+02	 1.34470E+03
 2.40550E+02	 1.33497E+03
 2.45269E+02	 1.32893E+03
 2.49985E+02	 1.32383E+03
 2.54699E+02	 1.31737E+03
 2.59410E+02	 1.31547E+03
 2.64119E+02	 1.30310E+03
 2.68825E+02	 1.28743E+03
 2.73529E+02	 1.28827E+03
 2.78230E+02	 1.28387E+03
 2.82929E+02	 1.28300E+03
 2.87625E+02	 1.27860E+03
 2.92319E+02	 1.28010E+03
 2.97010E+02	 1.27230E+03
 3.01699E+02	 1.27087E+03
 3.06385E+02	 1.25937E+03
 3.11069E+02	 1.25563E+03
 3.15750E+02	 1.25690E+03
 3.20428E+02	 1.25890E+03
 3.25105E+02	 1.26043E+03
 3.29778E+02	 1.25217E+03
 3.34450E+02	 1.25403E+03
 3.39118E+02	 1.26183E+03
 3.43785E+02	 1.26380E+03
 3.48448E+02	 1.25763E+03
 3.53110E+02	 1.24853E+03
 3.57768E+02	 1.23447E+03
 3.62425E+02	 1.22393E+03
 3.67079E+02	 1.21913E+03
 3.71730E+02	 1.22000E+03
 3.76379E+02	 1.20437E+03
 3.81025E+02	 1.21167E+03
 3.85669E+02	 1.21367E+03
 3.90311E+02	 1.24220E+03
 3.94950E+02	 1.25480E+03
 3.99586E+02	 1.26473E+03
 4.04220E+02	 1.25963E+03
 4.08852E+02	 1.26210E+03
 4.13481E+02	 1.27923E+03
 4.18108E+02	 1.31747E+03
 4.22732E+02	 1.36343E+03
 4.27354E+02	 1.41290E+03
 4.31973E+02	 1.45520E+03
 4.36590E+02	 1.44390E+03
 4.41205E+02	 1.41093E+03
 4.45817E+02	 1.37260E+03
 4.50426E+02	 1.33120E+03
 4.55034E+02	 1.29610E+03
 4.59638E+02	 1.27660E+03
 4.64241E+02	 1.25527E+03
 4.68840E+02	 1.24073E+03
 4.73438E+02	 1.25657E+03
 4.78033E+02	 1.26807E+03
 4.82625E+02	 1.30200E+03
 4.87215E+02	 1.40097E+03
 4.91803E+02	 1.50657E+03
 4.96388E+02	 1.60637E+03
 5.00971E+02	 1.66443E+03
 5.05552E+02	 1.66683E+03
 5.10129E+02	 1.64053E+03
 5.14705E+02	 1.53730E+03
 5.19278E+02	 1.43410E+03
 5.23849E+02	 1.33850E+03
 5.28417E+02	 1.27750E+03
 5.32983E+02	 1.23467E+03
 5.37547E+02	 1.23030E+03
 5.42108E+02	 1.21093E+03
 5.46666E+02	 1.21907E+03
 5.51223E+02	 1.21530E+03
 5.55777E+02	 1.22883E+03
 5.60328E+02	 1.24203E+03
 5.64877E+02	 1.25530E+03
 5.69424E+02	 1.26467E+03
 5.73968E+02	 1.25427E+03
 5.78510E+02	 1.23070E+03
 5.83049E+02	 1.21720E+03
 5.87587E+02	 1.20990E+03
 5.92121E+02	 1.19237E+03
 5.96654E+02	 1.18493E+03
 6.01184E+02	 1.17817E+03
 6.05711E+02	 1.16767E+03
 6.10236E+02	 1.16307E+03
 6.14759E+02	 1.16097E+03
 6.19280E+02	 1.15550E+03
 6.23798E+02	 1.15920E+03
 6.28313E+02	 1.14947E+03
 6.32827E+02	 1.15013E+03
 6.37338E+02	 1.16717E+03
 6.41846E+02	 1.16260E+03
 6.46352E+02	 1.17083E+03
 6.50856E+02	 1.16403E+03
 6.55358E+02	 1.17430E+03
 6.59857E+02	 1.18237E+03
 6.64354E+02	 1.19270E+03
 6.68848E+02	 1.21540E+03
 6.73340E+02	 1.23523E+03
 6.77830E+02	 1.23127E+03
 6.82317E+02	 1.26180E+03
 6.86802E+02	 1.28477E+03
 6.91285E+02	 1.31693E+03
 6.95765E+02	 1.31173E+03
 7.00243E+02	 1.28557E+03
 7.04718E+02	 1.24167E+03
 7.09192E+02	 1.19187E+03
 7.13663E+02	 1.17280E+03
 7.18131E+02	 1.16393E+03
 7.22597E+02	 1.15760E+03
 7.27061E+02	 1.14490E+03
 7.31523E+02	 1.14277E+03
 7.35982E+02	 1.12210E+03
 7.40439E+02	 1.12360E+03
 7.44894E+02	 1.12890E+03
 7.49346E+02	 1.12923E+03
 7.53796E+02	 1.12373E+03
 7.58243E+02	 1.12447E+03
 7.62689E+02	 1.11627E+03
 7.67132E+02	 1.12087E+03
 7.71572E+02	 1.11803E+03
 7.76011E+02	 1.11683E+03
 7.80447E+02	 1.12327E+03
 7.84880E+02	 1.12373E+03
 7.89312E+02	 1.12953E+03
 7.93741E+02	 1.14017E+03
 7.98167E+02	 1.14327E+03
 8.02592E+02	 1.16893E+03
 8.07014E+02	 1.16940E+03
 8.11434E+02	 1.16123E+03
 8.15851E+02	 1.17760E+03
 8.20267E+02	 1.20347E+03
 8.24680E+02	 1.25520E+03
 8.29090E+02	 1.36333E+03
 8.33499E+02	 1.46397E+03
 8.37905E+02	 1.52513E+03
 8.42309E+02	 1.55643E+03
 8.46710E+02	 1.49730E+03
 8.51109E+02	 1.50577E+03
 8.55506E+02	 1.56383E+03
 8.59901E+02	 1.70577E+03
 8.64293E+02	 1.84780E+03
 8.68683E+02	 1.90833E+03
 8.73071E+02	 1.86467E+03
 8.77456E+02	 1.78573E+03
 8.81840E+02	 1.71277E+03
 8.86221E+02	 1.56630E+03
 8.90599E+02	 1.45883E+03
 8.94976E+02	 1.35787E+03
 8.99350E+02	 1.25223E+03
 9.03722E+02	 1.19573E+03
 9.08091E+02	 1.17433E+03
 9.12459E+02	 1.18957E+03
 9.16824E+02	 1.22273E+03
 9.21187E+02	 1.28047E+03
 9.25547E+02	 1.33807E+03
 9.29905E+02	 1.39600E+03
 9.34261E+02	 1.44337E+03
 9.38615E+02	 1.50490E+03
 9.42967E+02	 1.50940E+03
 9.47316E+02	 1.46750E+03
 9.51663E+02	 1.40117E+03
 9.56008E+02	 1.29977E+03
 9.60350E+02	 1.21380E+03
 9.64691E+02	 1.15003E+03
 9.69029E+02	 1.13353E+03
 9.73364E+02	 1.12600E+03
 9.77698E+02	 1.13760E+03
 9.82029E+02	 1.16730E+03
 9.86358E+02	 1.20350E+03
 9.90685E+02	 1.25100E+03
 9.95010E+02	 1.28037E+03
 9.99332E+02	 1.26327E+03
 1.00365E+03	 1.20893E+03
 1.00797E+03	 1.17050E+03
 1.01229E+03	 1.14563E+03
 1.01660E+03	 1.14183E+03
 1.02091E+03	 1.14010E+03
 1.02522E+03	 1.14850E+03
 1.02953E+03	 1.16087E+03
 1.03383E+03	 1.19107E+03
 1.03813E+03	 1.24177E+03
 1.04243E+03	 1.30627E+03
 1.04673E+03	 1.39110E+03
 1.05103E+03	 1.47283E+03
 1.05532E+03	 1.59660E+03
 1.05961E+03	 1.72730E+03
 1.06390E+03	 1.79750E+03
 1.06819E+03	 1.87240E+03
 1.07247E+03	 1.90957E+03
 1.07676E+03	 1.85460E+03
 1.08104E+03	 1.85890E+03
 1.08531E+03	 1.83003E+03
 1.08959E+03	 1.76530E+03
 1.09386E+03	 1.70700E+03
 1.09813E+03	 1.66367E+03
 1.10240E+03	 1.63567E+03
 1.10667E+03	 1.62377E+03
 1.11094E+03	 1.60520E+03
 1.11520E+03	 1.61543E+03
 1.11946E+03	 1.58367E+03
 1.12372E+03	 1.59103E+03
 1.12797E+03	 1.62850E+03
 1.13223E+03	 1.62003E+03
 1.13648E+03	 1.54957E+03
 1.14073E+03	 1.45103E+03
 1.14498E+03	 1.33840E+03
 1.14922E+03	 1.25410E+03
 1.15347E+03	 1.19007E+03
 1.15771E+03	 1.14413E+03
 1.16194E+03	 1.11867E+03
 1.16618E+03	 1.10950E+03
 1.17042E+03	 1.09710E+03
 1.17465E+03	 1.09673E+03
 1.17888E+03	 1.09323E+03
 1.18311E+03	 1.09240E+03
 1.18733E+03	 1.10490E+03
 1.19156E+03	 1.10157E+03
 1.19578E+03	 1.10630E+03
 1.20000E+03	 1.11937E+03
 1.20421E+03	 1.13170E+03
 1.20843E+03	 1.15067E+03
 1.21264E+03	 1.17483E+03
 1.21685E+03	 1.19917E+03
 1.22106E+03	 1.22100E+03
 1.22527E+03	 1.23703E+03
 1.22947E+03	 1.25483E+03
 1.23367E+03	 1.27087E+03
 1.23787E+03	 1.28733E+03
 1.24207E+03	 1.30190E+03
 1.24627E+03	 1.32940E+03
 1.25046E+03	 1.35057E+03
 1.25465E+03	 1.36503E+03
 1.25884E+03	 1.40027E+03
 1.26303E+03	 1.42983E+03
 1.26721E+03	 1.44140E+03
 1.27140E+03	 1.44430E+03
 1.27558E+03	 1.46090E+03
 1.27975E+03	 1.44817E+03
 1.28393E+03	 1.42063E+03
 1.28811E+03	 1.41327E+03
 1.29228E+03	 1.41553E+03
 1.29645E+03	 1.39110E+03
 1.30062E+03	 1.36363E+03
 1.30478E+03	 1.34377E+03
 1.30895E+03	 1.33470E+03
 1.31311E+03	 1.33107E+03
 1.31727E+03	 1.32947E+03
 1.32142E+03	 1.33083E+03
 1.32558E+03	 1.34083E+03
 1.32973E+03	 1.33240E+03
 1.33388E+03	 1.35233E+03
 1.33803E+03	 1.35517E+03
 1.34218E+03	 1.34410E+03
 1.34632E+03	 1.32903E+03
 1.35047E+03	 1.32893E+03
 1.35461E+03	 1.32627E+03
 1.35875E+03	 1.34663E+03
 1.36288E+03	 1.36257E+03
 1.36702E+03	 1.36787E+03
 1.37115E+03	 1.37287E+03
 1.37528E+03	 1.33963E+03
 1.37941E+03	 1.32870E+03
 1.38353E+03	 1.31857E+03
 1.38766E+03	 1.31820E+03
 1.39178E+03	 1.31107E+03
 1.39590E+03	 1.30707E+03
 1.40001E+03	 1.30040E+03
 1.40413E+03	 1.28653E+03
 1.40824E+03	 1.28740E+03
 1.41235E+03	 1.28233E+03
 1.41646E+03	 1.27673E+03
 1.42057E+03	 1.27863E+03
 1.42468E+03	 1.28813E+03
 1.42878E+03	 1.27857E+03
 1.43288E+03	 1.26587E+03
 1.43698E+03	 1.26797E+03
 1.44107E+03	 1.26240E+03
 1.44517E+03	 1.25313E+03
 1.44926E+03	 1.24980E+03
 1.45335E+03	 1.26400E+03
 1.45744E+03	 1.27910E+03
 1.46153E+03	 1.32780E+03
 1.46561E+03	 1.42070E+03
 1.46969E+03	 1.54660E+03
 1.47377E+03	 1.69087E+03
 1.47785E+03	 1.81150E+03
 1.48193E+03	 1.86317E+03
 1.48600E+03	 1.86763E+03
 1.49007E+03	 1.78310E+03
 1.49414E+03	 1.62870E+03
 1.49821E+03	 1.46673E+03
 1.50228E+03	 1.30550E+03
 1.50634E+03	 1.20653E+03
 1.51040E+03	 1.14037E+03
 1.51446E+03	 1.10457E+03
 1.51852E+03	 1.08460E+03
 1.52258E+03	 1.07230E+03
 1.52663E+03	 1.06057E+03
 1.53068E+03	 1.05593E+03
 1.53473E+03	 1.05203E+03
 1.53878E+03	 1.05193E+03
 1.54282E+03	 1.04740E+03
 1.54687E+03	 1.04127E+03
 1.55091E+03	 1.03977E+03
 1.55495E+03	 1.04213E+03
 1.55899E+03	 1.03710E+03
 1.56302E+03	 1.03580E+03
 1.56705E+03	 1.03557E+03
 1.57109E+03	 1.03090E+03
 1.57512E+03	 1.03817E+03
 1.57914E+03	 1.03703E+03
 1.58317E+03	 1.02970E+03
 1.58719E+03	 1.03173E+03
 1.59121E+03	 1.02753E+03
 1.59523E+03	 1.03180E+03
 1.59925E+03	 1.03143E+03
 1.60326E+03	 1.03093E+03
 1.60728E+03	 1.03073E+03
 1.61129E+03	 1.03090E+03
 1.61530E+03	 1.02870E+03
 1.61930E+03	 1.02567E+03
 1.62331E+03	 1.02573E+03
 1.62731E+03	 1.02583E+03
 1.63131E+03	 1.02510E+03
 1.63531E+03	 1.02510E+03
 1.63931E+03	 1.02637E+03
 1.64330E+03	 1.01963E+03
 1.64730E+03	 1.02360E+03
 1.65129E+03	 1.02487E+03
 1.65528E+03	 1.02490E+03
 1.65926E+03	 1.02473E+03
 1.66325E+03	 1.02817E+03
 1.66723E+03	 1.02113E+03
 1.67121E+03	 1.02417E+03
 1.67519E+03	 1.02360E+03
 1.67917E+03	 1.01900E+03
 1.68314E+03	 1.02560E+03
 1.68712E+03	 1.02010E+03
 1.69109E+03	 1.01823E+03
 1.69506E+03	 1.01373E+03
 1.69903E+03	 1.01297E+03
 1.70299E+03	 1.01610E+03
 1.70695E+03	 1.01397E+03
 1.71092E+03	 1.01337E+03
 1.71487E+03	 1.00890E+03
 1.71883E+03	 1.01007E+03
 1.72279E+03	 1.01180E+03
 1.72674E+03	 1.01093E+03
 1.73069E+03	 1.00890E+03
 1.73464E+03	 1.00447E+03
 1.73859E+03	 1.00360E+03
 1.74253E+03	 1.00437E+03
 1.74648E+03	 1.00530E+03
 1.75042E+03	 9.99733E+02
 1.75436E+03	 1.00547E+03
 1.75830E+03	 1.00397E+03
 1.76223E+03	 1.00397E+03
 1.76617E+03	 9.98967E+02
 1.77010E+03	 1.00147E+03
 1.77403E+03	 9.99033E+02
 1.77796E+03	 9.99333E+02
 1.78188E+03	 1.00037E+03
 1.78581E+03	 1.00267E+03
 1.78973E+03	 9.97033E+02
 1.79365E+03	 9.96600E+02
 1.79757E+03	 9.96800E+02
 1.80148E+03	 9.99133E+02
 1.80540E+03	 9.97533E+02
 1.80931E+03	 9.99067E+02
 1.81322E+03	 9.97400E+02
 1.81713E+03	 1.00083E+03
 1.82104E+03	 9.96500E+02
 1.82494E+03	 9.98333E+02
 1.82884E+03	 9.99667E+02
 1.83274E+03	 9.99867E+02
 1.83664E+03	 9.96900E+02
 1.84054E+03	 9.96233E+02
 1.84443E+03	 9.95633E+02
 1.84833E+03	 9.97700E+02
 1.85222E+03	 9.94467E+02
 1.85611E+03	 9.95700E+02
 1.85999E+03	 9.97633E+02
 1.86388E+03	 9.97800E+02
 1.86776E+03	 9.94867E+02
 1.87164E+03	 9.95133E+02
 1.87552E+03	 9.96200E+02
 1.87940E+03	 9.93100E+02
 1.88328E+03	 9.92400E+02
 1.88715E+03	 9.96333E+02
 1.89102E+03	 9.96033E+02
 1.89489E+03	 9.94033E+02
 1.89876E+03	 9.92167E+02
 1.90263E+03	 9.97333E+02
 1.90649E+03	 9.96967E+02
 1.91035E+03	 9.94733E+02
 1.91421E+03	 9.93100E+02
 1.91807E+03	 9.96933E+02
 1.92193E+03	 9.95033E+02
 1.92578E+03	 9.97467E+02
 1.92964E+03	 9.94400E+02
 1.93349E+03	 9.92767E+02
 1.93734E+03	 9.98967E+02
 1.94118E+03	 9.98600E+02
 1.94503E+03	 9.96000E+02
 1.94887E+03	 9.95433E+02
 1.95271E+03	 9.95967E+02
 1.95655E+03	 9.99133E+02
 1.96039E+03	 9.94600E+02
 1.96423E+03	 1.00037E+03
 1.96806E+03	 9.98000E+02
 1.97189E+03	 9.92900E+02
 1.97572E+03	 9.97133E+02
 1.97955E+03	 9.95333E+02
 1.98338E+03	 9.95600E+02
 1.98720E+03	 9.94233E+02
 1.99103E+03	 9.93833E+02
 1.99485E+03	 9.93767E+02
 1.99866E+03	 9.92033E+02
 2.00248E+03	 9.97800E+02
 2.00630E+03	 9.96633E+02
 2.01011E+03	 9.97867E+02
 2.01392E+03	 9.94267E+02
 2.01773E+03	 9.93400E+02
 2.02154E+03	 9.93700E+02
 2.02534E+03	 9.93500E+02
 2.02915E+03	 9.97867E+02
 2.03295E+03	 9.95233E+02
 2.03675E+03	 9.92233E+02
 2.04055E+03	 9.91233E+02
 2.04435E+03	 9.98300E+02
 2.04814E+03	 9.99500E+02
 2.05193E+03	 9.95433E+02
 2.05572E+03	 9.95100E+02
 2.05951E+03	 9.92767E+02
 2.06330E+03	 9.96433E+02
 2.06708E+03	 9.95433E+02
 2.07087E+03	 9.95633E+02
 2.07465E+03	 9.94167E+02
 2.07843E+03	 9.95300E+02
 2.08221E+03	 9.96800E+02
 2.08598E+03	 9.97433E+02
 2.08976E+03	 9.97533E+02
 2.09353E+03	 9.99100E+02
 2.09730E+03	 9.94600E+02
 2.10107E+03	 9.96700E+02
 2.10484E+03	 1.00017E+03
 2.10860E+03	 9.99833E+02
 2.11236E+03	 1.00073E+03
 2.11613E+03	 9.97833E+02
 2.11989E+03	 9.99133E+02
 2.12364E+03	 9.97600E+02
 2.12740E+03	 9.99233E+02
 2.13115E+03	 9.98800E+02
 2.13490E+03	 9.99667E+02
 2.13866E+03	 9.93767E+02
 2.14240E+03	 9.97667E+02
 2.14615E+03	 9.99500E+02
 2.14990E+03	 1.00090E+03
 2.15364E+03	 9.99767E+02
 2.15738E+03	 1.00040E+03
 2.16112E+03	 9.98533E+02
 2.16486E+03	 9.96567E+02
 2.16859E+03	 1.00107E+03
 2.17233E+03	 9.96233E+02
 2.17606E+03	 9.98067E+02
 2.17979E+03	 9.98467E+02
 2.18352E+03	 9.96233E+02
 2.18724E+03	 9.95700E+02
 2.19097E+03	 9.97367E+02
 2.19469E+03	 9.95700E+02
 2.19841E+03	 9.97733E+02
 2.20213E+03	 9.95767E+02
 2.20585E+03	 9.93633E+02
 2.20956E+03	 9.97533E+02
 2.21328E+03	 9.97533E+02
 2.21699E+03	 9.92367E+02
 2.22070E+03	 9.94433E+02
 2.22441E+03	 9.97100E+02
 2.22812E+03	 9.93800E+02
 2.23182E+03	 9.97200E+02
 2.23552E+03	 9.93233E+02
 2.23923E+03	 9.95467E+02
 2.24293E+03	 1.00030E+03
 2.24662E+03	 9.96200E+02
 2.25032E+03	 9.91767E+02
 2.25401E+03	 9.93533E+02
 2.25771E+03	 9.95433E+02
 2.26140E+03	 9.92467E+02
 2.26509E+03	 9.94233E+02
 2.26877E+03	 9.92233E+02
 2.27246E+03	 9.90933E+02
 2.27614E+03	 9.94967E+02
 2.27982E+03	 9.91333E+02
 2.28350E+03	 9.91533E+02
 2.28718E+03	 9.94467E+02
 2.29086E+03	 9.92700E+02
 2.29453E+03	 9.95100E+02
 2.29820E+03	 9.92767E+02
 2.30188E+03	 9.94500E+02
 2.30555E+03	 9.93833E+02
 2.30921E+03	 9.96867E+02
 2.31288E+03	 9.94533E+02
 2.31654E+03	 9.92467E+02
 2.32020E+03	 9.95500E+02
 2.32386E+03	 9.96600E+02
 2.32752E+03	 9.95533E+02
 2.33118E+03	 9.94800E+02
 2.33484E+03	 9.95100E+02
 2.33849E+03	 1.00127E+03
 2.34214E+03	 9.98433E+02
 2.34579E+03	 9.95400E+02
 2.34944E+03	 9.94867E+02
 2.35308E+03	 9.98033E+02
 2.35673E+03	 9.99100E+02
 2.36037E+03	 9.99267E+02
 2.36401E+03	 1.00067E+03
 2.36765E+03	 9.99433E+02
 2.37129E+03	 1.00003E+03
 2.37492E+03	 1.00400E+03
 2.37856E+03	 1.00737E+03
 2.38219E+03	 1.00737E+03
 2.38582E+03	 1.00903E+03
 2.38945E+03	 1.00703E+03
 2.39308E+03	 1.00807E+03
 2.39670E+03	 1.00677E+03
 2.40033E+03	 1.00757E+03
 2.40395E+03	 1.00563E+03
 2.40757E+03	 1.00860E+03
 2.41119E+03	 1.00370E+03
 2.41480E+03	 1.00373E+03
 2.41842E+03	 1.00667E+03
 2.42203E+03	 9.99467E+02
 2.42564E+03	 9.98700E+02
 2.42925E+03	 1.00210E+03
 2.43286E+03	 1.00233E+03
 2.43647E+03	 1.00420E+03
 2.44007E+03	 1.00183E+03
 2.44367E+03	 1.00003E+03
 2.44727E+03	 1.00207E+03
 2.45087E+03	 1.00613E+03
 2.45447E+03	 1.00613E+03
 2.45807E+03	 1.00943E+03
 2.46166E+03	 1.00503E+03
 2.46525E+03	 1.00630E+03
 2.46884E+03	 1.00823E+03
 2.47243E+03	 1.00667E+03
 2.47602E+03	 1.00833E+03
 2.47960E+03	 1.00120E+03
 2.48319E+03	 1.01097E+03
 2.48677E+03	 1.00863E+03
 2.49035E+03	 1.00890E+03
 2.49393E+03	 1.00780E+03
 2.49751E+03	 1.01053E+03
 2.50108E+03	 1.00943E+03
 2.50465E+03	 1.01017E+03
 2.50823E+03	 1.01417E+03
 2.51180E+03	 1.01767E+03
 2.51536E+03	 1.01583E+03
 2.51893E+03	 1.01830E+03
 2.52250E+03	 1.02067E+03
 2.52606E+03	 1.01630E+03
 2.52962E+03	 1.02097E+03
 2.53318E+03	 1.02640E+03
 2.53674E+03	 1.02780E+03
 2.54029E+03	 1.02240E+03
 2.54385E+03	 1.02533E+03
 2.54740E+03	 1.02843E+03
 2.55095E+03	 1.02597E+03
 2.55450E+03	 1.03043E+03
 2.55805E+03	 1.02807E+03
 2.56160E+03	 1.02907E+03
 2.56514E+03	 1.03057E+03
 2.56868E+03	 1.02887E+03
 2.57222E+03	 1.03210E+03
 2.57576E+03	 1.02987E+03
 2.57930E+03	 1.02703E+03
 2.58284E+03	 1.02903E+03
 2.58637E+03	 1.03163E+03
 2.58991E+03	 1.03270E+03
 2.59344E+03	 1.03163E+03
 2.59697E+03	 1.02997E+03
 2.60049E+03	 1.03213E+03
 2.60402E+03	 1.03607E+03
 2.60754E+03	 1.02940E+03
 2.61107E+03	 1.02910E+03
 2.61459E+03	 1.03213E+03
 2.61811E+03	 1.03543E+03
 2.62162E+03	 1.03080E+03
 2.62514E+03	 1.03670E+03
 2.62865E+03	 1.03757E+03
 2.63217E+03	 1.03790E+03
 2.63568E+03	 1.04023E+03
 2.63919E+03	 1.04383E+03
 2.64269E+03	 1.04050E+03
 2.64620E+03	 1.04543E+03
 2.64970E+03	 1.04513E+03
 2.65321E+03	 1.05250E+03
 2.65671E+03	 1.05360E+03
 2.66021E+03	 1.05167E+03
 2.66370E+03	 1.05257E+03
 2.66720E+03	 1.06177E+03
 2.67069E+03	 1.06607E+03
 2.67419E+03	 1.06787E+03
 2.67768E+03	 1.07163E+03
 2.68117E+03	 1.07900E+03
 2.68466E+03	 1.07750E+03
 2.68814E+03	 1.08193E+03
 2.69163E+03	 1.08647E+03
 2.69511E+03	 1.09440E+03
 2.69859E+03	 1.10410E+03
 2.70207E+03	 1.11150E+03
 2.70555E+03	 1.10773E+03
 2.70902E+03	 1.11637E+03
 2.71250E+03	 1.12823E+03
 2.71597E+03	 1.12990E+03
 2.71944E+03	 1.14030E+03
 2.72291E+03	 1.15713E+03
 2.72638E+03	 1.17313E+03
 2.72984E+03	 1.17763E+03
 2.73331E+03	 1.19803E+03
 2.73677E+03	 1.21247E+03
 2.74023E+03	 1.21653E+03
 2.74369E+03	 1.22550E+03
 2.74715E+03	 1.24143E+03
 2.75061E+03	 1.24313E+03
 2.75406E+03	 1.24593E+03
 2.75752E+03	 1.25297E+03
 2.76097E+03	 1.26817E+03
 2.76442E+03	 1.27240E+03
 2.76786E+03	 1.27410E+03
 2.77131E+03	 1.25847E+03
 2.77476E+03	 1.24457E+03
 2.77820E+03	 1.24880E+03
 2.78164E+03	 1.25000E+03
 2.78508E+03	 1.25383E+03
 2.78852E+03	 1.24943E+03
 2.79196E+03	 1.25653E+03
 2.79539E+03	 1.25700E+03
 2.79883E+03	 1.26477E+03
 2.80226E+03	 1.26877E+03
 2.80569E+03	 1.27187E+03
 2.80912E+03	 1.29427E+03
 2.81254E+03	 1.31427E+03
 2.81597E+03	 1.32140E+03
 2.81939E+03	 1.34917E+03
 2.82282E+03	 1.36530E+03
 2.82624E+03	 1.38840E+03
 2.82966E+03	 1.42570E+03
 2.83307E+03	 1.44540E+03
 2.83649E+03	 1.46807E+03
 2.83990E+03	 1.52020E+03
 2.84332E+03	 1.57900E+03
 2.84673E+03	 1.60960E+03
 2.85014E+03	 1.65130E+03
 2.85354E+03	 1.69793E+03
 2.85695E+03	 1.75800E+03
 2.86036E+03	 1.84027E+03
 2.86376E+03	 1.92420E+03
 2.86716E+03	 1.97440E+03
 2.87056E+03	 2.09220E+03
 2.87396E+03	 2.20897E+03
 2.87736E+03	 2.34187E+03
 2.88075E+03	 2.57433E+03
 2.88414E+03	 2.69230E+03
 2.88754E+03	 2.89620E+03
 2.89093E+03	 3.09320E+03
 2.89431E+03	 3.25153E+03
 2.89770E+03	 3.32330E+03
 2.90109E+03	 3.40087E+03
 2.90447E+03	 3.39900E+03
 2.90785E+03	 3.34407E+03
 2.91123E+03	 3.18733E+03
 2.91461E+03	 3.18227E+03
 2.91799E+03	 3.12680E+03
 2.92137E+03	 3.12703E+03
 2.92474E+03	 3.07277E+03
 2.92811E+03	 3.06133E+03
 2.93149E+03	 3.06380E+03
 2.93486E+03	 3.08303E+03
 2.93822E+03	 3.14190E+03
 2.94159E+03	 3.23423E+03
 2.94496E+03	 3.28913E+03
 2.94832E+03	 3.24190E+03
 2.95168E+03	 3.32237E+03
 2.95504E+03	 3.31097E+03
 2.95840E+03	 3.27383E+03
 2.96176E+03	 3.33550E+03
 2.96511E+03	 3.17647E+03
 2.96847E+03	 3.06207E+03
 2.97182E+03	 2.98320E+03
 2.97517E+03	 2.86687E+03
 2.97852E+03	 2.78223E+03
 2.98187E+03	 2.57987E+03
 2.98521E+03	 2.43267E+03
 2.98856E+03	 2.27003E+03
 2.99190E+03	 2.06310E+03
 2.99524E+03	 1.88083E+03
 2.99858E+03	 1.72110E+03
 3.00192E+03	 1.61470E+03
 3.00526E+03	 1.53187E+03
 3.00859E+03	 1.43890E+03
 3.01193E+03	 1.37387E+03
 3.01526E+03	 1.31957E+03
 3.01859E+03	 1.26730E+03
 3.02192E+03	 1.21457E+03
 3.02525E+03	 1.21370E+03
 3.02857E+03	 1.18487E+03
 3.03190E+03	 1.17250E+03
 3.03522E+03	 1.15850E+03
 3.03854E+03	 1.13810E+03
 3.04186E+03	 1.13040E+03
 3.04518E+03	 1.11500E+03
 3.04850E+03	 1.12137E+03
 3.05181E+03	 1.11757E+03
 3.05512E+03	 1.09957E+03
 3.05844E+03	 1.10347E+03
 3.06175E+03	 1.10190E+03
 3.06506E+03	 1.10113E+03
 3.06836E+03	 1.09677E+03
 3.07167E+03	 1.09753E+03
 3.07497E+03	 1.09860E+03
 3.07828E+03	 1.10263E+03
 3.08158E+03	 1.09277E+03
 3.08488E+03	 1.09080E+03
 3.08818E+03	 1.09993E+03
 3.09147E+03	 1.09953E+03
 3.09477E+03	 1.09777E+03
 3.09806E+03	 1.10583E+03
 3.10135E+03	 1.10000E+03
 3.10464E+03	 1.10890E+03
 3.10793E+03	 1.12150E+03
 3.11122E+03	 1.11400E+03
 3.11451E+03	 1.11940E+03
 3.11779E+03	 1.12387E+03
 3.12107E+03	 1.12337E+03
 3.12436E+03	 1.13633E+03
 3.12764E+03	 1.13113E+03
 3.13091E+03	 1.14733E+03
 3.13419E+03	 1.14203E+03
 3.13747E+03	 1.14953E+03
 3.14074E+03	 1.15097E+03
 3.14401E+03	 1.15377E+03
 3.14728E+03	 1.16327E+03
 3.15055E+03	 1.16653E+03
 3.15382E+03	 1.18457E+03
 3.15709E+03	 1.18780E+03
 3.16035E+03	 1.19760E+03
 3.16362E+03	 1.18497E+03
 3.16688E+03	 1.18913E+03
 3.17014E+03	 1.20340E+03
 3.17340E+03	 1.20693E+03
 3.17665E+03	 1.20963E+03
 3.17991E+03	 1.21790E+03
 3.18316E+03	 1.22047E+03
 3.18642E+03	 1.23607E+03
 3.18967E+03	 1.23927E+03
 3.19292E+03	 1.24960E+03
 3.19617E+03	 1.25770E+03
 3.19941E+03	 1.26620E+03
 3.20266E+03	 1.25637E+03
 3.20590E+03	 1.28370E+03
 3.20914E+03	 1.28123E+03
 3.21238E+03	 1.27660E+03
 3.21562E+03	 1.29097E+03
 3.21886E+03	 1.29690E+03
 3.22210E+03	 1.28953E+03
 3.22533E+03	 1.29327E+03
 3.22857E+03	 1.31710E+03
 3.23180E+03	 1.32137E+03
 3.23503E+03	 1.33557E+03
 3.23826E+03	 1.34793E+03
 3.24148E+03	 1.33943E+03
 3.24471E+03	 1.34917E+03
 3.24793E+03	 1.41720E+03
 3.25116E+03	 1.34890E+03
 3.25438E+03	 1.36193E+03
 3.25760E+03	 1.35827E+03
 3.26082E+03	 1.37150E+03
 3.26403E+03	 1.38210E+03
 3.26725E+03	 1.38393E+03
 3.27046E+03	 1.39220E+03
 3.27368E+03	 1.39320E+03
 3.27689E+03	 1.39710E+03
 3.28010E+03	 1.39370E+03
 3.28331E+03	 1.38970E+03
 3.28651E+03	 1.39603E+03
 3.28972E+03	 1.40420E+03
 3.29292E+03	 1.39360E+03
 3.29612E+03	 1.38067E+03
 3.29932E+03	 1.40437E+03
 3.30252E+03	 1.42087E+03
 3.30572E+03	 1.42737E+03
 3.30892E+03	 1.41297E+03
 3.31211E+03	 1.41180E+03
 3.31531E+03	 1.41793E+03
 3.31850E+03	 1.42823E+03
 3.32169E+03	 1.42460E+03
 3.32488E+03	 1.39907E+03
 3.32807E+03	 1.41307E+03
 3.33125E+03	 1.40700E+03
 3.33444E+03	 1.42777E+03
 3.33762E+03	 1.43180E+03
 3.34080E+03	 1.43710E+03
 3.34398E+03	 1.43300E+03
 3.34716E+03	 1.41673E+03
 3.35034E+03	 1.41373E+03
 3.35351E+03	 1.43943E+03
 3.35669E+03	 1.45300E+03
 3.35986E+03	 1.45530E+03
 3.36303E+03	 1.45037E+03
 3.36620E+03	 1.43973E+03
 3.36937E+03	 1.44717E+03
 3.37254E+03	 1.44920E+03
 3.37570E+03	 1.44567E+03
 3.37887E+03	 1.45210E+03
 3.38203E+03	 1.43993E+03
 3.38519E+03	 1.44900E+03
 3.38835E+03	 1.44767E+03
 3.39151E+03	 1.44613E+03
 3.39467E+03	 1.45320E+03
 3.39782E+03	 1.44760E+03
 3.40098E+03	 1.43187E+03
 3.40413E+03	 1.44573E+03
 3.40728E+03	 1.42363E+03
 3.41043E+03	 1.42807E+03
 3.41358E+03	 1.42093E+03
 3.41673E+03	 1.44290E+03
 3.41987E+03	 1.42827E+03
 3.42302E+03	 1.42800E+03
 3.42616E+03	 1.40840E+03
 3.42930E+03	 1.41120E+03
 3.43244E+03	 1.40997E+03
 3.43558E+03	 1.43110E+03
 3.43872E+03	 1.40593E+03
 3.44185E+03	 1.40843E+03
 3.44499E+03	 1.39373E+03
 3.44812E+03	 1.38720E+03
 3.45125E+03	 1.38560E+03
 3.45438E+03	 1.38167E+03
 3.45751E+03	 1.38403E+03
 3.46064E+03	 1.39083E+03
 3.46376E+03	 1.37227E+03
 3.46689E+03	 1.34397E+03
 3.47001E+03	 1.36957E+03
 3.47313E+03	 1.36810E+03
 3.47625E+03	 1.35183E+03
 3.47937E+03	 1.34713E+03
 3.48249E+03	 1.33877E+03
 3.48560E+03	 1.32837E+03
 3.48872E+03	 1.32780E+03
 3.49183E+03	 1.30810E+03
 3.49494E+03	 1.31417E+03
 3.49805E+03	 1.29403E+03
 3.50116E+03	 1.27257E+03
 3.50427E+03	 1.27253E+03
 3.50737E+03	 1.26083E+03
 3.51048E+03	 1.25303E+03
 3.51358E+03	 1.24400E+03
 3.51668E+03	 1.24900E+03
 3.51978E+03	 1.23507E+03
 3.52288E+03	 1.23333E+03
 3.52598E+03	 1.22750E+03
 3.52907E+03	 1.20650E+03
 3.53217E+03	 1.19903E+03
 3.53526E+03	 1.19067E+03
 3.53835E+03	 1.18797E+03
 3.54144E+03	 1.17497E+03
 3.54453E+03	 1.17653E+03
 3.54762E+03	 1.16453E+03
 3.55071E+03	 1.15933E+03
 3.55379E+03	 1.14707E+03
 3.55687E+03	 1.14463E+03
 3.55996E+03	 1.13873E+03
 3.56304E+03	 1.13660E+03
 3.56612E+03	 1.11863E+03
 3.56919E+03	 1.11207E+03
 3.57227E+03	 1.11230E+03
 3.57535E+03	 1.10133E+03
 3.57842E+03	 1.10190E+03
 3.58149E+03	 1.09127E+03
 3.58456E+03	 1.08767E+03
 3.58763E+03	 1.08510E+03
 3.59070E+03	 1.07500E+03
 3.59377E+03	 1.07023E+03
 3.59683E+03	 1.06660E+03
 3.59990E+03	 1.05510E+03
 3.60296E+03	 1.04940E+03
 3.60602E+03	 1.04007E+03
 3.60908E+03	 1.04310E+03
 3.61214E+03	 1.03563E+03
 3.61519E+03	 1.02720E+03
 3.61825E+03	 1.02003E+03
 3.62130E+03	 1.02503E+03
 3.62436E+03	 1.01820E+03
 3.62741E+03	 1.01373E+03
 3.63046E+03	 1.00437E+03
 3.63351E+03	 9.98700E+02
 3.63656E+03	 9.98500E+02
 3.63960E+03	 9.92833E+02
 3.64265E+03	 9.89100E+02
 3.64569E+03	 9.84467E+02
 3.64873E+03	 9.79400E+02
 3.65177E+03	 9.75967E+02
 3.65481E+03	 9.77900E+02
 3.65785E+03	 9.71333E+02
 3.66089E+03	 9.70033E+02
 3.66392E+03	 9.64867E+02
 3.66695E+03	 9.64833E+02
 3.66999E+03	 9.65467E+02
 3.67302E+03	 9.62200E+02
 3.67605E+03	 9.62200E+02
 3.67908E+03	 9.58967E+02
 3.68210E+03	 9.54567E+02
 3.68513E+03	 9.51067E+02
 3.68815E+03	 9.50400E+02
 3.69117E+03	 9.55133E+02
 3.69420E+03	 9.51867E+02
 3.69722E+03	 9.48467E+02
 3.70023E+03	 9.49067E+02
 3.70325E+03	 9.47967E+02
 3.70627E+03	 9.45833E+02
 3.70928E+03	 9.40933E+02
 3.71230E+03	 9.43333E+02
 3.71531E+03	 9.45367E+02
 3.71832E+03	 9.42467E+02
 3.72133E+03	 9.40800E+02
 3.72434E+03	 9.38967E+02
 3.72734E+03	 9.41000E+02
 3.73035E+03	 9.36900E+02
 3.73335E+03	 9.40333E+02
 3.73635E+03	 9.39133E+02
 3.73936E+03	 9.36933E+02
 3.74236E+03	 9.39800E+02
 3.74535E+03	 9.36967E+02
 3.74835E+03	 9.34233E+02
 3.75135E+03	 9.33000E+02
 3.75434E+03	 9.33400E+02
 3.75733E+03	 9.36100E+02
 3.76033E+03	 9.32933E+02
 3.76332E+03	 9.35267E+02
 3.76631E+03	 9.30767E+02
 3.76929E+03	 9.33800E+02
 3.77228E+03	 9.30433E+02
 3.77527E+03	 9.33400E+02
 3.77825E+03	 9.31167E+02
 3.78123E+03	 9.30767E+02
 3.78421E+03	 9.32900E+02
 3.78719E+03	 9.29967E+02
