-1.40382E+02	 9.06800E+02
-1.35457E+02	 9.08067E+02
-1.30535E+02	 9.06767E+02
-1.25616E+02	 9.07433E+02
-1.20700E+02	 9.08133E+02
-1.15786E+02	 9.08400E+02
-1.10875E+02	 9.07500E+02
-1.05967E+02	 9.09367E+02
-1.01061E+02	 9.08500E+02
-9.61580E+01	 9.08700E+02
-9.12576E+01	 9.09600E+02
-8.63599E+01	 9.07633E+02
-8.14648E+01	 9.08767E+02
-7.65724E+01	 9.09267E+02
-7.16827E+01	 9.09000E+02
-6.67956E+01	 9.09967E+02
-6.19111E+01	 9.09667E+02
-5.70293E+01	 9.09467E+02
-5.21502E+01	 9.09967E+02
-4.72737E+01	 9.08767E+02
-4.23998E+01	 9.11667E+02
-3.75286E+01	 9.11233E+02
-3.26600E+01	 9.10367E+02
-2.77941E+01	 9.12467E+02
-2.29308E+01	 9.12167E+02
-1.80701E+01	 9.15200E+02
-1.32121E+01	 9.17400E+02
-8.35667E+00	 9.20700E+02
-3.50389E+00	 9.26667E+02
 1.34626E+00	 9.57133E+02
 6.19379E+00	 1.39573E+03
 1.10387E+01	 5.27400E+03
 1.58810E+01	 7.78660E+03
 2.07207E+01	 3.82397E+03
 2.55577E+01	 1.12023E+03
 3.03922E+01	 9.32800E+02
 3.52240E+01	 9.18100E+02
 4.00532E+01	 9.14400E+02
 4.48798E+01	 9.13900E+02
 4.97038E+01	 9.11900E+02
 5.45252E+01	 9.11933E+02
 5.93440E+01	 9.12167E+02
 6.41602E+01	 9.12700E+02
 6.89738E+01	 9.11667E+02
 7.37848E+01	 9.17833E+02
 7.85932E+01	 9.30433E+02
 8.33991E+01	 9.68067E+02
 8.82023E+01	 1.05150E+03
 9.30029E+01	 1.15893E+03
 9.78010E+01	 1.21767E+03
 1.02596E+02	 1.24217E+03
 1.07389E+02	 1.24477E+03
 1.12180E+02	 1.25027E+03
 1.16967E+02	 1.22940E+03
 1.21753E+02	 1.19703E+03
 1.26535E+02	 1.18380E+03
 1.31315E+02	 1.18557E+03
 1.36093E+02	 1.18577E+03
 1.40867E+02	 1.17173E+03
 1.45640E+02	 1.16290E+03
 1.50409E+02	 1.15243E+03
 1.55177E+02	 1.15600E+03
 1.59941E+02	 1.15503E+03
 1.64703E+02	 1.13767E+03
 1.69463E+02	 1.12390E+03
 1.74220E+02	 1.11433E+03
 1.78974E+02	 1.10750E+03
 1.83726E+02	 1.10597E+03
 1.88475E+02	 1.09880E+03
 1.93222E+02	 1.08810E+03
 1.97966E+02	 1.08560E+03
 2.02708E+02	 1.07523E+03
 2.07447E+02	 1.07680E+03
 2.12184E+02	 1.08283E+03
 2.16918E+02	 1.07403E+03
 2.21649E+02	 1.07097E+03
 2.26378E+02	 1.06817E+03
 2.31105E+02	 1.06730E+03
 2.35829E+02	 1.06503E+03
 2.40550E+02	 1.06260E+03
 2.45269E+02	 1.05453E+03
 2.49985E+02	 1.05293E+03
 2.54699E+02	 1.05300E+03
 2.59410E+02	 1.04787E+03
 2.64119E+02	 1.04307E+03
 2.68825E+02	 1.04517E+03
 2.73529E+02	 1.04730E+03
 2.78230E+02	 1.04280E+03
 2.82929E+02	 1.04070E+03
 2.87625E+02	 1.03803E+03
 2.92319E+02	 1.03910E+03
 2.97010E+02	 1.03643E+03
 3.01699E+02	 1.03303E+03
 3.06385E+02	 1.03167E+03
 3.11069E+02	 1.03070E+03
 3.15750E+02	 1.03030E+03
 3.20428E+02	 1.03263E+03
 3.25105E+02	 1.03620E+03
 3.29778E+02	 1.04453E+03
 3.34450E+02	 1.11687E+03
 3.39118E+02	 1.03777E+03
 3.43785E+02	 1.03037E+03
 3.48448E+02	 1.03137E+03
 3.53110E+02	 1.02527E+03
 3.57768E+02	 1.02840E+03
 3.62425E+02	 1.02260E+03
 3.67079E+02	 1.02117E+03
 3.71730E+02	 1.01943E+03
 3.76379E+02	 1.01347E+03
 3.81025E+02	 1.01520E+03
 3.85669E+02	 1.01960E+03
 3.90311E+02	 1.02203E+03
 3.94950E+02	 1.02547E+03
 3.99586E+02	 1.03013E+03
 4.04220E+02	 1.03037E+03
 4.08852E+02	 1.03200E+03
 4.13481E+02	 1.04060E+03
 4.18108E+02	 1.04697E+03
 4.22732E+02	 1.06110E+03
 4.27354E+02	 1.07813E+03
 4.31973E+02	 1.09603E+03
 4.36590E+02	 1.08903E+03
 4.41205E+02	 1.08057E+03
 4.45817E+02	 1.06637E+03
 4.50426E+02	 1.05197E+03
 4.55034E+02	 1.04080E+03
 4.59638E+02	 1.02797E+03
 4.64241E+02	 1.02560E+03
 4.68840E+02	 1.02463E+03
 4.73438E+02	 1.02420E+03
 4.78033E+02	 1.03033E+03
 4.82625E+02	 1.04733E+03
 4.87215E+02	 1.07077E+03
 4.91803E+02	 1.09957E+03
 4.96388E+02	 1.13367E+03
 5.00971E+02	 1.15220E+03
 5.05552E+02	 1.16077E+03
 5.10129E+02	 1.14570E+03
 5.14705E+02	 1.11453E+03
 5.19278E+02	 1.07590E+03
 5.23849E+02	 1.05110E+03
 5.28417E+02	 1.03843E+03
 5.32983E+02	 1.02307E+03
 5.37547E+02	 1.01877E+03
 5.42108E+02	 1.01000E+03
 5.46666E+02	 1.00923E+03
 5.51223E+02	 1.01083E+03
 5.55777E+02	 1.02037E+03
 5.60328E+02	 1.02337E+03
 5.64877E+02	 1.02603E+03
 5.69424E+02	 1.02647E+03
 5.73968E+02	 1.02517E+03
 5.78510E+02	 1.01937E+03
 5.83049E+02	 1.01443E+03
 5.87587E+02	 1.00760E+03
 5.92121E+02	 1.00440E+03
 5.96654E+02	 9.99567E+02
 6.01184E+02	 9.99600E+02
 6.05711E+02	 1.00063E+03
 6.10236E+02	 9.99333E+02
 6.14759E+02	 9.97467E+02
 6.19280E+02	 9.96633E+02
 6.23798E+02	 9.94133E+02
 6.28313E+02	 9.95367E+02
 6.32827E+02	 9.93733E+02
 6.37338E+02	 9.95400E+02
 6.41846E+02	 9.92733E+02
 6.46352E+02	 9.93333E+02
 6.50856E+02	 9.94500E+02
 6.55358E+02	 9.99000E+02
 6.59857E+02	 1.00710E+03
 6.64354E+02	 1.00823E+03
 6.68848E+02	 1.00873E+03
 6.73340E+02	 1.01377E+03
 6.77830E+02	 1.01757E+03
 6.82317E+02	 1.03407E+03
 6.86802E+02	 1.03720E+03
 6.91285E+02	 1.04657E+03
 6.95765E+02	 1.04617E+03
 7.00243E+02	 1.03223E+03
 7.04718E+02	 1.02347E+03
 7.09192E+02	 1.01390E+03
 7.13663E+02	 1.00323E+03
 7.18131E+02	 9.98267E+02
 7.22597E+02	 9.91367E+02
 7.27061E+02	 9.89833E+02
 7.31523E+02	 9.89133E+02
 7.35982E+02	 9.85267E+02
 7.40439E+02	 9.87900E+02
 7.44894E+02	 9.88667E+02
 7.49346E+02	 9.86133E+02
 7.53796E+02	 9.79733E+02
 7.58243E+02	 9.84267E+02
 7.62689E+02	 9.82500E+02
 7.67132E+02	 9.86900E+02
 7.71572E+02	 9.85067E+02
 7.76011E+02	 9.83200E+02
 7.80447E+02	 9.89033E+02
 7.84880E+02	 9.85333E+02
 7.89312E+02	 9.91067E+02
 7.93741E+02	 9.92833E+02
 7.98167E+02	 9.98867E+02
 8.02592E+02	 9.99633E+02
 8.07014E+02	 1.00067E+03
 8.11434E+02	 9.99133E+02
 8.15851E+02	 1.00893E+03
 8.20267E+02	 1.01690E+03
 8.24680E+02	 1.03220E+03
 8.29090E+02	 1.06860E+03
 8.33499E+02	 1.10927E+03
 8.37905E+02	 1.13020E+03
 8.42309E+02	 1.12707E+03
 8.46710E+02	 1.11067E+03
 8.51109E+02	 1.12053E+03
 8.55506E+02	 1.15023E+03
 8.59901E+02	 1.19213E+03
 8.64293E+02	 1.24187E+03
 8.68683E+02	 1.26523E+03
 8.73071E+02	 1.23790E+03
 8.77456E+02	 1.22543E+03
 8.81840E+02	 1.18770E+03
 8.86221E+02	 1.14387E+03
 8.90599E+02	 1.10317E+03
 8.94976E+02	 1.06447E+03
 8.99350E+02	 1.03117E+03
 9.03722E+02	 1.01717E+03
 9.08091E+02	 1.00753E+03
 9.12459E+02	 1.01060E+03
 9.16824E+02	 1.02560E+03
 9.21187E+02	 1.04367E+03
 9.25547E+02	 1.06877E+03
 9.29905E+02	 1.08977E+03
 9.34261E+02	 1.11193E+03
 9.38615E+02	 1.11033E+03
 9.42967E+02	 1.12137E+03
 9.47316E+02	 1.11477E+03
 9.51663E+02	 1.08953E+03
 9.56008E+02	 1.04740E+03
 9.60350E+02	 1.01477E+03
 9.64691E+02	 1.00173E+03
 9.69029E+02	 9.94300E+02
 9.73364E+02	 9.93133E+02
 9.77698E+02	 9.95933E+02
 9.82029E+02	 1.00740E+03
 9.86358E+02	 1.01910E+03
 9.90685E+02	 1.04103E+03
 9.95010E+02	 1.05113E+03
 9.99332E+02	 1.03270E+03
 1.00365E+03	 1.02450E+03
 1.00797E+03	 1.01267E+03
 1.01229E+03	 1.00270E+03
 1.01660E+03	 1.00183E+03
 1.02091E+03	 1.00013E+03
 1.02522E+03	 9.98667E+02
 1.02953E+03	 1.00530E+03
 1.03383E+03	 1.01533E+03
 1.03813E+03	 1.03330E+03
 1.04243E+03	 1.05823E+03
 1.04673E+03	 1.09863E+03
 1.05103E+03	 1.13317E+03
 1.05532E+03	 1.16407E+03
 1.05961E+03	 1.20257E+03
 1.06390E+03	 1.24173E+03
 1.06819E+03	 1.25817E+03
 1.07247E+03	 1.26523E+03
 1.07676E+03	 1.27447E+03
 1.08104E+03	 1.26943E+03
 1.08531E+03	 1.24180E+03
 1.08959E+03	 1.23017E+03
 1.09386E+03	 1.21133E+03
 1.09813E+03	 1.18443E+03
 1.10240E+03	 1.17963E+03
 1.10667E+03	 1.18023E+03
 1.11094E+03	 1.18557E+03
 1.11520E+03	 1.17113E+03
 1.11946E+03	 1.16853E+03
 1.12372E+03	 1.17843E+03
 1.12797E+03	 1.17377E+03
 1.13223E+03	 1.17020E+03
 1.13648E+03	 1.16127E+03
 1.14073E+03	 1.12617E+03
 1.14498E+03	 1.07527E+03
 1.14922E+03	 1.04210E+03
 1.15347E+03	 1.01310E+03
 1.15771E+03	 1.00410E+03
 1.16194E+03	 1.00197E+03
 1.16618E+03	 9.92100E+02
 1.17042E+03	 9.91067E+02
 1.17465E+03	 9.86667E+02
 1.17888E+03	 9.85300E+02
 1.18311E+03	 9.89767E+02
 1.18733E+03	 9.89900E+02
 1.19156E+03	 9.92067E+02
 1.19578E+03	 9.95967E+02
 1.20000E+03	 9.98533E+02
 1.20421E+03	 1.00457E+03
 1.20843E+03	 1.01363E+03
 1.21264E+03	 1.01957E+03
 1.21685E+03	 1.02853E+03
 1.22106E+03	 1.03477E+03
 1.22527E+03	 1.04530E+03
 1.22947E+03	 1.05940E+03
 1.23367E+03	 1.05770E+03
 1.23787E+03	 1.06107E+03
 1.24207E+03	 1.06140E+03
 1.24627E+03	 1.07593E+03
 1.25046E+03	 1.08607E+03
 1.25465E+03	 1.09797E+03
 1.25884E+03	 1.10750E+03
 1.26303E+03	 1.11407E+03
 1.26721E+03	 1.11970E+03
 1.27140E+03	 1.12640E+03
 1.27558E+03	 1.11703E+03
 1.27975E+03	 1.12217E+03
 1.28393E+03	 1.12297E+03
 1.28811E+03	 1.12080E+03
 1.29228E+03	 1.11923E+03
 1.29645E+03	 1.10443E+03
 1.30062E+03	 1.09990E+03
 1.30478E+03	 1.08540E+03
 1.30895E+03	 1.08317E+03
 1.31311E+03	 1.08100E+03
 1.31727E+03	 1.07570E+03
 1.32142E+03	 1.07973E+03
 1.32558E+03	 1.09163E+03
 1.32973E+03	 1.08327E+03
 1.33388E+03	 1.08837E+03
 1.33803E+03	 1.08990E+03
 1.34218E+03	 1.09307E+03
 1.34632E+03	 1.08987E+03
 1.35047E+03	 1.07890E+03
 1.35461E+03	 1.08413E+03
 1.35875E+03	 1.09223E+03
 1.36288E+03	 1.10157E+03
 1.36702E+03	 1.09550E+03
 1.37115E+03	 1.10480E+03
 1.37528E+03	 1.10557E+03
 1.37941E+03	 1.09007E+03
 1.38353E+03	 1.08660E+03
 1.38766E+03	 1.07973E+03
 1.39178E+03	 1.07337E+03
 1.39590E+03	 1.08137E+03
 1.40001E+03	 1.06777E+03
 1.40413E+03	 1.06827E+03
 1.40824E+03	 1.06700E+03
 1.41235E+03	 1.06197E+03
 1.41646E+03	 1.06087E+03
 1.42057E+03	 1.06643E+03
 1.42468E+03	 1.06307E+03
 1.42878E+03	 1.06000E+03
 1.43288E+03	 1.05510E+03
 1.43698E+03	 1.05810E+03
 1.44107E+03	 1.05403E+03
 1.44517E+03	 1.05137E+03
 1.44926E+03	 1.05307E+03
 1.45335E+03	 1.05420E+03
 1.45744E+03	 1.06487E+03
 1.46153E+03	 1.08113E+03
 1.46561E+03	 1.11783E+03
 1.46969E+03	 1.16877E+03
 1.47377E+03	 1.23437E+03
 1.47785E+03	 1.27093E+03
 1.48193E+03	 1.29353E+03
 1.48600E+03	 1.31063E+03
 1.49007E+03	 1.27520E+03
 1.49414E+03	 1.20590E+03
 1.49821E+03	 1.14637E+03
 1.50228E+03	 1.08000E+03
 1.50634E+03	 1.03960E+03
 1.51040E+03	 1.01257E+03
 1.51446E+03	 9.95700E+02
 1.51852E+03	 9.89067E+02
 1.52258E+03	 9.82600E+02
 1.52663E+03	 9.79433E+02
 1.53068E+03	 9.80567E+02
 1.53473E+03	 9.75867E+02
 1.53878E+03	 9.75533E+02
 1.54282E+03	 9.73767E+02
 1.54687E+03	 9.71300E+02
 1.55091E+03	 9.72333E+02
 1.55495E+03	 9.70167E+02
 1.55899E+03	 9.70267E+02
 1.56302E+03	 9.68700E+02
 1.56705E+03	 9.68867E+02
 1.57109E+03	 9.71500E+02
 1.57512E+03	 9.70367E+02
 1.57914E+03	 9.69400E+02
 1.58317E+03	 9.64500E+02
 1.58719E+03	 9.68333E+02
 1.59121E+03	 9.68800E+02
 1.59523E+03	 9.68933E+02
 1.59925E+03	 9.66767E+02
 1.60326E+03	 9.68400E+02
 1.60728E+03	 9.68267E+02
 1.61129E+03	 9.66133E+02
 1.61530E+03	 9.66833E+02
 1.61930E+03	 9.67800E+02
 1.62331E+03	 9.65567E+02
 1.62731E+03	 9.66767E+02
 1.63131E+03	 9.66767E+02
 1.63531E+03	 9.66967E+02
 1.63931E+03	 9.66967E+02
 1.64330E+03	 9.65367E+02
 1.64730E+03	 9.64333E+02
 1.65129E+03	 9.67700E+02
 1.65528E+03	 9.67933E+02
 1.65926E+03	 9.66167E+02
 1.66325E+03	 9.67700E+02
 1.66723E+03	 9.65167E+02
 1.67121E+03	 9.65900E+02
 1.67519E+03	 9.64867E+02
 1.67917E+03	 9.63933E+02
 1.68314E+03	 9.65933E+02
 1.68712E+03	 9.63000E+02
 1.69109E+03	 9.64867E+02
 1.69506E+03	 9.62067E+02
 1.69903E+03	 9.61367E+02
 1.70299E+03	 9.62567E+02
 1.70695E+03	 9.60867E+02
 1.71092E+03	 9.62067E+02
 1.71487E+03	 9.63200E+02
 1.71883E+03	 9.60667E+02
 1.72279E+03	 9.60033E+02
 1.72674E+03	 9.57133E+02
 1.73069E+03	 9.59367E+02
 1.73464E+03	 9.60933E+02
 1.73859E+03	 9.57100E+02
 1.74253E+03	 9.57833E+02
 1.74648E+03	 9.56700E+02
 1.75042E+03	 9.57300E+02
 1.75436E+03	 9.56800E+02
 1.75830E+03	 9.57100E+02
 1.76223E+03	 9.56900E+02
 1.76617E+03	 9.55533E+02
 1.77010E+03	 9.59000E+02
 1.77403E+03	 9.57167E+02
 1.77796E+03	 9.57500E+02
 1.78188E+03	 9.55433E+02
 1.78581E+03	 9.56233E+02
 1.78973E+03	 9.55433E+02
 1.79365E+03	 9.58500E+02
 1.79757E+03	 9.57600E+02
 1.80148E+03	 9.59200E+02
 1.80540E+03	 9.57467E+02
 1.80931E+03	 9.56533E+02
 1.81322E+03	 9.54833E+02
 1.81713E+03	 9.56233E+02
 1.82104E+03	 9.54900E+02
 1.82494E+03	 9.56067E+02
 1.82884E+03	 9.56700E+02
 1.83274E+03	 9.57133E+02
 1.83664E+03	 9.54133E+02
 1.84054E+03	 9.56200E+02
 1.84443E+03	 9.56500E+02
 1.84833E+03	 9.55967E+02
 1.85222E+03	 9.55867E+02
 1.85611E+03	 9.55700E+02
 1.85999E+03	 9.56467E+02
 1.86388E+03	 9.55067E+02
 1.86776E+03	 9.56267E+02
 1.87164E+03	 9.54667E+02
 1.87552E+03	 9.54767E+02
 1.87940E+03	 9.54733E+02
 1.88328E+03	 9.57167E+02
 1.88715E+03	 9.55267E+02
 1.89102E+03	 9.57067E+02
 1.89489E+03	 9.54333E+02
 1.89876E+03	 9.54133E+02
 1.90263E+03	 9.53967E+02
 1.90649E+03	 9.53133E+02
 1.91035E+03	 9.56233E+02
 1.91421E+03	 9.55400E+02
 1.91807E+03	 9.54867E+02
 1.92193E+03	 9.54467E+02
 1.92578E+03	 9.56800E+02
 1.92964E+03	 9.55333E+02
 1.93349E+03	 9.52733E+02
 1.93734E+03	 9.58000E+02
 1.94118E+03	 9.55033E+02
 1.94503E+03	 9.56400E+02
 1.94887E+03	 9.57100E+02
 1.95271E+03	 9.58100E+02
 1.95655E+03	 9.55767E+02
 1.96039E+03	 9.54233E+02
 1.96423E+03	 9.53300E+02
 1.96806E+03	 9.53567E+02
 1.97189E+03	 9.54767E+02
 1.97572E+03	 9.55800E+02
 1.97955E+03	 9.56967E+02
 1.98338E+03	 9.55500E+02
 1.98720E+03	 9.53600E+02
 1.99103E+03	 9.54767E+02
 1.99485E+03	 9.56633E+02
 1.99866E+03	 9.54900E+02
 2.00248E+03	 9.56367E+02
 2.00630E+03	 9.54367E+02
 2.01011E+03	 9.54933E+02
 2.01392E+03	 9.53433E+02
 2.01773E+03	 9.55600E+02
 2.02154E+03	 9.56167E+02
 2.02534E+03	 9.54900E+02
 2.02915E+03	 9.56000E+02
 2.03295E+03	 9.57033E+02
 2.03675E+03	 9.56067E+02
 2.04055E+03	 9.54967E+02
 2.04435E+03	 9.55467E+02
 2.04814E+03	 9.55633E+02
 2.05193E+03	 9.55967E+02
 2.05572E+03	 9.54433E+02
 2.05951E+03	 9.55500E+02
 2.06330E+03	 9.55000E+02
 2.06708E+03	 9.57067E+02
 2.07087E+03	 9.56033E+02
 2.07465E+03	 9.56567E+02
 2.07843E+03	 9.56200E+02
 2.08221E+03	 9.55367E+02
 2.08598E+03	 9.56500E+02
 2.08976E+03	 9.55300E+02
 2.09353E+03	 9.55967E+02
 2.09730E+03	 9.55167E+02
 2.10107E+03	 9.55133E+02
 2.10484E+03	 9.55400E+02
 2.10860E+03	 9.55467E+02
 2.11236E+03	 9.56167E+02
 2.11613E+03	 9.55733E+02
 2.11989E+03	 9.56400E+02
 2.12364E+03	 9.58067E+02
 2.12740E+03	 9.57167E+02
 2.13115E+03	 9.55967E+02
 2.13490E+03	 9.56633E+02
 2.13866E+03	 9.56100E+02
 2.14240E+03	 9.58933E+02
 2.14615E+03	 9.54433E+02
 2.14990E+03	 9.59533E+02
 2.15364E+03	 9.55367E+02
 2.15738E+03	 9.56367E+02
 2.16112E+03	 9.57167E+02
 2.16486E+03	 9.55867E+02
 2.16859E+03	 9.57033E+02
 2.17233E+03	 9.56200E+02
 2.17606E+03	 9.56767E+02
 2.17979E+03	 9.55200E+02
 2.18352E+03	 9.54767E+02
 2.18724E+03	 9.56667E+02
 2.19097E+03	 9.56900E+02
 2.19469E+03	 9.54400E+02
 2.19841E+03	 9.54767E+02
 2.20213E+03	 9.55200E+02
 2.20585E+03	 9.55533E+02
 2.20956E+03	 9.56767E+02
 2.21328E+03	 9.55200E+02
 2.21699E+03	 9.53733E+02
 2.22070E+03	 9.53567E+02
 2.22441E+03	 9.55433E+02
 2.22812E+03	 9.54500E+02
 2.23182E+03	 9.55533E+02
 2.23552E+03	 9.55900E+02
 2.23923E+03	 9.53900E+02
 2.24293E+03	 9.54933E+02
 2.24662E+03	 9.56400E+02
 2.25032E+03	 9.58567E+02
 2.25401E+03	 9.54433E+02
 2.25771E+03	 9.54767E+02
 2.26140E+03	 9.51800E+02
 2.26509E+03	 9.52433E+02
 2.26877E+03	 9.54933E+02
 2.27246E+03	 9.53433E+02
 2.27614E+03	 9.56367E+02
 2.27982E+03	 9.53767E+02
 2.28350E+03	 9.51033E+02
 2.28718E+03	 9.53600E+02
 2.29086E+03	 9.54800E+02
 2.29453E+03	 9.55633E+02
 2.29820E+03	 9.52500E+02
 2.30188E+03	 9.55967E+02
 2.30555E+03	 9.52433E+02
 2.30921E+03	 9.53967E+02
 2.31288E+03	 9.55300E+02
 2.31654E+03	 9.53567E+02
 2.32020E+03	 9.54867E+02
 2.32386E+03	 9.54367E+02
 2.32752E+03	 9.57733E+02
 2.33118E+03	 9.56767E+02
 2.33484E+03	 9.56633E+02
 2.33849E+03	 9.57533E+02
 2.34214E+03	 9.61700E+02
 2.34579E+03	 9.60233E+02
 2.34944E+03	 9.55667E+02
 2.35308E+03	 9.56167E+02
 2.35673E+03	 9.55300E+02
 2.36037E+03	 9.56400E+02
 2.36401E+03	 9.59467E+02
 2.36765E+03	 9.58967E+02
 2.37129E+03	 9.59500E+02
 2.37492E+03	 9.59567E+02
 2.37856E+03	 9.61067E+02
 2.38219E+03	 9.59333E+02
 2.38582E+03	 9.58600E+02
 2.38945E+03	 9.60867E+02
 2.39308E+03	 9.64667E+02
 2.39670E+03	 9.60167E+02
 2.40033E+03	 9.60667E+02
 2.40395E+03	 9.61233E+02
 2.40757E+03	 9.59800E+02
 2.41119E+03	 9.59100E+02
 2.41480E+03	 9.59100E+02
 2.41842E+03	 9.60400E+02
 2.42203E+03	 9.58667E+02
 2.42564E+03	 9.58767E+02
 2.42925E+03	 9.58900E+02
 2.43286E+03	 9.58700E+02
 2.43647E+03	 9.58667E+02
 2.44007E+03	 9.59133E+02
 2.44367E+03	 9.56900E+02
 2.44727E+03	 9.60333E+02
 2.45087E+03	 9.62667E+02
 2.45447E+03	 9.59200E+02
 2.45807E+03	 9.58467E+02
 2.46166E+03	 9.58467E+02
 2.46525E+03	 9.63667E+02
 2.46884E+03	 9.60467E+02
 2.47243E+03	 9.59733E+02
 2.47602E+03	 9.60733E+02
 2.47960E+03	 9.62300E+02
 2.48319E+03	 9.60900E+02
 2.48677E+03	 9.63033E+02
 2.49035E+03	 9.62467E+02
 2.49393E+03	 9.65200E+02
 2.49751E+03	 9.63500E+02
 2.50108E+03	 9.61533E+02
 2.50465E+03	 9.64667E+02
 2.50823E+03	 9.65833E+02
 2.51180E+03	 9.64367E+02
 2.51536E+03	 9.65700E+02
 2.51893E+03	 9.66100E+02
 2.52250E+03	 9.68633E+02
 2.52606E+03	 9.69900E+02
 2.52962E+03	 9.65467E+02
 2.53318E+03	 9.68500E+02
 2.53674E+03	 9.69667E+02
 2.54029E+03	 9.67300E+02
 2.54385E+03	 9.69533E+02
 2.54740E+03	 9.71600E+02
 2.55095E+03	 9.70333E+02
 2.55450E+03	 9.71300E+02
 2.55805E+03	 9.73800E+02
 2.56160E+03	 9.73067E+02
 2.56514E+03	 9.73233E+02
 2.56868E+03	 9.71100E+02
 2.57222E+03	 9.67733E+02
 2.57576E+03	 9.71600E+02
 2.57930E+03	 9.71267E+02
 2.58284E+03	 9.72167E+02
 2.58637E+03	 9.71367E+02
 2.58991E+03	 9.72300E+02
 2.59344E+03	 9.72500E+02
 2.59697E+03	 9.74133E+02
 2.60049E+03	 9.71333E+02
 2.60402E+03	 9.71500E+02
 2.60754E+03	 9.73067E+02
 2.61107E+03	 9.72733E+02
 2.61459E+03	 9.71833E+02
 2.61811E+03	 9.74933E+02
 2.62162E+03	 9.76400E+02
 2.62514E+03	 9.73100E+02
 2.62865E+03	 9.73400E+02
 2.63217E+03	 9.78167E+02
 2.63568E+03	 9.75233E+02
 2.63919E+03	 9.75400E+02
 2.64269E+03	 9.77100E+02
 2.64620E+03	 9.81767E+02
 2.64970E+03	 9.81767E+02
 2.65321E+03	 9.81300E+02
 2.65671E+03	 9.84467E+02
 2.66021E+03	 9.80033E+02
 2.66370E+03	 9.84900E+02
 2.66720E+03	 9.90033E+02
 2.67069E+03	 9.88633E+02
 2.67419E+03	 9.88467E+02
 2.67768E+03	 9.91600E+02
 2.68117E+03	 9.93467E+02
 2.68466E+03	 9.96333E+02
 2.68814E+03	 9.98733E+02
 2.69163E+03	 1.00143E+03
 2.69511E+03	 9.99500E+02
 2.69859E+03	 1.00240E+03
 2.70207E+03	 1.00743E+03
 2.70555E+03	 1.01090E+03
 2.70902E+03	 1.01430E+03
 2.71250E+03	 1.01563E+03
 2.71597E+03	 1.01927E+03
 2.71944E+03	 1.02577E+03
 2.72291E+03	 1.02523E+03
 2.72638E+03	 1.03520E+03
 2.72984E+03	 1.04507E+03
 2.73331E+03	 1.05147E+03
 2.73677E+03	 1.05550E+03
 2.74023E+03	 1.05847E+03
 2.74369E+03	 1.06317E+03
 2.74715E+03	 1.06953E+03
 2.75061E+03	 1.07363E+03
 2.75406E+03	 1.07930E+03
 2.75752E+03	 1.07863E+03
 2.76097E+03	 1.08187E+03
 2.76442E+03	 1.07657E+03
 2.76786E+03	 1.07883E+03
 2.77131E+03	 1.08250E+03
 2.77476E+03	 1.07187E+03
 2.77820E+03	 1.07353E+03
 2.78164E+03	 1.07497E+03
 2.78508E+03	 1.07277E+03
 2.78852E+03	 1.08093E+03
 2.79196E+03	 1.07087E+03
 2.79539E+03	 1.08373E+03
 2.79883E+03	 1.08413E+03
 2.80226E+03	 1.08833E+03
 2.80569E+03	 1.09860E+03
 2.80912E+03	 1.09623E+03
 2.81254E+03	 1.10143E+03
 2.81597E+03	 1.11647E+03
 2.81939E+03	 1.12183E+03
 2.82282E+03	 1.12363E+03
 2.82624E+03	 1.13850E+03
 2.82966E+03	 1.15223E+03
 2.83307E+03	 1.16503E+03
 2.83649E+03	 1.18653E+03
 2.83990E+03	 1.20363E+03
 2.84332E+03	 1.22150E+03
 2.84673E+03	 1.24253E+03
 2.85014E+03	 1.25963E+03
 2.85354E+03	 1.29653E+03
 2.85695E+03	 1.32400E+03
 2.86036E+03	 1.35883E+03
 2.86376E+03	 1.36870E+03
 2.86716E+03	 1.43120E+03
 2.87056E+03	 1.47260E+03
 2.87396E+03	 1.53233E+03
 2.87736E+03	 1.60660E+03
 2.88075E+03	 1.67737E+03
 2.88414E+03	 1.75497E+03
 2.88754E+03	 1.85577E+03
 2.89093E+03	 1.94097E+03
 2.89431E+03	 1.99900E+03
 2.89770E+03	 2.05820E+03
 2.90109E+03	 2.08037E+03
 2.90447E+03	 2.07750E+03
 2.90785E+03	 2.11277E+03
 2.91123E+03	 2.00267E+03
 2.91461E+03	 1.98230E+03
 2.91799E+03	 1.96350E+03
 2.92137E+03	 1.95637E+03
 2.92474E+03	 1.95967E+03
 2.92811E+03	 1.93070E+03
 2.93149E+03	 1.91027E+03
 2.93486E+03	 1.95610E+03
 2.93822E+03	 1.95003E+03
 2.94159E+03	 2.01560E+03
 2.94496E+03	 2.02550E+03
 2.94832E+03	 2.02473E+03
 2.95168E+03	 2.03373E+03
 2.95504E+03	 2.00857E+03
 2.95840E+03	 2.00407E+03
 2.96176E+03	 2.05073E+03
 2.96511E+03	 1.99093E+03
 2.96847E+03	 1.94460E+03
 2.97182E+03	 1.90173E+03
 2.97517E+03	 1.87600E+03
 2.97852E+03	 1.76237E+03
 2.98187E+03	 1.68950E+03
 2.98521E+03	 1.62157E+03
 2.98856E+03	 1.54730E+03
 2.99190E+03	 1.45967E+03
 2.99524E+03	 1.37750E+03
 2.99858E+03	 1.31427E+03
 3.00192E+03	 1.25383E+03
 3.00526E+03	 1.20057E+03
 3.00859E+03	 1.17100E+03
 3.01193E+03	 1.13827E+03
 3.01526E+03	 1.10847E+03
 3.01859E+03	 1.08800E+03
 3.02192E+03	 1.06793E+03
 3.02525E+03	 1.05477E+03
 3.02857E+03	 1.04547E+03
 3.03190E+03	 1.03420E+03
 3.03522E+03	 1.02903E+03
 3.03854E+03	 1.02300E+03
 3.04186E+03	 1.02493E+03
 3.04518E+03	 1.01720E+03
 3.04850E+03	 1.01503E+03
 3.05181E+03	 1.01090E+03
 3.05512E+03	 1.01060E+03
 3.05844E+03	 1.00533E+03
 3.06175E+03	 1.00713E+03
 3.06506E+03	 1.00927E+03
 3.06836E+03	 1.00537E+03
 3.07167E+03	 1.00597E+03
 3.07497E+03	 1.00447E+03
 3.07828E+03	 1.00020E+03
 3.08158E+03	 1.00500E+03
 3.08488E+03	 1.00437E+03
 3.08818E+03	 1.00770E+03
 3.09147E+03	 1.00460E+03
 3.09477E+03	 9.99833E+02
 3.09806E+03	 1.00717E+03
 3.10135E+03	 1.00870E+03
 3.10464E+03	 1.01030E+03
 3.10793E+03	 1.00863E+03
 3.11122E+03	 1.00993E+03
 3.11451E+03	 1.01317E+03
 3.11779E+03	 1.01397E+03
 3.12107E+03	 1.02130E+03
 3.12436E+03	 1.01667E+03
 3.12764E+03	 1.02263E+03
 3.13091E+03	 1.02267E+03
 3.13419E+03	 1.02207E+03
 3.13747E+03	 1.02767E+03
 3.14074E+03	 1.02950E+03
 3.14401E+03	 1.03057E+03
 3.14728E+03	 1.03710E+03
 3.15055E+03	 1.03807E+03
 3.15382E+03	 1.03933E+03
 3.15709E+03	 1.04337E+03
 3.16035E+03	 1.04147E+03
 3.16362E+03	 1.04227E+03
 3.16688E+03	 1.04687E+03
 3.17014E+03	 1.05030E+03
 3.17340E+03	 1.05393E+03
 3.17665E+03	 1.05793E+03
 3.17991E+03	 1.06133E+03
 3.18316E+03	 1.06580E+03
 3.18642E+03	 1.06697E+03
 3.18967E+03	 1.06627E+03
 3.19292E+03	 1.06760E+03
 3.19617E+03	 1.07463E+03
 3.19941E+03	 1.08237E+03
 3.20266E+03	 1.08507E+03
 3.20590E+03	 1.08747E+03
 3.20914E+03	 1.08237E+03
 3.21238E+03	 1.09037E+03
 3.21562E+03	 1.09060E+03
 3.21886E+03	 1.09867E+03
 3.22210E+03	 1.10100E+03
 3.22533E+03	 1.10310E+03
 3.22857E+03	 1.10507E+03
 3.23180E+03	 1.11400E+03
 3.23503E+03	 1.11037E+03
 3.23826E+03	 1.11380E+03
 3.24148E+03	 1.11637E+03
 3.24471E+03	 1.11443E+03
 3.24793E+03	 1.13027E+03
 3.25116E+03	 1.12600E+03
 3.25438E+03	 1.11780E+03
 3.25760E+03	 1.12417E+03
 3.26082E+03	 1.12807E+03
 3.26403E+03	 1.12787E+03
 3.26725E+03	 1.13260E+03
 3.27046E+03	 1.13747E+03
 3.27368E+03	 1.13047E+03
 3.27689E+03	 1.14433E+03
 3.28010E+03	 1.14577E+03
 3.28331E+03	 1.13887E+03
 3.28651E+03	 1.13760E+03
 3.28972E+03	 1.14823E+03
 3.29292E+03	 1.14443E+03
 3.29612E+03	 1.14810E+03
 3.29932E+03	 1.15440E+03
 3.30252E+03	 1.14210E+03
 3.30572E+03	 1.14560E+03
 3.30892E+03	 1.15380E+03
 3.31211E+03	 1.14960E+03
 3.31531E+03	 1.15003E+03
 3.31850E+03	 1.13913E+03
 3.32169E+03	 1.14410E+03
 3.32488E+03	 1.15283E+03
 3.32807E+03	 1.14887E+03
 3.33125E+03	 1.16183E+03
 3.33444E+03	 1.16410E+03
 3.33762E+03	 1.16340E+03
 3.34080E+03	 1.15097E+03
 3.34398E+03	 1.17367E+03
 3.34716E+03	 1.16253E+03
 3.35034E+03	 1.15867E+03
 3.35351E+03	 1.16507E+03
 3.35669E+03	 1.16400E+03
 3.35986E+03	 1.15310E+03
 3.36303E+03	 1.14787E+03
 3.36620E+03	 1.15737E+03
 3.36937E+03	 1.15553E+03
 3.37254E+03	 1.16650E+03
 3.37570E+03	 1.17123E+03
 3.37887E+03	 1.15870E+03
 3.38203E+03	 1.16927E+03
 3.38519E+03	 1.16867E+03
 3.38835E+03	 1.15250E+03
 3.39151E+03	 1.17147E+03
 3.39467E+03	 1.17563E+03
 3.39782E+03	 1.15053E+03
 3.40098E+03	 1.16357E+03
 3.40413E+03	 1.17267E+03
 3.40728E+03	 1.15857E+03
 3.41043E+03	 1.15760E+03
 3.41358E+03	 1.15187E+03
 3.41673E+03	 1.15040E+03
 3.41987E+03	 1.16237E+03
 3.42302E+03	 1.14480E+03
 3.42616E+03	 1.15387E+03
 3.42930E+03	 1.15390E+03
 3.43244E+03	 1.14920E+03
 3.43558E+03	 1.13867E+03
 3.43872E+03	 1.13753E+03
 3.44185E+03	 1.13980E+03
 3.44499E+03	 1.13687E+03
 3.44812E+03	 1.14013E+03
 3.45125E+03	 1.14767E+03
 3.45438E+03	 1.14473E+03
 3.45751E+03	 1.13450E+03
 3.46064E+03	 1.12507E+03
 3.46376E+03	 1.12650E+03
 3.46689E+03	 1.11650E+03
 3.47001E+03	 1.11487E+03
 3.47313E+03	 1.11860E+03
 3.47625E+03	 1.12147E+03
 3.47937E+03	 1.11910E+03
 3.48249E+03	 1.11477E+03
 3.48560E+03	 1.10630E+03
 3.48872E+03	 1.09947E+03
 3.49183E+03	 1.10877E+03
 3.49494E+03	 1.10093E+03
 3.49805E+03	 1.08803E+03
 3.50116E+03	 1.09527E+03
 3.50427E+03	 1.08243E+03
 3.50737E+03	 1.07503E+03
 3.51048E+03	 1.06737E+03
 3.51358E+03	 1.06490E+03
 3.51668E+03	 1.06817E+03
 3.51978E+03	 1.06163E+03
 3.52288E+03	 1.05820E+03
 3.52598E+03	 1.05553E+03
 3.52907E+03	 1.05027E+03
 3.53217E+03	 1.04983E+03
 3.53526E+03	 1.03943E+03
 3.53835E+03	 1.04410E+03
 3.54144E+03	 1.04187E+03
 3.54453E+03	 1.03313E+03
 3.54762E+03	 1.03550E+03
 3.55071E+03	 1.03300E+03
 3.55379E+03	 1.02390E+03
 3.55687E+03	 1.09350E+03
 3.55996E+03	 1.03613E+03
 3.56304E+03	 1.01677E+03
 3.56612E+03	 1.02083E+03
 3.56919E+03	 1.01303E+03
 3.57227E+03	 1.00587E+03
 3.57535E+03	 1.00297E+03
 3.57842E+03	 1.00157E+03
 3.58149E+03	 9.96867E+02
 3.58456E+03	 9.99333E+02
 3.58763E+03	 9.93100E+02
 3.59070E+03	 9.90433E+02
 3.59377E+03	 9.85867E+02
 3.59683E+03	 9.85500E+02
 3.59990E+03	 9.85467E+02
 3.60296E+03	 9.88100E+02
 3.60602E+03	 9.79333E+02
 3.60908E+03	 9.70200E+02
 3.61214E+03	 9.72800E+02
 3.61519E+03	 9.73133E+02
 3.61825E+03	 9.65133E+02
 3.62130E+03	 9.64333E+02
 3.62436E+03	 9.60933E+02
 3.62741E+03	 9.59500E+02
 3.63046E+03	 9.59133E+02
 3.63351E+03	 9.56733E+02
 3.63656E+03	 9.53867E+02
 3.63960E+03	 9.48167E+02
 3.64265E+03	 9.46100E+02
 3.64569E+03	 9.48033E+02
 3.64873E+03	 9.47900E+02
 3.65177E+03	 9.47733E+02
 3.65481E+03	 9.45800E+02
 3.65785E+03	 9.45433E+02
 3.66089E+03	 9.41833E+02
 3.66392E+03	 9.40900E+02
 3.66695E+03	 9.38367E+02
 3.66999E+03	 9.38100E+02
 3.67302E+03	 9.36633E+02
 3.67605E+03	 9.38967E+02
 3.67908E+03	 9.37133E+02
 3.68210E+03	 9.36333E+02
 3.68513E+03	 9.34933E+02
 3.68815E+03	 9.33767E+02
 3.69117E+03	 9.35400E+02
 3.69420E+03	 9.34267E+02
 3.69722E+03	 9.30667E+02
 3.70023E+03	 9.31200E+02
 3.70325E+03	 9.31600E+02
 3.70627E+03	 9.29700E+02
 3.70928E+03	 9.29767E+02
 3.71230E+03	 9.30600E+02
 3.71531E+03	 9.29367E+02
 3.71832E+03	 9.26800E+02
 3.72133E+03	 9.27200E+02
 3.72434E+03	 9.29100E+02
 3.72734E+03	 9.29000E+02
 3.73035E+03	 9.26333E+02
 3.73335E+03	 9.28100E+02
 3.73635E+03	 9.27533E+02
 3.73936E+03	 9.27833E+02
 3.74236E+03	 9.28533E+02
 3.74535E+03	 9.25967E+02
 3.74835E+03	 9.24867E+02
 3.75135E+03	 9.25533E+02
 3.75434E+03	 9.25100E+02
 3.75733E+03	 9.25667E+02
 3.76033E+03	 9.24200E+02
 3.76332E+03	 9.25833E+02
 3.76631E+03	 9.24733E+02
 3.76929E+03	 9.25933E+02
 3.77228E+03	 9.22133E+02
 3.77527E+03	 9.23533E+02
 3.77825E+03	 9.23967E+02
 3.78123E+03	 9.22700E+02
 3.78421E+03	 9.23167E+02
 3.78719E+03	 9.20433E+02
