-1.40382E+02	 9.05600E+02
-1.35457E+02	 9.06767E+02
-1.30535E+02	 9.06200E+02
-1.25616E+02	 9.05600E+02
-1.20700E+02	 9.07233E+02
-1.15786E+02	 9.06567E+02
-1.10875E+02	 9.07700E+02
-1.05967E+02	 9.07400E+02
-1.01061E+02	 9.06300E+02
-9.61580E+01	 9.07900E+02
-9.12576E+01	 9.08133E+02
-8.63599E+01	 9.06767E+02
-8.14648E+01	 9.07867E+02
-7.65724E+01	 9.08100E+02
-7.16827E+01	 9.06967E+02
-6.67956E+01	 9.09233E+02
-6.19111E+01	 9.07000E+02
-5.70293E+01	 9.07133E+02
-5.21502E+01	 9.09467E+02
-4.72737E+01	 9.08333E+02
-4.23998E+01	 9.09567E+02
-3.75286E+01	 9.08833E+02
-3.26600E+01	 9.08967E+02
-2.77941E+01	 9.10133E+02
-2.29308E+01	 9.11467E+02
-1.80701E+01	 9.12533E+02
-1.32121E+01	 9.13633E+02
-8.35667E+00	 9.15667E+02
-3.50389E+00	 9.21267E+02
 1.34626E+00	 9.45833E+02
 6.19379E+00	 1.27290E+03
 1.10387E+01	 4.25757E+03
 1.58810E+01	 6.51330E+03
 2.07207E+01	 3.60880E+03
 2.55577E+01	 1.12567E+03
 3.03922E+01	 9.28333E+02
 3.52240E+01	 9.16267E+02
 4.00532E+01	 9.13433E+02
 4.48798E+01	 9.11400E+02
 4.97038E+01	 9.10500E+02
 5.45252E+01	 9.09733E+02
 5.93440E+01	 9.11000E+02
 6.41602E+01	 9.11867E+02
 6.89738E+01	 9.13000E+02
 7.37848E+01	 9.21567E+02
 7.85932E+01	 9.50600E+02
 8.33991E+01	 1.03877E+03
 8.82023E+01	 1.19640E+03
 9.30029E+01	 1.37657E+03
 9.78010E+01	 1.47647E+03
 1.02596E+02	 1.50490E+03
 1.07389E+02	 1.50623E+03
 1.12180E+02	 1.50303E+03
 1.16967E+02	 1.45083E+03
 1.21753E+02	 1.42840E+03
 1.26535E+02	 1.41023E+03
 1.31315E+02	 1.39150E+03
 1.36093E+02	 1.37853E+03
 1.40867E+02	 1.36860E+03
 1.45640E+02	 1.35587E+03
 1.50409E+02	 1.32480E+03
 1.55177E+02	 1.31783E+03
 1.59941E+02	 1.29777E+03
 1.64703E+02	 1.27653E+03
 1.69463E+02	 1.26453E+03
 1.74220E+02	 1.26397E+03
 1.78974E+02	 1.25227E+03
 1.83726E+02	 1.23523E+03
 1.88475E+02	 1.23253E+03
 1.93222E+02	 1.21197E+03
 1.97966E+02	 1.19910E+03
 2.02708E+02	 1.19577E+03
 2.07447E+02	 1.19090E+03
 2.12184E+02	 1.18597E+03
 2.16918E+02	 1.18037E+03
 2.21649E+02	 1.16997E+03
 2.26378E+02	 1.16860E+03
 2.31105E+02	 1.16167E+03
 2.35829E+02	 1.14903E+03
 2.40550E+02	 1.15057E+03
 2.45269E+02	 1.14050E+03
 2.49985E+02	 1.13763E+03
 2.54699E+02	 1.13097E+03
 2.59410E+02	 1.13043E+03
 2.64119E+02	 1.12930E+03
 2.68825E+02	 1.12607E+03
 2.73529E+02	 1.12000E+03
 2.78230E+02	 1.11733E+03
 2.82929E+02	 1.11273E+03
 2.87625E+02	 1.10447E+03
 2.92319E+02	 1.10493E+03
 2.97010E+02	 1.10720E+03
 3.01699E+02	 1.10107E+03
 3.06385E+02	 1.10313E+03
 3.11069E+02	 1.10020E+03
 3.15750E+02	 1.09720E+03
 3.20428E+02	 1.09310E+03
 3.25105E+02	 1.09823E+03
 3.29778E+02	 1.10140E+03
 3.34450E+02	 1.10007E+03
 3.39118E+02	 1.09890E+03
 3.43785E+02	 1.10363E+03
 3.48448E+02	 1.10317E+03
 3.53110E+02	 1.09467E+03
 3.57768E+02	 1.09130E+03
 3.62425E+02	 1.08793E+03
 3.67079E+02	 1.07893E+03
 3.71730E+02	 1.07850E+03
 3.76379E+02	 1.07490E+03
 3.81025E+02	 1.07220E+03
 3.85669E+02	 1.07677E+03
 3.90311E+02	 1.09690E+03
 3.94950E+02	 1.10367E+03
 3.99586E+02	 1.11030E+03
 4.04220E+02	 1.11040E+03
 4.08852E+02	 1.10697E+03
 4.13481E+02	 1.12057E+03
 4.18108E+02	 1.14223E+03
 4.22732E+02	 1.18007E+03
 4.27354E+02	 1.22010E+03
 4.31973E+02	 1.25437E+03
 4.36590E+02	 1.24477E+03
 4.41205E+02	 1.22133E+03
 4.45817E+02	 1.18450E+03
 4.50426E+02	 1.16203E+03
 4.55034E+02	 1.13867E+03
 4.59638E+02	 1.13027E+03
 4.64241E+02	 1.11537E+03
 4.68840E+02	 1.10673E+03
 4.73438E+02	 1.11090E+03
 4.78033E+02	 1.11803E+03
 4.82625E+02	 1.15353E+03
 4.87215E+02	 1.20390E+03
 4.91803E+02	 1.27370E+03
 4.96388E+02	 1.34240E+03
 5.00971E+02	 1.39390E+03
 5.05552E+02	 1.38273E+03
 5.10129E+02	 1.35480E+03
 5.14705E+02	 1.29680E+03
 5.19278E+02	 1.23217E+03
 5.23849E+02	 1.17427E+03
 5.28417E+02	 1.13347E+03
 5.32983E+02	 1.10583E+03
 5.37547E+02	 1.09023E+03
 5.42108E+02	 1.08763E+03
 5.46666E+02	 1.08557E+03
 5.51223E+02	 1.08783E+03
 5.55777E+02	 1.09803E+03
 5.60328E+02	 1.10757E+03
 5.64877E+02	 1.11960E+03
 5.69424E+02	 1.11970E+03
 5.73968E+02	 1.10783E+03
 5.78510E+02	 1.09920E+03
 5.83049E+02	 1.08647E+03
 5.87587E+02	 1.07900E+03
 5.92121E+02	 1.07553E+03
 5.96654E+02	 1.06743E+03
 6.01184E+02	 1.05897E+03
 6.05711E+02	 1.05570E+03
 6.10236E+02	 1.05317E+03
 6.14759E+02	 1.05173E+03
 6.19280E+02	 1.05197E+03
 6.23798E+02	 1.05127E+03
 6.28313E+02	 1.05117E+03
 6.32827E+02	 1.05363E+03
 6.37338E+02	 1.04987E+03
 6.41846E+02	 1.04823E+03
 6.46352E+02	 1.05630E+03
 6.50856E+02	 1.05583E+03
 6.55358E+02	 1.06443E+03
 6.59857E+02	 1.07137E+03
 6.64354E+02	 1.07980E+03
 6.68848E+02	 1.09190E+03
 6.73340E+02	 1.09850E+03
 6.77830E+02	 1.10930E+03
 6.82317E+02	 1.13037E+03
 6.86802E+02	 1.14700E+03
 6.91285E+02	 1.16310E+03
 6.95765E+02	 1.16180E+03
 7.00243E+02	 1.14227E+03
 7.04718E+02	 1.11537E+03
 7.09192E+02	 1.08493E+03
 7.13663E+02	 1.07060E+03
 7.18131E+02	 1.05940E+03
 7.22597E+02	 1.04787E+03
 7.27061E+02	 1.04423E+03
 7.31523E+02	 1.04397E+03
 7.35982E+02	 1.03890E+03
 7.40439E+02	 1.04007E+03
 7.44894E+02	 1.03380E+03
 7.49346E+02	 1.03423E+03
 7.53796E+02	 1.03253E+03
 7.58243E+02	 1.03137E+03
 7.62689E+02	 1.03127E+03
 7.67132E+02	 1.02860E+03
 7.71572E+02	 1.03377E+03
 7.76011E+02	 1.03547E+03
 7.80447E+02	 1.03137E+03
 7.84880E+02	 1.03627E+03
 7.89312E+02	 1.04327E+03
 7.93741E+02	 1.04707E+03
 7.98167E+02	 1.05420E+03
 8.02592E+02	 1.06190E+03
 8.07014E+02	 1.06713E+03
 8.11434E+02	 1.06897E+03
 8.15851E+02	 1.07443E+03
 8.20267E+02	 1.09260E+03
 8.24680E+02	 1.12683E+03
 8.29090E+02	 1.20487E+03
 8.33499E+02	 1.27990E+03
 8.37905E+02	 1.34113E+03
 8.42309E+02	 1.33533E+03
 8.46710E+02	 1.30503E+03
 8.51109E+02	 1.29490E+03
 8.55506E+02	 1.36087E+03
 8.59901E+02	 1.46020E+03
 8.64293E+02	 1.54843E+03
 8.68683E+02	 1.58510E+03
 8.73071E+02	 1.56380E+03
 8.77456E+02	 1.51410E+03
 8.81840E+02	 1.44510E+03
 8.86221E+02	 1.37690E+03
 8.90599E+02	 1.30677E+03
 8.94976E+02	 1.19720E+03
 8.99350E+02	 1.13673E+03
 9.03722E+02	 1.09710E+03
 9.08091E+02	 1.08517E+03
 9.12459E+02	 1.09177E+03
 9.16824E+02	 1.11987E+03
 9.21187E+02	 1.16333E+03
 9.25547E+02	 1.21020E+03
 9.29905E+02	 1.25067E+03
 9.34261E+02	 1.29637E+03
 9.38615E+02	 1.32563E+03
 9.42967E+02	 1.33417E+03
 9.47316E+02	 1.31390E+03
 9.51663E+02	 1.24743E+03
 9.56008E+02	 1.16213E+03
 9.60350E+02	 1.11310E+03
 9.64691E+02	 1.07020E+03
 9.69029E+02	 1.05620E+03
 9.73364E+02	 1.05130E+03
 9.77698E+02	 1.06170E+03
 9.82029E+02	 1.08397E+03
 9.86358E+02	 1.11477E+03
 9.90685E+02	 1.14427E+03
 9.95010E+02	 1.15963E+03
 9.99332E+02	 1.15100E+03
 1.00365E+03	 1.11837E+03
 1.00797E+03	 1.08630E+03
 1.01229E+03	 1.07323E+03
 1.01660E+03	 1.06590E+03
 1.02091E+03	 1.06727E+03
 1.02522E+03	 1.07083E+03
 1.02953E+03	 1.08073E+03
 1.03383E+03	 1.10607E+03
 1.03813E+03	 1.14130E+03
 1.04243E+03	 1.18400E+03
 1.04673E+03	 1.25863E+03
 1.05103E+03	 1.33513E+03
 1.05532E+03	 1.41913E+03
 1.05961E+03	 1.49930E+03
 1.06390E+03	 1.56670E+03
 1.06819E+03	 1.61520E+03
 1.07247E+03	 1.61330E+03
 1.07676E+03	 1.63313E+03
 1.08104E+03	 1.62377E+03
 1.08531E+03	 1.57993E+03
 1.08959E+03	 1.53680E+03
 1.09386E+03	 1.48813E+03
 1.09813E+03	 1.47303E+03
 1.10240E+03	 1.47260E+03
 1.10667E+03	 1.46553E+03
 1.11094E+03	 1.45137E+03
 1.11520E+03	 1.43143E+03
 1.11946E+03	 1.43277E+03
 1.12372E+03	 1.42900E+03
 1.12797E+03	 1.43660E+03
 1.13223E+03	 1.43390E+03
 1.13648E+03	 1.38937E+03
 1.14073E+03	 1.32223E+03
 1.14498E+03	 1.23750E+03
 1.14922E+03	 1.16140E+03
 1.15347E+03	 1.11417E+03
 1.15771E+03	 1.08003E+03
 1.16194E+03	 1.06443E+03
 1.16618E+03	 1.05500E+03
 1.17042E+03	 1.04910E+03
 1.17465E+03	 1.04657E+03
 1.17888E+03	 1.04103E+03
 1.18311E+03	 1.04357E+03
 1.18733E+03	 1.04567E+03
 1.19156E+03	 1.04880E+03
 1.19578E+03	 1.05663E+03
 1.20000E+03	 1.06617E+03
 1.20421E+03	 1.07883E+03
 1.20843E+03	 1.09580E+03
 1.21264E+03	 1.11120E+03
 1.21685E+03	 1.12980E+03
 1.22106E+03	 1.14957E+03
 1.22527E+03	 1.16873E+03
 1.22947E+03	 1.17880E+03
 1.23367E+03	 1.18947E+03
 1.23787E+03	 1.19657E+03
 1.24207E+03	 1.21400E+03
 1.24627E+03	 1.23860E+03
 1.25046E+03	 1.25080E+03
 1.25465E+03	 1.27810E+03
 1.25884E+03	 1.30410E+03
 1.26303E+03	 1.31857E+03
 1.26721E+03	 1.33120E+03
 1.27140E+03	 1.34197E+03
 1.27558E+03	 1.32257E+03
 1.27975E+03	 1.32677E+03
 1.28393E+03	 1.32903E+03
 1.28811E+03	 1.32373E+03
 1.29228E+03	 1.31763E+03
 1.29645E+03	 1.29323E+03
 1.30062E+03	 1.27053E+03
 1.30478E+03	 1.26297E+03
 1.30895E+03	 1.24783E+03
 1.31311E+03	 1.24650E+03
 1.31727E+03	 1.24537E+03
 1.32142E+03	 1.24153E+03
 1.32558E+03	 1.25243E+03
 1.32973E+03	 1.26383E+03
 1.33388E+03	 1.26457E+03
 1.33803E+03	 1.26867E+03
 1.34218E+03	 1.26380E+03
 1.34632E+03	 1.24883E+03
 1.35047E+03	 1.24777E+03
 1.35461E+03	 1.24260E+03
 1.35875E+03	 1.25407E+03
 1.36288E+03	 1.27150E+03
 1.36702E+03	 1.26987E+03
 1.37115E+03	 1.26090E+03
 1.37528E+03	 1.25247E+03
 1.37941E+03	 1.25053E+03
 1.38353E+03	 1.23353E+03
 1.38766E+03	 1.23187E+03
 1.39178E+03	 1.23077E+03
 1.39590E+03	 1.22870E+03
 1.40001E+03	 1.23240E+03
 1.40413E+03	 1.21957E+03
 1.40824E+03	 1.21910E+03
 1.41235E+03	 1.22107E+03
 1.41646E+03	 1.21223E+03
 1.42057E+03	 1.21690E+03
 1.42468E+03	 1.21543E+03
 1.42878E+03	 1.21653E+03
 1.43288E+03	 1.21000E+03
 1.43698E+03	 1.20723E+03
 1.44107E+03	 1.19663E+03
 1.44517E+03	 1.19010E+03
 1.44926E+03	 1.19380E+03
 1.45335E+03	 1.19177E+03
 1.45744E+03	 1.21570E+03
 1.46153E+03	 1.25527E+03
 1.46561E+03	 1.32860E+03
 1.46969E+03	 1.43433E+03
 1.47377E+03	 1.55923E+03
 1.47785E+03	 1.66540E+03
 1.48193E+03	 1.72620E+03
 1.48600E+03	 1.70847E+03
 1.49007E+03	 1.63087E+03
 1.49414E+03	 1.51267E+03
 1.49821E+03	 1.37480E+03
 1.50228E+03	 1.25487E+03
 1.50634E+03	 1.16157E+03
 1.51040E+03	 1.10167E+03
 1.51446E+03	 1.06653E+03
 1.51852E+03	 1.05680E+03
 1.52258E+03	 1.04717E+03
 1.52663E+03	 1.03357E+03
 1.53068E+03	 1.02853E+03
 1.53473E+03	 1.02507E+03
 1.53878E+03	 1.02210E+03
 1.54282E+03	 1.01977E+03
 1.54687E+03	 1.02387E+03
 1.55091E+03	 1.02147E+03
 1.55495E+03	 1.01753E+03
 1.55899E+03	 1.01333E+03
 1.56302E+03	 1.01483E+03
 1.56705E+03	 1.01083E+03
 1.57109E+03	 1.01227E+03
 1.57512E+03	 1.01140E+03
 1.57914E+03	 1.01407E+03
 1.58317E+03	 1.01183E+03
 1.58719E+03	 1.01207E+03
 1.59121E+03	 1.01120E+03
 1.59523E+03	 1.00920E+03
 1.59925E+03	 1.00940E+03
 1.60326E+03	 1.01073E+03
 1.60728E+03	 1.00873E+03
 1.61129E+03	 1.00640E+03
 1.61530E+03	 1.00547E+03
 1.61930E+03	 1.00577E+03
 1.62331E+03	 1.00557E+03
 1.62731E+03	 1.00627E+03
 1.63131E+03	 1.00633E+03
 1.63531E+03	 1.00390E+03
 1.63931E+03	 1.00360E+03
 1.64330E+03	 1.00507E+03
 1.64730E+03	 1.00380E+03
 1.65129E+03	 1.00647E+03
 1.65528E+03	 1.00530E+03
 1.65926E+03	 1.00610E+03
 1.66325E+03	 1.00420E+03
 1.66723E+03	 1.00580E+03
 1.67121E+03	 1.00397E+03
 1.67519E+03	 1.00433E+03
 1.67917E+03	 1.00580E+03
 1.68314E+03	 1.00033E+03
 1.68712E+03	 1.00157E+03
 1.69109E+03	 1.00003E+03
 1.69506E+03	 1.00143E+03
 1.69903E+03	 1.00007E+03
 1.70299E+03	 9.93533E+02
 1.70695E+03	 9.94667E+02
 1.71092E+03	 9.95400E+02
 1.71487E+03	 9.94367E+02
 1.71883E+03	 9.91900E+02
 1.72279E+03	 9.90900E+02
 1.72674E+03	 9.93200E+02
 1.73069E+03	 9.90800E+02
 1.73464E+03	 9.91700E+02
 1.73859E+03	 9.89967E+02
 1.74253E+03	 9.88533E+02
 1.74648E+03	 9.85300E+02
 1.75042E+03	 9.90700E+02
 1.75436E+03	 9.86567E+02
 1.75830E+03	 9.86100E+02
 1.76223E+03	 9.86033E+02
 1.76617E+03	 9.86233E+02
 1.77010E+03	 9.89167E+02
 1.77403E+03	 9.85100E+02
 1.77796E+03	 9.85600E+02
 1.78188E+03	 9.82800E+02
 1.78581E+03	 9.85567E+02
 1.78973E+03	 9.83500E+02
 1.79365E+03	 9.87267E+02
 1.79757E+03	 9.85333E+02
 1.80148E+03	 9.85333E+02
 1.80540E+03	 9.80433E+02
 1.80931E+03	 9.83133E+02
 1.81322E+03	 9.84500E+02
 1.81713E+03	 9.84267E+02
 1.82104E+03	 9.80667E+02
 1.82494E+03	 9.81967E+02
 1.82884E+03	 9.81267E+02
 1.83274E+03	 9.81233E+02
 1.83664E+03	 9.81167E+02
 1.84054E+03	 9.82200E+02
 1.84443E+03	 9.80167E+02
 1.84833E+03	 9.79400E+02
 1.85222E+03	 9.83867E+02
 1.85611E+03	 9.80567E+02
 1.85999E+03	 9.80567E+02
 1.86388E+03	 9.81433E+02
 1.86776E+03	 9.82300E+02
 1.87164E+03	 9.76967E+02
 1.87552E+03	 9.81000E+02
 1.87940E+03	 9.80500E+02
 1.88328E+03	 9.76733E+02
 1.88715E+03	 9.79967E+02
 1.89102E+03	 9.80400E+02
 1.89489E+03	 9.79000E+02
 1.89876E+03	 9.77367E+02
 1.90263E+03	 9.80767E+02
 1.90649E+03	 9.77100E+02
 1.91035E+03	 9.82933E+02
 1.91421E+03	 9.80633E+02
 1.91807E+03	 9.79967E+02
 1.92193E+03	 9.77300E+02
 1.92578E+03	 9.80233E+02
 1.92964E+03	 9.79367E+02
 1.93349E+03	 9.80533E+02
 1.93734E+03	 9.79733E+02
 1.94118E+03	 9.77633E+02
 1.94503E+03	 9.76933E+02
 1.94887E+03	 9.79933E+02
 1.95271E+03	 9.78033E+02
 1.95655E+03	 9.80533E+02
 1.96039E+03	 9.80467E+02
 1.96423E+03	 9.77433E+02
 1.96806E+03	 9.77967E+02
 1.97189E+03	 9.80600E+02
 1.97572E+03	 9.83533E+02
 1.97955E+03	 9.80467E+02
 1.98338E+03	 9.78667E+02
 1.98720E+03	 9.79533E+02
 1.99103E+03	 9.80767E+02
 1.99485E+03	 9.76067E+02
 1.99866E+03	 9.75767E+02
 2.00248E+03	 9.80300E+02
 2.00630E+03	 9.79833E+02
 2.01011E+03	 9.79967E+02
 2.01392E+03	 9.80167E+02
 2.01773E+03	 9.80067E+02
 2.02154E+03	 9.78400E+02
 2.02534E+03	 9.77800E+02
 2.02915E+03	 9.78833E+02
 2.03295E+03	 9.81433E+02
 2.03675E+03	 9.80633E+02
 2.04055E+03	 9.78567E+02
 2.04435E+03	 9.83633E+02
 2.04814E+03	 9.81033E+02
 2.05193E+03	 9.80833E+02
 2.05572E+03	 9.80867E+02
 2.05951E+03	 9.79400E+02
 2.06330E+03	 9.83333E+02
 2.06708E+03	 9.81900E+02
 2.07087E+03	 9.77233E+02
 2.07465E+03	 9.78100E+02
 2.07843E+03	 9.80767E+02
 2.08221E+03	 9.81367E+02
 2.08598E+03	 9.80567E+02
 2.08976E+03	 9.79367E+02
 2.09353E+03	 9.81700E+02
 2.09730E+03	 9.79767E+02
 2.10107E+03	 9.83400E+02
 2.10484E+03	 9.80933E+02
 2.10860E+03	 9.80400E+02
 2.11236E+03	 9.82733E+02
 2.11613E+03	 9.81433E+02
 2.11989E+03	 9.82567E+02
 2.12364E+03	 9.81700E+02
 2.12740E+03	 9.83300E+02
 2.13115E+03	 9.85700E+02
 2.13490E+03	 9.83833E+02
 2.13866E+03	 9.83233E+02
 2.14240E+03	 9.84067E+02
 2.14615E+03	 9.83133E+02
 2.14990E+03	 9.84167E+02
 2.15364E+03	 9.83633E+02
 2.15738E+03	 9.87733E+02
 2.16112E+03	 9.82233E+02
 2.16486E+03	 9.84533E+02
 2.16859E+03	 9.82267E+02
 2.17233E+03	 9.83433E+02
 2.17606E+03	 9.84300E+02
 2.17979E+03	 9.84833E+02
 2.18352E+03	 9.85300E+02
 2.18724E+03	 9.81867E+02
 2.19097E+03	 9.83867E+02
 2.19469E+03	 9.82467E+02
 2.19841E+03	 9.83933E+02
 2.20213E+03	 9.82567E+02
 2.20585E+03	 9.80900E+02
 2.20956E+03	 9.82000E+02
 2.21328E+03	 9.84567E+02
 2.21699E+03	 9.80033E+02
 2.22070E+03	 9.82600E+02
 2.22441E+03	 9.83933E+02
 2.22812E+03	 9.83933E+02
 2.23182E+03	 9.81667E+02
 2.23552E+03	 9.80133E+02
 2.23923E+03	 9.81367E+02
 2.24293E+03	 9.85367E+02
 2.24662E+03	 9.82800E+02
 2.25032E+03	 9.82600E+02
 2.25401E+03	 9.81800E+02
 2.25771E+03	 9.82567E+02
 2.26140E+03	 9.80400E+02
 2.26509E+03	 9.80067E+02
 2.26877E+03	 9.80833E+02
 2.27246E+03	 9.81433E+02
 2.27614E+03	 9.81300E+02
 2.27982E+03	 9.81300E+02
 2.28350E+03	 9.80967E+02
 2.28718E+03	 9.81300E+02
 2.29086E+03	 9.81433E+02
 2.29453E+03	 9.79933E+02
 2.29820E+03	 9.81333E+02
 2.30188E+03	 9.82500E+02
 2.30555E+03	 9.81567E+02
 2.30921E+03	 9.82800E+02
 2.31288E+03	 9.84833E+02
 2.31654E+03	 9.85300E+02
 2.32020E+03	 9.82500E+02
 2.32386E+03	 9.84933E+02
 2.32752E+03	 9.86833E+02
 2.33118E+03	 9.87133E+02
 2.33484E+03	 9.85333E+02
 2.33849E+03	 9.88733E+02
 2.34214E+03	 9.86633E+02
 2.34579E+03	 9.87233E+02
 2.34944E+03	 9.87500E+02
 2.35308E+03	 9.87900E+02
 2.35673E+03	 9.87100E+02
 2.36037E+03	 9.87033E+02
 2.36401E+03	 9.91033E+02
 2.36765E+03	 9.93067E+02
 2.37129E+03	 9.93933E+02
 2.37492E+03	 9.92200E+02
 2.37856E+03	 9.92300E+02
 2.38219E+03	 9.93833E+02
 2.38582E+03	 9.94200E+02
 2.38945E+03	 9.94700E+02
 2.39308E+03	 9.99933E+02
 2.39670E+03	 9.95133E+02
 2.40033E+03	 9.96267E+02
 2.40395E+03	 9.93867E+02
 2.40757E+03	 9.95267E+02
 2.41119E+03	 9.95133E+02
 2.41480E+03	 9.95533E+02
 2.41842E+03	 9.95700E+02
 2.42203E+03	 9.93833E+02
 2.42564E+03	 9.93900E+02
 2.42925E+03	 9.94467E+02
 2.43286E+03	 9.93367E+02
 2.43647E+03	 9.94700E+02
 2.44007E+03	 9.93367E+02
 2.44367E+03	 9.94267E+02
 2.44727E+03	 9.96967E+02
 2.45087E+03	 1.00110E+03
 2.45447E+03	 9.98267E+02
 2.45807E+03	 9.97267E+02
 2.46166E+03	 9.99067E+02
 2.46525E+03	 1.00163E+03
 2.46884E+03	 1.00193E+03
 2.47243E+03	 9.98400E+02
 2.47602E+03	 1.00077E+03
 2.47960E+03	 1.00150E+03
 2.48319E+03	 1.00297E+03
 2.48677E+03	 1.00403E+03
 2.49035E+03	 1.00043E+03
 2.49393E+03	 1.00573E+03
 2.49751E+03	 1.00380E+03
 2.50108E+03	 1.00417E+03
 2.50465E+03	 1.00750E+03
 2.50823E+03	 1.01010E+03
 2.51180E+03	 1.01270E+03
 2.51536E+03	 1.01010E+03
 2.51893E+03	 1.01590E+03
 2.52250E+03	 1.01520E+03
 2.52606E+03	 1.01650E+03
 2.52962E+03	 1.01360E+03
 2.53318E+03	 1.01647E+03
 2.53674E+03	 1.02287E+03
 2.54029E+03	 1.02097E+03
 2.54385E+03	 1.01883E+03
 2.54740E+03	 1.02210E+03
 2.55095E+03	 1.02133E+03
 2.55450E+03	 1.02377E+03
 2.55805E+03	 1.02240E+03
 2.56160E+03	 1.02057E+03
 2.56514E+03	 1.02763E+03
 2.56868E+03	 1.02787E+03
 2.57222E+03	 1.02353E+03
 2.57576E+03	 1.02210E+03
 2.57930E+03	 1.02403E+03
 2.58284E+03	 1.02820E+03
 2.58637E+03	 1.02940E+03
 2.58991E+03	 1.02347E+03
 2.59344E+03	 1.02597E+03
 2.59697E+03	 1.02880E+03
 2.60049E+03	 1.02813E+03
 2.60402E+03	 1.03107E+03
 2.60754E+03	 1.02823E+03
 2.61107E+03	 1.02913E+03
 2.61459E+03	 1.02607E+03
 2.61811E+03	 1.03130E+03
 2.62162E+03	 1.03677E+03
 2.62514E+03	 1.03107E+03
 2.62865E+03	 1.03503E+03
 2.63217E+03	 1.03087E+03
 2.63568E+03	 1.04003E+03
 2.63919E+03	 1.04283E+03
 2.64269E+03	 1.04040E+03
 2.64620E+03	 1.04270E+03
 2.64970E+03	 1.04843E+03
 2.65321E+03	 1.05227E+03
 2.65671E+03	 1.05150E+03
 2.66021E+03	 1.05373E+03
 2.66370E+03	 1.05607E+03
 2.66720E+03	 1.05873E+03
 2.67069E+03	 1.06397E+03
 2.67419E+03	 1.06140E+03
 2.67768E+03	 1.06960E+03
 2.68117E+03	 1.07643E+03
 2.68466E+03	 1.07717E+03
 2.68814E+03	 1.08757E+03
 2.69163E+03	 1.09027E+03
 2.69511E+03	 1.09023E+03
 2.69859E+03	 1.09463E+03
 2.70207E+03	 1.09743E+03
 2.70555E+03	 1.10680E+03
 2.70902E+03	 1.10413E+03
 2.71250E+03	 1.11613E+03
 2.71597E+03	 1.12207E+03
 2.71944E+03	 1.13073E+03
 2.72291E+03	 1.14513E+03
 2.72638E+03	 1.15787E+03
 2.72984E+03	 1.16513E+03
 2.73331E+03	 1.17233E+03
 2.73677E+03	 1.19930E+03
 2.74023E+03	 1.19977E+03
 2.74369E+03	 1.21683E+03
 2.74715E+03	 1.21750E+03
 2.75061E+03	 1.22683E+03
 2.75406E+03	 1.23677E+03
 2.75752E+03	 1.24427E+03
 2.76097E+03	 1.24460E+03
 2.76442E+03	 1.23303E+03
 2.76786E+03	 1.25083E+03
 2.77131E+03	 1.24553E+03
 2.77476E+03	 1.24233E+03
 2.77820E+03	 1.22877E+03
 2.78164E+03	 1.23370E+03
 2.78508E+03	 1.24823E+03
 2.78852E+03	 1.23867E+03
 2.79196E+03	 1.24200E+03
 2.79539E+03	 1.25030E+03
 2.79883E+03	 1.24340E+03
 2.80226E+03	 1.26210E+03
 2.80569E+03	 1.25987E+03
 2.80912E+03	 1.27453E+03
 2.81254E+03	 1.28777E+03
 2.81597E+03	 1.30273E+03
 2.81939E+03	 1.33617E+03
 2.82282E+03	 1.34970E+03
 2.82624E+03	 1.36477E+03
 2.82966E+03	 1.38347E+03
 2.83307E+03	 1.40510E+03
 2.83649E+03	 1.44357E+03
 2.83990E+03	 1.47247E+03
 2.84332E+03	 1.51263E+03
 2.84673E+03	 1.57057E+03
 2.85014E+03	 1.58643E+03
 2.85354E+03	 1.63307E+03
 2.85695E+03	 1.70357E+03
 2.86036E+03	 1.78883E+03
 2.86376E+03	 1.83277E+03
 2.86716E+03	 1.90060E+03
 2.87056E+03	 1.99280E+03
 2.87396E+03	 2.13793E+03
 2.87736E+03	 2.26003E+03
 2.88075E+03	 2.39333E+03
 2.88414E+03	 2.58417E+03
 2.88754E+03	 2.72847E+03
 2.89093E+03	 2.93687E+03
 2.89431E+03	 3.05360E+03
 2.89770E+03	 3.17087E+03
 2.90109E+03	 3.18153E+03
 2.90447E+03	 3.19100E+03
 2.90785E+03	 3.20967E+03
 2.91123E+03	 3.05623E+03
 2.91461E+03	 2.98903E+03
 2.91799E+03	 2.95160E+03
 2.92137E+03	 2.92027E+03
 2.92474E+03	 2.89940E+03
 2.92811E+03	 2.93913E+03
 2.93149E+03	 2.92110E+03
 2.93486E+03	 2.98187E+03
 2.93822E+03	 2.95940E+03
 2.94159E+03	 2.97990E+03
 2.94496E+03	 3.11560E+03
 2.94832E+03	 3.12590E+03
 2.95168E+03	 3.17750E+03
 2.95504E+03	 3.14117E+03
 2.95840E+03	 3.13997E+03
 2.96176E+03	 3.01840E+03
 2.96511E+03	 2.98487E+03
 2.96847E+03	 3.00643E+03
 2.97182E+03	 2.85243E+03
 2.97517E+03	 2.72757E+03
 2.97852E+03	 2.59283E+03
 2.98187E+03	 2.48580E+03
 2.98521E+03	 2.33403E+03
 2.98856E+03	 2.13403E+03
 2.99190E+03	 1.97500E+03
 2.99524E+03	 1.83973E+03
 2.99858E+03	 1.68680E+03
 3.00192E+03	 1.58310E+03
 3.00526E+03	 1.49410E+03
 3.00859E+03	 1.42480E+03
 3.01193E+03	 1.33947E+03
 3.01526E+03	 1.29533E+03
 3.01859E+03	 1.26187E+03
 3.02192E+03	 1.22863E+03
 3.02525E+03	 1.20407E+03
 3.02857E+03	 1.18423E+03
 3.03190E+03	 1.15693E+03
 3.03522E+03	 1.14617E+03
 3.03854E+03	 1.14010E+03
 3.04186E+03	 1.13163E+03
 3.04518E+03	 1.12557E+03
 3.04850E+03	 1.12270E+03
 3.05181E+03	 1.10550E+03
 3.05512E+03	 1.11033E+03
 3.05844E+03	 1.11157E+03
 3.06175E+03	 1.09830E+03
 3.06506E+03	 1.10177E+03
 3.06836E+03	 1.09837E+03
 3.07167E+03	 1.10127E+03
 3.07497E+03	 1.10103E+03
 3.07828E+03	 1.09320E+03
 3.08158E+03	 1.09443E+03
 3.08488E+03	 1.09113E+03
 3.08818E+03	 1.10540E+03
 3.09147E+03	 1.09947E+03
 3.09477E+03	 1.09843E+03
 3.09806E+03	 1.10417E+03
 3.10135E+03	 1.10213E+03
 3.10464E+03	 1.10783E+03
 3.10793E+03	 1.10137E+03
 3.11122E+03	 1.10923E+03
 3.11451E+03	 1.11880E+03
 3.11779E+03	 1.12390E+03
 3.12107E+03	 1.11867E+03
 3.12436E+03	 1.12667E+03
 3.12764E+03	 1.13387E+03
 3.13091E+03	 1.13997E+03
 3.13419E+03	 1.13517E+03
 3.13747E+03	 1.14493E+03
 3.14074E+03	 1.14017E+03
 3.14401E+03	 1.14540E+03
 3.14728E+03	 1.16060E+03
 3.15055E+03	 1.16603E+03
 3.15382E+03	 1.15927E+03
 3.15709E+03	 1.16833E+03
 3.16035E+03	 1.17683E+03
 3.16362E+03	 1.18250E+03
 3.16688E+03	 1.18420E+03
 3.17014E+03	 1.18360E+03
 3.17340E+03	 1.20137E+03
 3.17665E+03	 1.20130E+03
 3.17991E+03	 1.20287E+03
 3.18316E+03	 1.19803E+03
 3.18642E+03	 1.21943E+03
 3.18967E+03	 1.22270E+03
 3.19292E+03	 1.21887E+03
 3.19617E+03	 1.23513E+03
 3.19941E+03	 1.24143E+03
 3.20266E+03	 1.24290E+03
 3.20590E+03	 1.24697E+03
 3.20914E+03	 1.25190E+03
 3.21238E+03	 1.25400E+03
 3.21562E+03	 1.27527E+03
 3.21886E+03	 1.26637E+03
 3.22210E+03	 1.27863E+03
 3.22533E+03	 1.28523E+03
 3.22857E+03	 1.29837E+03
 3.23180E+03	 1.28943E+03
 3.23503E+03	 1.30193E+03
 3.23826E+03	 1.28690E+03
 3.24148E+03	 1.32013E+03
 3.24471E+03	 1.31837E+03
 3.24793E+03	 1.31673E+03
 3.25116E+03	 1.33367E+03
 3.25438E+03	 1.33883E+03
 3.25760E+03	 1.34047E+03
 3.26082E+03	 1.33123E+03
 3.26403E+03	 1.33797E+03
 3.26725E+03	 1.35150E+03
 3.27046E+03	 1.32837E+03
 3.27368E+03	 1.33297E+03
 3.27689E+03	 1.35103E+03
 3.28010E+03	 1.36127E+03
 3.28331E+03	 1.36533E+03
 3.28651E+03	 1.35293E+03
 3.28972E+03	 1.36510E+03
 3.29292E+03	 1.36700E+03
 3.29612E+03	 1.37140E+03
 3.29932E+03	 1.37260E+03
 3.30252E+03	 1.36130E+03
 3.30572E+03	 1.37280E+03
 3.30892E+03	 1.35887E+03
 3.31211E+03	 1.36163E+03
 3.31531E+03	 1.37513E+03
 3.31850E+03	 1.36823E+03
 3.32169E+03	 1.37193E+03
 3.32488E+03	 1.39267E+03
 3.32807E+03	 1.38540E+03
 3.33125E+03	 1.39200E+03
 3.33444E+03	 1.37427E+03
 3.33762E+03	 1.39767E+03
 3.34080E+03	 1.38183E+03
 3.34398E+03	 1.37760E+03
 3.34716E+03	 1.39557E+03
 3.35034E+03	 1.39690E+03
 3.35351E+03	 1.39687E+03
 3.35669E+03	 1.41617E+03
 3.35986E+03	 1.40833E+03
 3.36303E+03	 1.39703E+03
 3.36620E+03	 1.40327E+03
 3.36937E+03	 1.40880E+03
 3.37254E+03	 1.40460E+03
 3.37570E+03	 1.40123E+03
 3.37887E+03	 1.39083E+03
 3.38203E+03	 1.39217E+03
 3.38519E+03	 1.41200E+03
 3.38835E+03	 1.41010E+03
 3.39151E+03	 1.40917E+03
 3.39467E+03	 1.43337E+03
 3.39782E+03	 1.43363E+03
 3.40098E+03	 1.40500E+03
 3.40413E+03	 1.37893E+03
 3.40728E+03	 1.39080E+03
 3.41043E+03	 1.41753E+03
 3.41358E+03	 1.41567E+03
 3.41673E+03	 1.40867E+03
 3.41987E+03	 1.39823E+03
 3.42302E+03	 1.40753E+03
 3.42616E+03	 1.40837E+03
 3.42930E+03	 1.38307E+03
 3.43244E+03	 1.37500E+03
 3.43558E+03	 1.37287E+03
 3.43872E+03	 1.39087E+03
 3.44185E+03	 1.38097E+03
 3.44499E+03	 1.38997E+03
 3.44812E+03	 1.36850E+03
 3.45125E+03	 1.35350E+03
 3.45438E+03	 1.33693E+03
 3.45751E+03	 1.36190E+03
 3.46064E+03	 1.34923E+03
 3.46376E+03	 1.33753E+03
 3.46689E+03	 1.34230E+03
 3.47001E+03	 1.35500E+03
 3.47313E+03	 1.32183E+03
 3.47625E+03	 1.31023E+03
 3.47937E+03	 1.31273E+03
 3.48249E+03	 1.30063E+03
 3.48560E+03	 1.30310E+03
 3.48872E+03	 1.27343E+03
 3.49183E+03	 1.28917E+03
 3.49494E+03	 1.28813E+03
 3.49805E+03	 1.26220E+03
 3.50116E+03	 1.26753E+03
 3.50427E+03	 1.26657E+03
 3.50737E+03	 1.25750E+03
 3.51048E+03	 1.23847E+03
 3.51358E+03	 1.23530E+03
 3.51668E+03	 1.21537E+03
 3.51978E+03	 1.22133E+03
 3.52288E+03	 1.22667E+03
 3.52598E+03	 1.18930E+03
 3.52907E+03	 1.18390E+03
 3.53217E+03	 1.19540E+03
 3.53526E+03	 1.18733E+03
 3.53835E+03	 1.16680E+03
 3.54144E+03	 1.16693E+03
 3.54453E+03	 1.16470E+03
 3.54762E+03	 1.15340E+03
 3.55071E+03	 1.14627E+03
 3.55379E+03	 1.13527E+03
 3.55687E+03	 1.13753E+03
 3.55996E+03	 1.13113E+03
 3.56304E+03	 1.12573E+03
 3.56612E+03	 1.10853E+03
 3.56919E+03	 1.12343E+03
 3.57227E+03	 1.11893E+03
 3.57535E+03	 1.09963E+03
 3.57842E+03	 1.10377E+03
 3.58149E+03	 1.09237E+03
 3.58456E+03	 1.08520E+03
 3.58763E+03	 1.07257E+03
 3.59070E+03	 1.07090E+03
 3.59377E+03	 1.06333E+03
 3.59683E+03	 1.06077E+03
 3.59990E+03	 1.05733E+03
 3.60296E+03	 1.05507E+03
 3.60602E+03	 1.04677E+03
 3.60908E+03	 1.04430E+03
 3.61214E+03	 1.03893E+03
 3.61519E+03	 1.03087E+03
 3.61825E+03	 1.02567E+03
 3.62130E+03	 1.02077E+03
 3.62436E+03	 1.01677E+03
 3.62741E+03	 1.01787E+03
 3.63046E+03	 1.01160E+03
 3.63351E+03	 9.97367E+02
 3.63656E+03	 1.00003E+03
 3.63960E+03	 1.00123E+03
 3.64265E+03	 9.94700E+02
 3.64569E+03	 9.93700E+02
 3.64873E+03	 9.86400E+02
 3.65177E+03	 9.82133E+02
 3.65481E+03	 9.80633E+02
 3.65785E+03	 9.79733E+02
 3.66089E+03	 9.76033E+02
 3.66392E+03	 9.79100E+02
 3.66695E+03	 9.74833E+02
 3.66999E+03	 9.69167E+02
 3.67302E+03	 9.70433E+02
 3.67605E+03	 9.68933E+02
 3.67908E+03	 9.66433E+02
 3.68210E+03	 9.65800E+02
 3.68513E+03	 9.61867E+02
 3.68815E+03	 9.63167E+02
 3.69117E+03	 9.61067E+02
 3.69420E+03	 9.61767E+02
 3.69722E+03	 9.57033E+02
 3.70023E+03	 9.56833E+02
 3.70325E+03	 9.56000E+02
 3.70627E+03	 9.55900E+02
 3.70928E+03	 9.54100E+02
 3.71230E+03	 9.54367E+02
 3.71531E+03	 9.53000E+02
 3.71832E+03	 9.49667E+02
 3.72133E+03	 9.50533E+02
 3.72434E+03	 9.50133E+02
 3.72734E+03	 9.50067E+02
 3.73035E+03	 9.48133E+02
 3.73335E+03	 9.47667E+02
 3.73635E+03	 9.46800E+02
 3.73936E+03	 9.48300E+02
 3.74236E+03	 9.48667E+02
 3.74535E+03	 9.47700E+02
 3.74835E+03	 9.48067E+02
 3.75135E+03	 9.44100E+02
 3.75434E+03	 9.44567E+02
 3.75733E+03	 9.44133E+02
 3.76033E+03	 9.42300E+02
 3.76332E+03	 9.42800E+02
 3.76631E+03	 9.42900E+02
 3.76929E+03	 9.44267E+02
 3.77228E+03	 9.41900E+02
 3.77527E+03	 9.43933E+02
 3.77825E+03	 9.41167E+02
 3.78123E+03	 9.40867E+02
 3.78421E+03	 9.42467E+02
 3.78719E+03	 9.41200E+02
