-1.40382E+02	 9.05900E+02
-1.35457E+02	 9.07433E+02
-1.30535E+02	 9.06067E+02
-1.25616E+02	 9.07300E+02
-1.20700E+02	 9.07400E+02
-1.15786E+02	 9.07800E+02
-1.10875E+02	 9.07867E+02
-1.05967E+02	 9.08100E+02
-1.01061E+02	 9.07933E+02
-9.61580E+01	 9.08100E+02
-9.12576E+01	 9.07567E+02
-8.63599E+01	 9.08467E+02
-8.14648E+01	 9.08733E+02
-7.65724E+01	 9.08167E+02
-7.16827E+01	 9.06767E+02
-6.67956E+01	 9.09433E+02
-6.19111E+01	 9.08900E+02
-5.70293E+01	 9.07600E+02
-5.21502E+01	 9.09667E+02
-4.72737E+01	 9.09600E+02
-4.23998E+01	 9.09667E+02
-3.75286E+01	 9.11033E+02
-3.26600E+01	 9.11667E+02
-2.77941E+01	 9.13700E+02
-2.29308E+01	 9.13933E+02
-1.80701E+01	 9.16133E+02
-1.32121E+01	 9.17833E+02
-8.35667E+00	 9.22633E+02
-3.50389E+00	 9.30867E+02
 1.34626E+00	 9.64367E+02
 6.19379E+00	 1.38583E+03
 1.10387E+01	 5.28647E+03
 1.58810E+01	 7.88720E+03
 2.07207E+01	 3.78263E+03
 2.55577E+01	 1.13997E+03
 3.03922E+01	 9.33533E+02
 3.52240E+01	 9.19700E+02
 4.00532E+01	 9.15667E+02
 4.48798E+01	 9.11700E+02
 4.97038E+01	 9.12233E+02
 5.45252E+01	 9.10700E+02
 5.93440E+01	 9.11100E+02
 6.41602E+01	 9.11067E+02
 6.89738E+01	 9.11233E+02
 7.37848E+01	 9.16333E+02
 7.85932E+01	 9.26733E+02
 8.33991E+01	 9.60500E+02
 8.82023E+01	 1.03763E+03
 9.30029E+01	 1.12720E+03
 9.78010E+01	 1.17387E+03
 1.02596E+02	 1.19743E+03
 1.07389E+02	 1.20407E+03
 1.12180E+02	 1.21353E+03
 1.16967E+02	 1.18867E+03
 1.21753E+02	 1.16370E+03
 1.26535E+02	 1.15510E+03
 1.31315E+02	 1.15543E+03
 1.36093E+02	 1.15530E+03
 1.40867E+02	 1.14820E+03
 1.45640E+02	 1.14313E+03
 1.50409E+02	 1.13020E+03
 1.55177E+02	 1.13650E+03
 1.59941E+02	 1.13330E+03
 1.64703E+02	 1.11800E+03
 1.69463E+02	 1.11073E+03
 1.74220E+02	 1.09973E+03
 1.78974E+02	 1.09763E+03
 1.83726E+02	 1.09227E+03
 1.88475E+02	 1.08187E+03
 1.93222E+02	 1.07457E+03
 1.97966E+02	 1.07440E+03
 2.02708E+02	 1.06750E+03
 2.07447E+02	 1.06760E+03
 2.12184E+02	 1.07007E+03
 2.16918E+02	 1.06460E+03
 2.21649E+02	 1.06153E+03
 2.26378E+02	 1.06343E+03
 2.31105E+02	 1.05717E+03
 2.35829E+02	 1.05590E+03
 2.40550E+02	 1.05203E+03
 2.45269E+02	 1.04673E+03
 2.49985E+02	 1.04840E+03
 2.54699E+02	 1.04723E+03
 2.59410E+02	 1.04143E+03
 2.64119E+02	 1.04063E+03
 2.68825E+02	 1.03883E+03
 2.73529E+02	 1.04027E+03
 2.78230E+02	 1.03990E+03
 2.82929E+02	 1.03820E+03
 2.87625E+02	 1.03787E+03
 2.92319E+02	 1.03287E+03
 2.97010E+02	 1.02933E+03
 3.01699E+02	 1.02930E+03
 3.06385E+02	 1.03007E+03
 3.11069E+02	 1.03000E+03
 3.15750E+02	 1.02610E+03
 3.20428E+02	 1.03007E+03
 3.25105E+02	 1.03053E+03
 3.29778E+02	 1.03030E+03
 3.34450E+02	 1.02477E+03
 3.39118E+02	 1.02827E+03
 3.43785E+02	 1.02993E+03
 3.48448E+02	 1.03003E+03
 3.53110E+02	 1.02493E+03
 3.57768E+02	 1.02510E+03
 3.62425E+02	 1.02493E+03
 3.67079E+02	 1.01960E+03
 3.71730E+02	 1.01837E+03
 3.76379E+02	 1.01150E+03
 3.81025E+02	 1.01583E+03
 3.85669E+02	 1.01893E+03
 3.90311E+02	 1.02380E+03
 3.94950E+02	 1.02623E+03
 3.99586E+02	 1.03143E+03
 4.04220E+02	 1.03013E+03
 4.08852E+02	 1.02900E+03
 4.13481E+02	 1.03560E+03
 4.18108E+02	 1.04550E+03
 4.22732E+02	 1.05900E+03
 4.27354E+02	 1.07630E+03
 4.31973E+02	 1.08797E+03
 4.36590E+02	 1.08800E+03
 4.41205E+02	 1.08070E+03
 4.45817E+02	 1.06603E+03
 4.50426E+02	 1.04957E+03
 4.55034E+02	 1.03880E+03
 4.59638E+02	 1.03120E+03
 4.64241E+02	 1.02833E+03
 4.68840E+02	 1.02387E+03
 4.73438E+02	 1.02593E+03
 4.78033E+02	 1.02903E+03
 4.82625E+02	 1.04757E+03
 4.87215E+02	 1.06750E+03
 4.91803E+02	 1.09313E+03
 4.96388E+02	 1.13153E+03
 5.00971E+02	 1.15587E+03
 5.05552E+02	 1.15747E+03
 5.10129E+02	 1.13713E+03
 5.14705E+02	 1.10647E+03
 5.19278E+02	 1.07540E+03
 5.23849E+02	 1.04967E+03
 5.28417E+02	 1.04140E+03
 5.32983E+02	 1.02340E+03
 5.37547E+02	 1.02257E+03
 5.42108E+02	 1.01007E+03
 5.46666E+02	 1.01103E+03
 5.51223E+02	 1.01317E+03
 5.55777E+02	 1.02413E+03
 5.60328E+02	 1.02263E+03
 5.64877E+02	 1.02900E+03
 5.69424E+02	 1.02670E+03
 5.73968E+02	 1.02687E+03
 5.78510E+02	 1.01950E+03
 5.83049E+02	 1.01690E+03
 5.87587E+02	 1.00803E+03
 5.92121E+02	 1.01117E+03
 5.96654E+02	 1.00490E+03
 6.01184E+02	 1.00407E+03
 6.05711E+02	 1.00540E+03
 6.10236E+02	 1.00313E+03
 6.14759E+02	 9.98367E+02
 6.19280E+02	 9.99233E+02
 6.23798E+02	 9.98900E+02
 6.28313E+02	 9.97400E+02
 6.32827E+02	 1.00050E+03
 6.37338E+02	 1.00207E+03
 6.41846E+02	 9.97600E+02
 6.46352E+02	 9.97433E+02
 6.50856E+02	 1.00020E+03
 6.55358E+02	 1.00397E+03
 6.59857E+02	 1.00890E+03
 6.64354E+02	 1.01420E+03
 6.68848E+02	 1.01230E+03
 6.73340E+02	 1.01680E+03
 6.77830E+02	 1.02223E+03
 6.82317E+02	 1.03937E+03
 6.86802E+02	 1.04313E+03
 6.91285E+02	 1.04913E+03
 6.95765E+02	 1.04917E+03
 7.00243E+02	 1.03660E+03
 7.04718E+02	 1.02943E+03
 7.09192E+02	 1.01770E+03
 7.13663E+02	 1.00470E+03
 7.18131E+02	 1.00320E+03
 7.22597E+02	 9.98867E+02
 7.27061E+02	 9.96000E+02
 7.31523E+02	 9.95500E+02
 7.35982E+02	 9.92533E+02
 7.40439E+02	 9.93167E+02
 7.44894E+02	 9.92100E+02
 7.49346E+02	 9.92367E+02
 7.53796E+02	 9.87500E+02
 7.58243E+02	 9.88600E+02
 7.62689E+02	 9.90600E+02
 7.67132E+02	 9.90333E+02
 7.71572E+02	 9.88200E+02
 7.76011E+02	 9.88733E+02
 7.80447E+02	 9.92600E+02
 7.84880E+02	 9.92800E+02
 7.89312E+02	 9.97233E+02
 7.93741E+02	 9.96633E+02
 7.98167E+02	 1.00113E+03
 8.02592E+02	 1.00507E+03
 8.07014E+02	 1.00370E+03
 8.11434E+02	 1.00477E+03
 8.15851E+02	 1.01223E+03
 8.20267E+02	 1.02087E+03
 8.24680E+02	 1.03660E+03
 8.29090E+02	 1.07443E+03
 8.33499E+02	 1.10447E+03
 8.37905E+02	 1.13043E+03
 8.42309E+02	 1.13133E+03
 8.46710E+02	 1.11773E+03
 8.51109E+02	 1.12157E+03
 8.55506E+02	 1.14987E+03
 8.59901E+02	 1.19390E+03
 8.64293E+02	 1.23917E+03
 8.68683E+02	 1.25343E+03
 8.73071E+02	 1.24553E+03
 8.77456E+02	 1.22543E+03
 8.81840E+02	 1.18760E+03
 8.86221E+02	 1.14757E+03
 8.90599E+02	 1.10710E+03
 8.94976E+02	 1.06607E+03
 8.99350E+02	 1.03687E+03
 9.03722E+02	 1.02533E+03
 9.08091E+02	 1.01187E+03
 9.12459E+02	 1.01437E+03
 9.16824E+02	 1.02983E+03
 9.21187E+02	 1.05120E+03
 9.25547E+02	 1.06850E+03
 9.29905E+02	 1.09253E+03
 9.34261E+02	 1.11173E+03
 9.38615E+02	 1.11467E+03
 9.42967E+02	 1.12420E+03
 9.47316E+02	 1.11913E+03
 9.51663E+02	 1.08733E+03
 9.56008E+02	 1.04863E+03
 9.60350E+02	 1.02057E+03
 9.64691E+02	 1.00497E+03
 9.69029E+02	 9.97333E+02
 9.73364E+02	 9.95300E+02
 9.77698E+02	 1.00037E+03
 9.82029E+02	 1.00507E+03
 9.86358E+02	 1.02527E+03
 9.90685E+02	 1.04410E+03
 9.95010E+02	 1.05183E+03
 9.99332E+02	 1.03703E+03
 1.00365E+03	 1.02580E+03
 1.00797E+03	 1.01660E+03
 1.01229E+03	 1.00580E+03
 1.01660E+03	 1.00297E+03
 1.02091E+03	 1.00230E+03
 1.02522E+03	 1.00223E+03
 1.02953E+03	 1.00703E+03
 1.03383E+03	 1.01667E+03
 1.03813E+03	 1.03783E+03
 1.04243E+03	 1.06110E+03
 1.04673E+03	 1.09827E+03
 1.05103E+03	 1.12767E+03
 1.05532E+03	 1.16717E+03
 1.05961E+03	 1.20097E+03
 1.06390E+03	 1.24593E+03
 1.06819E+03	 1.25397E+03
 1.07247E+03	 1.25967E+03
 1.07676E+03	 1.26750E+03
 1.08104E+03	 1.26797E+03
 1.08531E+03	 1.24183E+03
 1.08959E+03	 1.22003E+03
 1.09386E+03	 1.20363E+03
 1.09813E+03	 1.18783E+03
 1.10240E+03	 1.18817E+03
 1.10667E+03	 1.17873E+03
 1.11094E+03	 1.17980E+03
 1.11520E+03	 1.16887E+03
 1.11946E+03	 1.17557E+03
 1.12372E+03	 1.17483E+03
 1.12797E+03	 1.16937E+03
 1.13223E+03	 1.16630E+03
 1.13648E+03	 1.15877E+03
 1.14073E+03	 1.12353E+03
 1.14498E+03	 1.07620E+03
 1.14922E+03	 1.03957E+03
 1.15347E+03	 1.01603E+03
 1.15771E+03	 1.00313E+03
 1.16194E+03	 1.00000E+03
 1.16618E+03	 9.97233E+02
 1.17042E+03	 9.89400E+02
 1.17465E+03	 9.85833E+02
 1.17888E+03	 9.85433E+02
 1.18311E+03	 9.90767E+02
 1.18733E+03	 9.89733E+02
 1.19156E+03	 9.91433E+02
 1.19578E+03	 9.95700E+02
 1.20000E+03	 9.96433E+02
 1.20421E+03	 1.00290E+03
 1.20843E+03	 1.00913E+03
 1.21264E+03	 1.01680E+03
 1.21685E+03	 1.02870E+03
 1.22106E+03	 1.03613E+03
 1.22527E+03	 1.04287E+03
 1.22947E+03	 1.05487E+03
 1.23367E+03	 1.05057E+03
 1.23787E+03	 1.05413E+03
 1.24207E+03	 1.06060E+03
 1.24627E+03	 1.07083E+03
 1.25046E+03	 1.08087E+03
 1.25465E+03	 1.08723E+03
 1.25884E+03	 1.10293E+03
 1.26303E+03	 1.10793E+03
 1.26721E+03	 1.11430E+03
 1.27140E+03	 1.11377E+03
 1.27558E+03	 1.10870E+03
 1.27975E+03	 1.11377E+03
 1.28393E+03	 1.11350E+03
 1.28811E+03	 1.11060E+03
 1.29228E+03	 1.10757E+03
 1.29645E+03	 1.09477E+03
 1.30062E+03	 1.08657E+03
 1.30478E+03	 1.07717E+03
 1.30895E+03	 1.07073E+03
 1.31311E+03	 1.07020E+03
 1.31727E+03	 1.06753E+03
 1.32142E+03	 1.07357E+03
 1.32558E+03	 1.07480E+03
 1.32973E+03	 1.07253E+03
 1.33388E+03	 1.07640E+03
 1.33803E+03	 1.08237E+03
 1.34218E+03	 1.08150E+03
 1.34632E+03	 1.07643E+03
 1.35047E+03	 1.06687E+03
 1.35461E+03	 1.07290E+03
 1.35875E+03	 1.07567E+03
 1.36288E+03	 1.08367E+03
 1.36702E+03	 1.08743E+03
 1.37115E+03	 1.08987E+03
 1.37528E+03	 1.08677E+03
 1.37941E+03	 1.07870E+03
 1.38353E+03	 1.07410E+03
 1.38766E+03	 1.06660E+03
 1.39178E+03	 1.06463E+03
 1.39590E+03	 1.06790E+03
 1.40001E+03	 1.05563E+03
 1.40413E+03	 1.05210E+03
 1.40824E+03	 1.05510E+03
 1.41235E+03	 1.05020E+03
 1.41646E+03	 1.05090E+03
 1.42057E+03	 1.05127E+03
 1.42468E+03	 1.05097E+03
 1.42878E+03	 1.04613E+03
 1.43288E+03	 1.04577E+03
 1.43698E+03	 1.04310E+03
 1.44107E+03	 1.03713E+03
 1.44517E+03	 1.03827E+03
 1.44926E+03	 1.04183E+03
 1.45335E+03	 1.04210E+03
 1.45744E+03	 1.04903E+03
 1.46153E+03	 1.06627E+03
 1.46561E+03	 1.09783E+03
 1.46969E+03	 1.14960E+03
 1.47377E+03	 1.20097E+03
 1.47785E+03	 1.23030E+03
 1.48193E+03	 1.25740E+03
 1.48600E+03	 1.26800E+03
 1.49007E+03	 1.23590E+03
 1.49414E+03	 1.17547E+03
 1.49821E+03	 1.11740E+03
 1.50228E+03	 1.06190E+03
 1.50634E+03	 1.02713E+03
 1.51040E+03	 1.00453E+03
 1.51446E+03	 9.90267E+02
 1.51852E+03	 9.81767E+02
 1.52258E+03	 9.76700E+02
 1.52663E+03	 9.75500E+02
 1.53068E+03	 9.74433E+02
 1.53473E+03	 9.67833E+02
 1.53878E+03	 9.69533E+02
 1.54282E+03	 9.67600E+02
 1.54687E+03	 9.66433E+02
 1.55091E+03	 9.67933E+02
 1.55495E+03	 9.64933E+02
 1.55899E+03	 9.63133E+02
 1.56302E+03	 9.63767E+02
 1.56705E+03	 9.66333E+02
 1.57109E+03	 9.63500E+02
 1.57512E+03	 9.64400E+02
 1.57914E+03	 9.62133E+02
 1.58317E+03	 9.60100E+02
 1.58719E+03	 9.61367E+02
 1.59121E+03	 9.62333E+02
 1.59523E+03	 9.62833E+02
 1.59925E+03	 9.62400E+02
 1.60326E+03	 9.61433E+02
 1.60728E+03	 9.60967E+02
 1.61129E+03	 9.62200E+02
 1.61530E+03	 9.58333E+02
 1.61930E+03	 9.59567E+02
 1.62331E+03	 9.59300E+02
 1.62731E+03	 9.58600E+02
 1.63131E+03	 9.59733E+02
 1.63531E+03	 9.60800E+02
 1.63931E+03	 9.62400E+02
 1.64330E+03	 9.58000E+02
 1.64730E+03	 9.56833E+02
 1.65129E+03	 9.61533E+02
 1.65528E+03	 9.60133E+02
 1.65926E+03	 9.58667E+02
 1.66325E+03	 9.58333E+02
 1.66723E+03	 9.58900E+02
 1.67121E+03	 9.57000E+02
 1.67519E+03	 9.57233E+02
 1.67917E+03	 9.57567E+02
 1.68314E+03	 9.58533E+02
 1.68712E+03	 9.56367E+02
 1.69109E+03	 9.59067E+02
 1.69506E+03	 9.55200E+02
 1.69903E+03	 9.54133E+02
 1.70299E+03	 9.55233E+02
 1.70695E+03	 9.53967E+02
 1.71092E+03	 9.53767E+02
 1.71487E+03	 9.54033E+02
 1.71883E+03	 9.53700E+02
 1.72279E+03	 9.53500E+02
 1.72674E+03	 9.50667E+02
 1.73069E+03	 9.51733E+02
 1.73464E+03	 9.53367E+02
 1.73859E+03	 9.50533E+02
 1.74253E+03	 9.49033E+02
 1.74648E+03	 9.50500E+02
 1.75042E+03	 9.49867E+02
 1.75436E+03	 9.51600E+02
 1.75830E+03	 9.51867E+02
 1.76223E+03	 9.48800E+02
 1.76617E+03	 9.49300E+02
 1.77010E+03	 9.49767E+02
 1.77403E+03	 9.49600E+02
 1.77796E+03	 9.50933E+02
 1.78188E+03	 9.48767E+02
 1.78581E+03	 9.49967E+02
 1.78973E+03	 9.48800E+02
 1.79365E+03	 9.52267E+02
 1.79757E+03	 9.50333E+02
 1.80148E+03	 9.50867E+02
 1.80540E+03	 9.45933E+02
 1.80931E+03	 9.47867E+02
 1.81322E+03	 9.49200E+02
 1.81713E+03	 9.50433E+02
 1.82104E+03	 9.49933E+02
 1.82494E+03	 9.49867E+02
 1.82884E+03	 9.48067E+02
 1.83274E+03	 9.48200E+02
 1.83664E+03	 9.46667E+02
 1.84054E+03	 9.48600E+02
 1.84443E+03	 9.47033E+02
 1.84833E+03	 9.48367E+02
 1.85222E+03	 9.46533E+02
 1.85611E+03	 9.48667E+02
 1.85999E+03	 9.49000E+02
 1.86388E+03	 9.47567E+02
 1.86776E+03	 9.49233E+02
 1.87164E+03	 9.46467E+02
 1.87552E+03	 9.47667E+02
 1.87940E+03	 9.46567E+02
 1.88328E+03	 9.47367E+02
 1.88715E+03	 9.47667E+02
 1.89102E+03	 9.48333E+02
 1.89489E+03	 9.46433E+02
 1.89876E+03	 9.47200E+02
 1.90263E+03	 9.47533E+02
 1.90649E+03	 9.46367E+02
 1.91035E+03	 9.46900E+02
 1.91421E+03	 9.48333E+02
 1.91807E+03	 9.46067E+02
 1.92193E+03	 9.47667E+02
 1.92578E+03	 9.48533E+02
 1.92964E+03	 9.46000E+02
 1.93349E+03	 9.44900E+02
 1.93734E+03	 9.47033E+02
 1.94118E+03	 9.45567E+02
 1.94503E+03	 9.46167E+02
 1.94887E+03	 9.46333E+02
 1.95271E+03	 9.48667E+02
 1.95655E+03	 9.47667E+02
 1.96039E+03	 9.45333E+02
 1.96423E+03	 9.44867E+02
 1.96806E+03	 9.47600E+02
 1.97189E+03	 9.45800E+02
 1.97572E+03	 9.49300E+02
 1.97955E+03	 9.47767E+02
 1.98338E+03	 9.46633E+02
 1.98720E+03	 9.44233E+02
 1.99103E+03	 9.45067E+02
 1.99485E+03	 9.47633E+02
 1.99866E+03	 9.45900E+02
 2.00248E+03	 9.46933E+02
 2.00630E+03	 9.45200E+02
 2.01011E+03	 9.47300E+02
 2.01392E+03	 9.44700E+02
 2.01773E+03	 9.47300E+02
 2.02154E+03	 9.46167E+02
 2.02534E+03	 9.45033E+02
 2.02915E+03	 9.46400E+02
 2.03295E+03	 9.47567E+02
 2.03675E+03	 9.47133E+02
 2.04055E+03	 9.47067E+02
 2.04435E+03	 9.46400E+02
 2.04814E+03	 9.47500E+02
 2.05193E+03	 9.46633E+02
 2.05572E+03	 9.44300E+02
 2.05951E+03	 9.46000E+02
 2.06330E+03	 9.44867E+02
 2.06708E+03	 9.47233E+02
 2.07087E+03	 9.46833E+02
 2.07465E+03	 9.46067E+02
 2.07843E+03	 9.46967E+02
 2.08221E+03	 9.45500E+02
 2.08598E+03	 9.46700E+02
 2.08976E+03	 9.44067E+02
 2.09353E+03	 9.46700E+02
 2.09730E+03	 9.49433E+02
 2.10107E+03	 9.45800E+02
 2.10484E+03	 9.46100E+02
 2.10860E+03	 9.46833E+02
 2.11236E+03	 9.45867E+02
 2.11613E+03	 9.46800E+02
 2.11989E+03	 9.45967E+02
 2.12364E+03	 9.46800E+02
 2.12740E+03	 9.46633E+02
 2.13115E+03	 9.46667E+02
 2.13490E+03	 9.47533E+02
 2.13866E+03	 9.46767E+02
 2.14240E+03	 9.46300E+02
 2.14615E+03	 9.45100E+02
 2.14990E+03	 9.48900E+02
 2.15364E+03	 9.47200E+02
 2.15738E+03	 9.48100E+02
 2.16112E+03	 9.47633E+02
 2.16486E+03	 9.48300E+02
 2.16859E+03	 9.48500E+02
 2.17233E+03	 9.46967E+02
 2.17606E+03	 9.45633E+02
 2.17979E+03	 9.44900E+02
 2.18352E+03	 9.46100E+02
 2.18724E+03	 9.47633E+02
 2.19097E+03	 9.46233E+02
 2.19469E+03	 9.45600E+02
 2.19841E+03	 9.48367E+02
 2.20213E+03	 9.47033E+02
 2.20585E+03	 9.47233E+02
 2.20956E+03	 9.48067E+02
 2.21328E+03	 9.46233E+02
 2.21699E+03	 9.47300E+02
 2.22070E+03	 9.45700E+02
 2.22441E+03	 9.47000E+02
 2.22812E+03	 9.46233E+02
 2.23182E+03	 9.45700E+02
 2.23552E+03	 9.45633E+02
 2.23923E+03	 9.45267E+02
 2.24293E+03	 9.46533E+02
 2.24662E+03	 9.44633E+02
 2.25032E+03	 9.45467E+02
 2.25401E+03	 9.46367E+02
 2.25771E+03	 9.46067E+02
 2.26140E+03	 9.44733E+02
 2.26509E+03	 9.43633E+02
 2.26877E+03	 9.46133E+02
 2.27246E+03	 9.46433E+02
 2.27614E+03	 9.46600E+02
 2.27982E+03	 9.44133E+02
 2.28350E+03	 9.43400E+02
 2.28718E+03	 9.45033E+02
 2.29086E+03	 9.44000E+02
 2.29453E+03	 9.45567E+02
 2.29820E+03	 9.45233E+02
 2.30188E+03	 9.45800E+02
 2.30555E+03	 9.46033E+02
 2.30921E+03	 9.47167E+02
 2.31288E+03	 9.46267E+02
 2.31654E+03	 9.43067E+02
 2.32020E+03	 9.46133E+02
 2.32386E+03	 9.45300E+02
 2.32752E+03	 9.46167E+02
 2.33118E+03	 9.47700E+02
 2.33484E+03	 9.46267E+02
 2.33849E+03	 9.47100E+02
 2.34214E+03	 9.48567E+02
 2.34579E+03	 9.49067E+02
 2.34944E+03	 9.47700E+02
 2.35308E+03	 9.45600E+02
 2.35673E+03	 9.47767E+02
 2.36037E+03	 9.48233E+02
 2.36401E+03	 9.48833E+02
 2.36765E+03	 9.48667E+02
 2.37129E+03	 9.47400E+02
 2.37492E+03	 9.49400E+02
 2.37856E+03	 9.49167E+02
 2.38219E+03	 9.48900E+02
 2.38582E+03	 9.51300E+02
 2.38945E+03	 9.50367E+02
 2.39308E+03	 9.54200E+02
 2.39670E+03	 9.50833E+02
 2.40033E+03	 9.52200E+02
 2.40395E+03	 9.50133E+02
 2.40757E+03	 9.49533E+02
 2.41119E+03	 9.50367E+02
 2.41480E+03	 9.49533E+02
 2.41842E+03	 9.49033E+02
 2.42203E+03	 9.47200E+02
 2.42564E+03	 9.48033E+02
 2.42925E+03	 9.49267E+02
 2.43286E+03	 9.48900E+02
 2.43647E+03	 9.48633E+02
 2.44007E+03	 9.49600E+02
 2.44367E+03	 9.49333E+02
 2.44727E+03	 9.49933E+02
 2.45087E+03	 9.51933E+02
 2.45447E+03	 9.49800E+02
 2.45807E+03	 9.50867E+02
 2.46166E+03	 9.52000E+02
 2.46525E+03	 9.54567E+02
 2.46884E+03	 9.52200E+02
 2.47243E+03	 9.49700E+02
 2.47602E+03	 9.51000E+02
 2.47960E+03	 9.52267E+02
 2.48319E+03	 9.51300E+02
 2.48677E+03	 9.50667E+02
 2.49035E+03	 9.53000E+02
 2.49393E+03	 9.54300E+02
 2.49751E+03	 9.53433E+02
 2.50108E+03	 9.51600E+02
 2.50465E+03	 9.54033E+02
 2.50823E+03	 9.57400E+02
 2.51180E+03	 9.52800E+02
 2.51536E+03	 9.54067E+02
 2.51893E+03	 9.55667E+02
 2.52250E+03	 9.55967E+02
 2.52606E+03	 9.56767E+02
 2.52962E+03	 9.55533E+02
 2.53318E+03	 9.58033E+02
 2.53674E+03	 9.57967E+02
 2.54029E+03	 9.60000E+02
 2.54385E+03	 9.61267E+02
 2.54740E+03	 9.59233E+02
 2.55095E+03	 9.57400E+02
 2.55450E+03	 9.61133E+02
 2.55805E+03	 9.60967E+02
 2.56160E+03	 9.59733E+02
 2.56514E+03	 9.61467E+02
 2.56868E+03	 9.59067E+02
 2.57222E+03	 9.57833E+02
 2.57576E+03	 9.61767E+02
 2.57930E+03	 9.61100E+02
 2.58284E+03	 9.63067E+02
 2.58637E+03	 9.59900E+02
 2.58991E+03	 9.62867E+02
 2.59344E+03	 9.61833E+02
 2.59697E+03	 9.65467E+02
 2.60049E+03	 9.63100E+02
 2.60402E+03	 9.61367E+02
 2.60754E+03	 9.60367E+02
 2.61107E+03	 9.61633E+02
 2.61459E+03	 9.62100E+02
 2.61811E+03	 9.64033E+02
 2.62162E+03	 9.64667E+02
 2.62514E+03	 9.62133E+02
 2.62865E+03	 9.64700E+02
 2.63217E+03	 9.66300E+02
 2.63568E+03	 9.64833E+02
 2.63919E+03	 9.65867E+02
 2.64269E+03	 9.63333E+02
 2.64620E+03	 9.67833E+02
 2.64970E+03	 9.68600E+02
 2.65321E+03	 9.69933E+02
 2.65671E+03	 9.72433E+02
 2.66021E+03	 9.70700E+02
 2.66370E+03	 9.71600E+02
 2.66720E+03	 9.78533E+02
 2.67069E+03	 9.78200E+02
 2.67419E+03	 9.74133E+02
 2.67768E+03	 9.77267E+02
 2.68117E+03	 9.81067E+02
 2.68466E+03	 9.81600E+02
 2.68814E+03	 9.85533E+02
 2.69163E+03	 9.85467E+02
 2.69511E+03	 9.87500E+02
 2.69859E+03	 9.85700E+02
 2.70207E+03	 9.92300E+02
 2.70555E+03	 9.98467E+02
 2.70902E+03	 9.97667E+02
 2.71250E+03	 9.99200E+02
 2.71597E+03	 1.00710E+03
 2.71944E+03	 1.00950E+03
 2.72291E+03	 1.00923E+03
 2.72638E+03	 1.01363E+03
 2.72984E+03	 1.02690E+03
 2.73331E+03	 1.03210E+03
 2.73677E+03	 1.03680E+03
 2.74023E+03	 1.03227E+03
 2.74369E+03	 1.04397E+03
 2.74715E+03	 1.04470E+03
 2.75061E+03	 1.04790E+03
 2.75406E+03	 1.05480E+03
 2.75752E+03	 1.05390E+03
 2.76097E+03	 1.05537E+03
 2.76442E+03	 1.05370E+03
 2.76786E+03	 1.05510E+03
 2.77131E+03	 1.05517E+03
 2.77476E+03	 1.05000E+03
 2.77820E+03	 1.05090E+03
 2.78164E+03	 1.05297E+03
 2.78508E+03	 1.05227E+03
 2.78852E+03	 1.05407E+03
 2.79196E+03	 1.05007E+03
 2.79539E+03	 1.06423E+03
 2.79883E+03	 1.06030E+03
 2.80226E+03	 1.06060E+03
 2.80569E+03	 1.06747E+03
 2.80912E+03	 1.06507E+03
 2.81254E+03	 1.07680E+03
 2.81597E+03	 1.08423E+03
 2.81939E+03	 1.08970E+03
 2.82282E+03	 1.09820E+03
 2.82624E+03	 1.11157E+03
 2.82966E+03	 1.11947E+03
 2.83307E+03	 1.12967E+03
 2.83649E+03	 1.14633E+03
 2.83990E+03	 1.16703E+03
 2.84332E+03	 1.17650E+03
 2.84673E+03	 1.19440E+03
 2.85014E+03	 1.20713E+03
 2.85354E+03	 1.23790E+03
 2.85695E+03	 1.26533E+03
 2.86036E+03	 1.28363E+03
 2.86376E+03	 1.30087E+03
 2.86716E+03	 1.35523E+03
 2.87056E+03	 1.38337E+03
 2.87396E+03	 1.44970E+03
 2.87736E+03	 1.50730E+03
 2.88075E+03	 1.57113E+03
 2.88414E+03	 1.63413E+03
 2.88754E+03	 1.71600E+03
 2.89093E+03	 1.80230E+03
 2.89431E+03	 1.83647E+03
 2.89770E+03	 1.88520E+03
 2.90109E+03	 1.91730E+03
 2.90447E+03	 1.92667E+03
 2.90785E+03	 1.94750E+03
 2.91123E+03	 1.84903E+03
 2.91461E+03	 1.85753E+03
 2.91799E+03	 1.82127E+03
 2.92137E+03	 1.80713E+03
 2.92474E+03	 1.81153E+03
 2.92811E+03	 1.79443E+03
 2.93149E+03	 1.77907E+03
 2.93486E+03	 1.81097E+03
 2.93822E+03	 1.79573E+03
 2.94159E+03	 1.86687E+03
 2.94496E+03	 1.87453E+03
 2.94832E+03	 1.86087E+03
 2.95168E+03	 1.89337E+03
 2.95504E+03	 1.86040E+03
 2.95840E+03	 1.86350E+03
 2.96176E+03	 1.89097E+03
 2.96511E+03	 1.83297E+03
 2.96847E+03	 1.78313E+03
 2.97182E+03	 1.77057E+03
 2.97517E+03	 1.72727E+03
 2.97852E+03	 1.65263E+03
 2.98187E+03	 1.58700E+03
 2.98521E+03	 1.52587E+03
 2.98856E+03	 1.45293E+03
 2.99190E+03	 1.37710E+03
 2.99524E+03	 1.31150E+03
 2.99858E+03	 1.25943E+03
 3.00192E+03	 1.20733E+03
 3.00526E+03	 1.15677E+03
 3.00859E+03	 1.13550E+03
 3.01193E+03	 1.10373E+03
 3.01526E+03	 1.07700E+03
 3.01859E+03	 1.05880E+03
 3.02192E+03	 1.04383E+03
 3.02525E+03	 1.02847E+03
 3.02857E+03	 1.02493E+03
 3.03190E+03	 1.01333E+03
 3.03522E+03	 1.00960E+03
 3.03854E+03	 1.00567E+03
 3.04186E+03	 1.00817E+03
 3.04518E+03	 1.00210E+03
 3.04850E+03	 9.98433E+02
 3.05181E+03	 9.95733E+02
 3.05512E+03	 9.98967E+02
 3.05844E+03	 9.89567E+02
 3.06175E+03	 9.93867E+02
 3.06506E+03	 9.94533E+02
 3.06836E+03	 9.88567E+02
 3.07167E+03	 9.94500E+02
 3.07497E+03	 9.90233E+02
 3.07828E+03	 9.87833E+02
 3.08158E+03	 9.87900E+02
 3.08488E+03	 9.90367E+02
 3.08818E+03	 9.89900E+02
 3.09147E+03	 9.92267E+02
 3.09477E+03	 9.87867E+02
 3.09806E+03	 9.93400E+02
 3.10135E+03	 9.95267E+02
 3.10464E+03	 9.96100E+02
 3.10793E+03	 9.93100E+02
 3.11122E+03	 9.96700E+02
 3.11451E+03	 9.98700E+02
 3.11779E+03	 9.98033E+02
 3.12107E+03	 1.00267E+03
 3.12436E+03	 9.98767E+02
 3.12764E+03	 1.00170E+03
 3.13091E+03	 1.00460E+03
 3.13419E+03	 1.00637E+03
 3.13747E+03	 1.01093E+03
 3.14074E+03	 1.01463E+03
 3.14401E+03	 1.01523E+03
 3.14728E+03	 1.01677E+03
 3.15055E+03	 1.01840E+03
 3.15382E+03	 1.02043E+03
 3.15709E+03	 1.02187E+03
 3.16035E+03	 1.02460E+03
 3.16362E+03	 1.02460E+03
 3.16688E+03	 1.02883E+03
 3.17014E+03	 1.03247E+03
 3.17340E+03	 1.02983E+03
 3.17665E+03	 1.03603E+03
 3.17991E+03	 1.04120E+03
 3.18316E+03	 1.04070E+03
 3.18642E+03	 1.03913E+03
 3.18967E+03	 1.04287E+03
 3.19292E+03	 1.04183E+03
 3.19617E+03	 1.05003E+03
 3.19941E+03	 1.05757E+03
 3.20266E+03	 1.05557E+03
 3.20590E+03	 1.05250E+03
 3.20914E+03	 1.05523E+03
 3.21238E+03	 1.06267E+03
 3.21562E+03	 1.05933E+03
 3.21886E+03	 1.06687E+03
 3.22210E+03	 1.07090E+03
 3.22533E+03	 1.07397E+03
 3.22857E+03	 1.07523E+03
 3.23180E+03	 1.07760E+03
 3.23503E+03	 1.07510E+03
 3.23826E+03	 1.08297E+03
 3.24148E+03	 1.08397E+03
 3.24471E+03	 1.08387E+03
 3.24793E+03	 1.09440E+03
 3.25116E+03	 1.08697E+03
 3.25438E+03	 1.08430E+03
 3.25760E+03	 1.08830E+03
 3.26082E+03	 1.08973E+03
 3.26403E+03	 1.09417E+03
 3.26725E+03	 1.09653E+03
 3.27046E+03	 1.09710E+03
 3.27368E+03	 1.09170E+03
 3.27689E+03	 1.09797E+03
 3.28010E+03	 1.10283E+03
 3.28331E+03	 1.10090E+03
 3.28651E+03	 1.09767E+03
 3.28972E+03	 1.11120E+03
 3.29292E+03	 1.10780E+03
 3.29612E+03	 1.10727E+03
 3.29932E+03	 1.11330E+03
 3.30252E+03	 1.10633E+03
 3.30572E+03	 1.10337E+03
 3.30892E+03	 1.11293E+03
 3.31211E+03	 1.11117E+03
 3.31531E+03	 1.10753E+03
 3.31850E+03	 1.10520E+03
 3.32169E+03	 1.10943E+03
 3.32488E+03	 1.10617E+03
 3.32807E+03	 1.11240E+03
 3.33125E+03	 1.11943E+03
 3.33444E+03	 1.11883E+03
 3.33762E+03	 1.11963E+03
 3.34080E+03	 1.11483E+03
 3.34398E+03	 1.12467E+03
 3.34716E+03	 1.11740E+03
 3.35034E+03	 1.11503E+03
 3.35351E+03	 1.11603E+03
 3.35669E+03	 1.11667E+03
 3.35986E+03	 1.10550E+03
 3.36303E+03	 1.10597E+03
 3.36620E+03	 1.11160E+03
 3.36937E+03	 1.10813E+03
 3.37254E+03	 1.11690E+03
 3.37570E+03	 1.12633E+03
 3.37887E+03	 1.11513E+03
 3.38203E+03	 1.12070E+03
 3.38519E+03	 1.11840E+03
 3.38835E+03	 1.11317E+03
 3.39151E+03	 1.12613E+03
 3.39467E+03	 1.11820E+03
 3.39782E+03	 1.10737E+03
 3.40098E+03	 1.12417E+03
 3.40413E+03	 1.12930E+03
 3.40728E+03	 1.10957E+03
 3.41043E+03	 1.11013E+03
 3.41358E+03	 1.10577E+03
 3.41673E+03	 1.11073E+03
 3.41987E+03	 1.11077E+03
 3.42302E+03	 1.10403E+03
 3.42616E+03	 1.10933E+03
 3.42930E+03	 1.11210E+03
 3.43244E+03	 1.09913E+03
 3.43558E+03	 1.09860E+03
 3.43872E+03	 1.09433E+03
 3.44185E+03	 1.09790E+03
 3.44499E+03	 1.09627E+03
 3.44812E+03	 1.10097E+03
 3.45125E+03	 1.10367E+03
 3.45438E+03	 1.09873E+03
 3.45751E+03	 1.09667E+03
 3.46064E+03	 1.08803E+03
 3.46376E+03	 1.08307E+03
 3.46689E+03	 1.08110E+03
 3.47001E+03	 1.07740E+03
 3.47313E+03	 1.08120E+03
 3.47625E+03	 1.08200E+03
 3.47937E+03	 1.07560E+03
 3.48249E+03	 1.07357E+03
 3.48560E+03	 1.06957E+03
 3.48872E+03	 1.06150E+03
 3.49183E+03	 1.06527E+03
 3.49494E+03	 1.05993E+03
 3.49805E+03	 1.05563E+03
 3.50116E+03	 1.05767E+03
 3.50427E+03	 1.04917E+03
 3.50737E+03	 1.04197E+03
 3.51048E+03	 1.03227E+03
 3.51358E+03	 1.04080E+03
 3.51668E+03	 1.03370E+03
 3.51978E+03	 1.03067E+03
 3.52288E+03	 1.03113E+03
 3.52598E+03	 1.02730E+03
 3.52907E+03	 1.02147E+03
 3.53217E+03	 1.02070E+03
 3.53526E+03	 1.01037E+03
 3.53835E+03	 1.01577E+03
 3.54144E+03	 1.01380E+03
 3.54453E+03	 1.00537E+03
 3.54762E+03	 1.00973E+03
 3.55071E+03	 1.00300E+03
 3.55379E+03	 9.98300E+02
 3.55687E+03	 9.99567E+02
 3.55996E+03	 9.97167E+02
 3.56304E+03	 9.98367E+02
 3.56612E+03	 9.97067E+02
 3.56919E+03	 9.89533E+02
 3.57227E+03	 9.84100E+02
 3.57535E+03	 9.83500E+02
 3.57842E+03	 9.82100E+02
 3.58149E+03	 9.78967E+02
 3.58456E+03	 9.77333E+02
 3.58763E+03	 9.74667E+02
 3.59070E+03	 9.70633E+02
 3.59377E+03	 9.67767E+02
 3.59683E+03	 9.67400E+02
 3.59990E+03	 9.67333E+02
 3.60296E+03	 9.66033E+02
 3.60602E+03	 9.61933E+02
 3.60908E+03	 9.56133E+02
 3.61214E+03	 9.59633E+02
 3.61519E+03	 9.56133E+02
 3.61825E+03	 9.53433E+02
 3.62130E+03	 9.53100E+02
 3.62436E+03	 9.48867E+02
 3.62741E+03	 9.48500E+02
 3.63046E+03	 9.46133E+02
 3.63351E+03	 9.46400E+02
 3.63656E+03	 9.41667E+02
 3.63960E+03	 9.38933E+02
 3.64265E+03	 9.37867E+02
 3.64569E+03	 9.37700E+02
 3.64873E+03	 9.37833E+02
 3.65177E+03	 9.37200E+02
 3.65481E+03	 9.36767E+02
 3.65785E+03	 9.34367E+02
 3.66089E+03	 9.32133E+02
 3.66392E+03	 9.32600E+02
 3.66695E+03	 9.31233E+02
 3.66999E+03	 9.30767E+02
 3.67302E+03	 9.29167E+02
 3.67605E+03	 9.30233E+02
 3.67908E+03	 9.29400E+02
 3.68210E+03	 9.29767E+02
 3.68513E+03	 9.26633E+02
 3.68815E+03	 9.25300E+02
 3.69117E+03	 9.27433E+02
 3.69420E+03	 9.26000E+02
 3.69722E+03	 9.23767E+02
 3.70023E+03	 9.25033E+02
 3.70325E+03	 9.23333E+02
 3.70627E+03	 9.22900E+02
 3.70928E+03	 9.23267E+02
 3.71230E+03	 9.24300E+02
 3.71531E+03	 9.24300E+02
 3.71832E+03	 9.24367E+02
 3.72133E+03	 9.21100E+02
 3.72434E+03	 9.22600E+02
 3.72734E+03	 9.22633E+02
 3.73035E+03	 9.21200E+02
 3.73335E+03	 9.20433E+02
 3.73635E+03	 9.21500E+02
 3.73936E+03	 9.21667E+02
 3.74236E+03	 9.23500E+02
 3.74535E+03	 9.20267E+02
 3.74835E+03	 9.20367E+02
 3.75135E+03	 9.18633E+02
 3.75434E+03	 9.18733E+02
 3.75733E+03	 9.20567E+02
 3.76033E+03	 9.17500E+02
 3.76332E+03	 9.19433E+02
 3.76631E+03	 9.18233E+02
 3.76929E+03	 9.19367E+02
 3.77228E+03	 9.16733E+02
 3.77527E+03	 9.18667E+02
 3.77825E+03	 9.17367E+02
 3.78123E+03	 9.15867E+02
 3.78421E+03	 9.17833E+02
 3.78719E+03	 9.17233E+02
