-1.40382E+02	 9.06600E+02
-1.35457E+02	 9.07633E+02
-1.30535E+02	 9.06900E+02
-1.25616E+02	 9.06333E+02
-1.20700E+02	 9.08167E+02
-1.15786E+02	 9.08433E+02
-1.10875E+02	 9.07400E+02
-1.05967E+02	 9.08000E+02
-1.01061E+02	 9.08033E+02
-9.61580E+01	 9.09000E+02
-9.12576E+01	 9.08033E+02
-8.63599E+01	 9.08467E+02
-8.14648E+01	 9.07267E+02
-7.65724E+01	 9.08467E+02
-7.16827E+01	 9.07767E+02
-6.67956E+01	 9.07633E+02
-6.19111E+01	 9.09567E+02
-5.70293E+01	 9.08900E+02
-5.21502E+01	 9.09267E+02
-4.72737E+01	 9.09633E+02
-4.23998E+01	 9.10333E+02
-3.75286E+01	 9.10933E+02
-3.26600E+01	 9.11167E+02
-2.77941E+01	 9.12833E+02
-2.29308E+01	 9.13800E+02
-1.80701E+01	 9.14767E+02
-1.32121E+01	 9.19200E+02
-8.35667E+00	 9.22000E+02
-3.50389E+00	 9.31300E+02
 1.34626E+00	 9.60333E+02
 6.19379E+00	 1.37547E+03
 1.10387E+01	 5.52073E+03
 1.58810E+01	 8.46877E+03
 2.07207E+01	 3.97943E+03
 2.55577E+01	 1.14587E+03
 3.03922E+01	 9.31667E+02
 3.52240E+01	 9.18133E+02
 4.00532E+01	 9.15200E+02
 4.48798E+01	 9.12433E+02
 4.97038E+01	 9.11333E+02
 5.45252E+01	 9.11100E+02
 5.93440E+01	 9.12200E+02
 6.41602E+01	 9.12000E+02
 6.89738E+01	 9.14100E+02
 7.37848E+01	 9.21167E+02
 7.85932E+01	 9.42900E+02
 8.33991E+01	 1.01670E+03
 8.82023E+01	 1.15870E+03
 9.30029E+01	 1.32210E+03
 9.78010E+01	 1.43330E+03
 1.02596E+02	 1.46840E+03
 1.07389E+02	 1.48403E+03
 1.12180E+02	 1.48453E+03
 1.16967E+02	 1.46477E+03
 1.21753E+02	 1.42837E+03
 1.26535E+02	 1.39910E+03
 1.31315E+02	 1.38137E+03
 1.36093E+02	 1.37980E+03
 1.40867E+02	 1.36973E+03
 1.45640E+02	 1.35190E+03
 1.50409E+02	 1.33050E+03
 1.55177E+02	 1.32243E+03
 1.59941E+02	 1.29967E+03
 1.64703E+02	 1.28447E+03
 1.69463E+02	 1.26783E+03
 1.74220E+02	 1.27407E+03
 1.78974E+02	 1.25537E+03
 1.83726E+02	 1.23003E+03
 1.88475E+02	 1.22993E+03
 1.93222E+02	 1.21730E+03
 1.97966E+02	 1.20743E+03
 2.02708E+02	 1.20733E+03
 2.07447E+02	 1.19633E+03
 2.12184E+02	 1.19310E+03
 2.16918E+02	 1.19110E+03
 2.21649E+02	 1.18513E+03
 2.26378E+02	 1.17600E+03
 2.31105E+02	 1.16093E+03
 2.35829E+02	 1.15757E+03
 2.40550E+02	 1.16257E+03
 2.45269E+02	 1.15123E+03
 2.49985E+02	 1.14730E+03
 2.54699E+02	 1.14543E+03
 2.59410E+02	 1.13360E+03
 2.64119E+02	 1.13817E+03
 2.68825E+02	 1.13900E+03
 2.73529E+02	 1.13367E+03
 2.78230E+02	 1.13287E+03
 2.82929E+02	 1.12197E+03
 2.87625E+02	 1.12000E+03
 2.92319E+02	 1.11127E+03
 2.97010E+02	 1.11140E+03
 3.01699E+02	 1.11097E+03
 3.06385E+02	 1.11173E+03
 3.11069E+02	 1.10943E+03
 3.15750E+02	 1.10700E+03
 3.20428E+02	 1.11270E+03
 3.25105E+02	 1.11307E+03
 3.29778E+02	 1.11087E+03
 3.34450E+02	 1.10580E+03
 3.39118E+02	 1.11120E+03
 3.43785E+02	 1.10903E+03
 3.48448E+02	 1.10690E+03
 3.53110E+02	 1.10187E+03
 3.57768E+02	 1.10563E+03
 3.62425E+02	 1.10147E+03
 3.67079E+02	 1.08927E+03
 3.71730E+02	 1.08373E+03
 3.76379E+02	 1.08020E+03
 3.81025E+02	 1.07623E+03
 3.85669E+02	 1.08803E+03
 3.90311E+02	 1.10187E+03
 3.94950E+02	 1.11380E+03
 3.99586E+02	 1.10667E+03
 4.04220E+02	 1.11290E+03
 4.08852E+02	 1.11297E+03
 4.13481E+02	 1.12407E+03
 4.18108E+02	 1.13957E+03
 4.22732E+02	 1.16590E+03
 4.27354E+02	 1.19743E+03
 4.31973E+02	 1.22210E+03
 4.36590E+02	 1.21897E+03
 4.41205E+02	 1.19190E+03
 4.45817E+02	 1.16657E+03
 4.50426E+02	 1.14547E+03
 4.55034E+02	 1.13360E+03
 4.59638E+02	 1.12253E+03
 4.64241E+02	 1.11160E+03
 4.68840E+02	 1.10200E+03
 4.73438E+02	 1.10587E+03
 4.78033E+02	 1.11587E+03
 4.82625E+02	 1.14393E+03
 4.87215E+02	 1.19237E+03
 4.91803E+02	 1.24677E+03
 4.96388E+02	 1.30140E+03
 5.00971E+02	 1.33233E+03
 5.05552E+02	 1.33167E+03
 5.10129E+02	 1.29457E+03
 5.14705E+02	 1.25120E+03
 5.19278E+02	 1.20510E+03
 5.23849E+02	 1.14467E+03
 5.28417E+02	 1.12183E+03
 5.32983E+02	 1.09943E+03
 5.37547E+02	 1.08983E+03
 5.42108E+02	 1.08430E+03
 5.46666E+02	 1.08417E+03
 5.51223E+02	 1.08100E+03
 5.55777E+02	 1.08713E+03
 5.60328E+02	 1.09797E+03
 5.64877E+02	 1.11177E+03
 5.69424E+02	 1.10467E+03
 5.73968E+02	 1.10070E+03
 5.78510E+02	 1.09567E+03
 5.83049E+02	 1.08390E+03
 5.87587E+02	 1.08203E+03
 5.92121E+02	 1.07430E+03
 5.96654E+02	 1.06487E+03
 6.01184E+02	 1.05703E+03
 6.05711E+02	 1.06083E+03
 6.10236E+02	 1.05360E+03
 6.14759E+02	 1.04983E+03
 6.19280E+02	 1.05160E+03
 6.23798E+02	 1.05843E+03
 6.28313E+02	 1.05180E+03
 6.32827E+02	 1.05263E+03
 6.37338E+02	 1.04943E+03
 6.41846E+02	 1.04963E+03
 6.46352E+02	 1.05583E+03
 6.50856E+02	 1.05597E+03
 6.55358E+02	 1.06043E+03
 6.59857E+02	 1.07440E+03
 6.64354E+02	 1.07643E+03
 6.68848E+02	 1.08557E+03
 6.73340E+02	 1.09410E+03
 6.77830E+02	 1.10150E+03
 6.82317E+02	 1.10983E+03
 6.86802E+02	 1.12863E+03
 6.91285E+02	 1.14187E+03
 6.95765E+02	 1.13363E+03
 7.00243E+02	 1.12303E+03
 7.04718E+02	 1.09730E+03
 7.09192E+02	 1.07600E+03
 7.13663E+02	 1.06823E+03
 7.18131E+02	 1.05810E+03
 7.22597E+02	 1.05013E+03
 7.27061E+02	 1.04513E+03
 7.31523E+02	 1.04447E+03
 7.35982E+02	 1.04317E+03
 7.40439E+02	 1.03757E+03
 7.44894E+02	 1.03570E+03
 7.49346E+02	 1.04027E+03
 7.53796E+02	 1.03593E+03
 7.58243E+02	 1.03503E+03
 7.62689E+02	 1.03413E+03
 7.67132E+02	 1.03457E+03
 7.71572E+02	 1.03440E+03
 7.76011E+02	 1.03753E+03
 7.80447E+02	 1.03757E+03
 7.84880E+02	 1.04220E+03
 7.89312E+02	 1.04567E+03
 7.93741E+02	 1.04867E+03
 7.98167E+02	 1.05457E+03
 8.02592E+02	 1.06350E+03
 8.07014E+02	 1.07133E+03
 8.11434E+02	 1.06797E+03
 8.15851E+02	 1.07120E+03
 8.20267E+02	 1.08647E+03
 8.24680E+02	 1.12393E+03
 8.29090E+02	 1.17153E+03
 8.33499E+02	 1.24413E+03
 8.37905E+02	 1.27913E+03
 8.42309E+02	 1.27703E+03
 8.46710E+02	 1.26033E+03
 8.51109E+02	 1.24807E+03
 8.55506E+02	 1.30890E+03
 8.59901E+02	 1.38993E+03
 8.64293E+02	 1.47210E+03
 8.68683E+02	 1.49450E+03
 8.73071E+02	 1.47310E+03
 8.77456E+02	 1.42203E+03
 8.81840E+02	 1.37083E+03
 8.86221E+02	 1.30973E+03
 8.90599E+02	 1.25133E+03
 8.94976E+02	 1.17563E+03
 8.99350E+02	 1.12450E+03
 9.03722E+02	 1.09013E+03
 9.08091E+02	 1.08400E+03
 9.12459E+02	 1.09137E+03
 9.16824E+02	 1.11050E+03
 9.21187E+02	 1.14167E+03
 9.25547E+02	 1.17843E+03
 9.29905E+02	 1.20983E+03
 9.34261E+02	 1.25570E+03
 9.38615E+02	 1.27327E+03
 9.42967E+02	 1.27313E+03
 9.47316E+02	 1.26483E+03
 9.51663E+02	 1.21500E+03
 9.56008E+02	 1.14570E+03
 9.60350E+02	 1.10063E+03
 9.64691E+02	 1.06977E+03
 9.69029E+02	 1.05810E+03
 9.73364E+02	 1.05437E+03
 9.77698E+02	 1.06247E+03
 9.82029E+02	 1.07530E+03
 9.86358E+02	 1.10990E+03
 9.90685E+02	 1.19420E+03
 9.95010E+02	 1.25577E+03
 9.99332E+02	 1.20487E+03
 1.00365E+03	 1.10380E+03
 1.00797E+03	 1.08367E+03
 1.01229E+03	 1.07013E+03
 1.01660E+03	 1.06333E+03
 1.02091E+03	 1.06860E+03
 1.02522E+03	 1.07170E+03
 1.02953E+03	 1.08067E+03
 1.03383E+03	 1.09720E+03
 1.03813E+03	 1.12043E+03
 1.04243E+03	 1.16857E+03
 1.04673E+03	 1.22643E+03
 1.05103E+03	 1.28957E+03
 1.05532E+03	 1.34990E+03
 1.05961E+03	 1.41880E+03
 1.06390E+03	 1.48753E+03
 1.06819E+03	 1.52540E+03
 1.07247E+03	 1.51060E+03
 1.07676E+03	 1.51750E+03
 1.08104E+03	 1.50417E+03
 1.08531E+03	 1.48213E+03
 1.08959E+03	 1.43747E+03
 1.09386E+03	 1.40220E+03
 1.09813E+03	 1.39143E+03
 1.10240E+03	 1.39003E+03
 1.10667E+03	 1.38547E+03
 1.11094E+03	 1.37657E+03
 1.11520E+03	 1.36017E+03
 1.11946E+03	 1.34623E+03
 1.12372E+03	 1.34573E+03
 1.12797E+03	 1.35723E+03
 1.13223E+03	 1.36393E+03
 1.13648E+03	 1.32850E+03
 1.14073E+03	 1.27423E+03
 1.14498E+03	 1.20083E+03
 1.14922E+03	 1.14740E+03
 1.15347E+03	 1.10553E+03
 1.15771E+03	 1.07630E+03
 1.16194E+03	 1.06777E+03
 1.16618E+03	 1.05597E+03
 1.17042E+03	 1.05130E+03
 1.17465E+03	 1.05207E+03
 1.17888E+03	 1.04577E+03
 1.18311E+03	 1.04780E+03
 1.18733E+03	 1.05120E+03
 1.19156E+03	 1.04830E+03
 1.19578E+03	 1.05243E+03
 1.20000E+03	 1.06727E+03
 1.20421E+03	 1.07753E+03
 1.20843E+03	 1.09033E+03
 1.21264E+03	 1.10660E+03
 1.21685E+03	 1.11600E+03
 1.22106E+03	 1.12510E+03
 1.22527E+03	 1.15170E+03
 1.22947E+03	 1.16010E+03
 1.23367E+03	 1.16193E+03
 1.23787E+03	 1.17307E+03
 1.24207E+03	 1.18687E+03
 1.24627E+03	 1.19773E+03
 1.25046E+03	 1.20723E+03
 1.25465E+03	 1.23473E+03
 1.25884E+03	 1.25203E+03
 1.26303E+03	 1.26913E+03
 1.26721E+03	 1.28357E+03
 1.27140E+03	 1.28570E+03
 1.27558E+03	 1.26863E+03
 1.27975E+03	 1.28400E+03
 1.28393E+03	 1.27870E+03
 1.28811E+03	 1.26460E+03
 1.29228E+03	 1.27370E+03
 1.29645E+03	 1.25293E+03
 1.30062E+03	 1.23047E+03
 1.30478E+03	 1.21970E+03
 1.30895E+03	 1.21063E+03
 1.31311E+03	 1.20870E+03
 1.31727E+03	 1.21433E+03
 1.32142E+03	 1.20950E+03
 1.32558E+03	 1.22250E+03
 1.32973E+03	 1.23103E+03
 1.33388E+03	 1.22337E+03
 1.33803E+03	 1.21783E+03
 1.34218E+03	 1.22377E+03
 1.34632E+03	 1.21337E+03
 1.35047E+03	 1.21020E+03
 1.35461E+03	 1.20637E+03
 1.35875E+03	 1.21327E+03
 1.36288E+03	 1.23027E+03
 1.36702E+03	 1.22923E+03
 1.37115E+03	 1.21927E+03
 1.37528E+03	 1.21440E+03
 1.37941E+03	 1.21563E+03
 1.38353E+03	 1.20300E+03
 1.38766E+03	 1.20437E+03
 1.39178E+03	 1.20280E+03
 1.39590E+03	 1.19413E+03
 1.40001E+03	 1.19457E+03
 1.40413E+03	 1.19110E+03
 1.40824E+03	 1.18473E+03
 1.41235E+03	 1.19007E+03
 1.41646E+03	 1.17913E+03
 1.42057E+03	 1.18497E+03
 1.42468E+03	 1.18540E+03
 1.42878E+03	 1.18807E+03
 1.43288E+03	 1.17953E+03
 1.43698E+03	 1.17623E+03
 1.44107E+03	 1.17573E+03
 1.44517E+03	 1.17393E+03
 1.44926E+03	 1.17410E+03
 1.45335E+03	 1.16730E+03
 1.45744E+03	 1.18463E+03
 1.46153E+03	 1.22287E+03
 1.46561E+03	 1.27957E+03
 1.46969E+03	 1.35960E+03
 1.47377E+03	 1.46493E+03
 1.47785E+03	 1.53793E+03
 1.48193E+03	 1.58560E+03
 1.48600E+03	 1.58737E+03
 1.49007E+03	 1.53073E+03
 1.49414E+03	 1.42143E+03
 1.49821E+03	 1.32137E+03
 1.50228E+03	 1.21840E+03
 1.50634E+03	 1.14373E+03
 1.51040E+03	 1.09400E+03
 1.51446E+03	 1.06760E+03
 1.51852E+03	 1.05467E+03
 1.52258E+03	 1.04737E+03
 1.52663E+03	 1.03597E+03
 1.53068E+03	 1.03543E+03
 1.53473E+03	 1.03657E+03
 1.53878E+03	 1.02997E+03
 1.54282E+03	 1.02587E+03
 1.54687E+03	 1.03140E+03
 1.55091E+03	 1.03007E+03
 1.55495E+03	 1.02303E+03
 1.55899E+03	 1.02487E+03
 1.56302E+03	 1.02470E+03
 1.56705E+03	 1.02497E+03
 1.57109E+03	 1.02423E+03
 1.57512E+03	 1.02160E+03
 1.57914E+03	 1.02263E+03
 1.58317E+03	 1.02387E+03
 1.58719E+03	 1.02240E+03
 1.59121E+03	 1.02057E+03
 1.59523E+03	 1.02353E+03
 1.59925E+03	 1.02227E+03
 1.60326E+03	 1.02243E+03
 1.60728E+03	 1.02207E+03
 1.61129E+03	 1.01873E+03
 1.61530E+03	 1.02023E+03
 1.61930E+03	 1.02097E+03
 1.62331E+03	 1.02047E+03
 1.62731E+03	 1.01780E+03
 1.63131E+03	 1.01817E+03
 1.63531E+03	 1.01840E+03
 1.63931E+03	 1.01877E+03
 1.64330E+03	 1.01623E+03
 1.64730E+03	 1.01540E+03
 1.65129E+03	 1.01657E+03
 1.65528E+03	 1.01667E+03
 1.65926E+03	 1.01930E+03
 1.66325E+03	 1.01720E+03
 1.66723E+03	 1.02040E+03
 1.67121E+03	 1.01983E+03
 1.67519E+03	 1.01333E+03
 1.67917E+03	 1.01363E+03
 1.68314E+03	 1.01433E+03
 1.68712E+03	 1.01393E+03
 1.69109E+03	 1.01183E+03
 1.69506E+03	 1.01687E+03
 1.69903E+03	 1.01227E+03
 1.70299E+03	 1.00460E+03
 1.70695E+03	 1.00970E+03
 1.71092E+03	 1.01303E+03
 1.71487E+03	 1.00943E+03
 1.71883E+03	 1.00710E+03
 1.72279E+03	 1.00513E+03
 1.72674E+03	 1.00287E+03
 1.73069E+03	 1.00417E+03
 1.73464E+03	 1.00263E+03
 1.73859E+03	 1.00527E+03
 1.74253E+03	 1.00380E+03
 1.74648E+03	 1.00077E+03
 1.75042E+03	 1.00183E+03
 1.75436E+03	 1.00197E+03
 1.75830E+03	 1.00093E+03
 1.76223E+03	 9.99800E+02
 1.76617E+03	 9.97067E+02
 1.77010E+03	 1.00167E+03
 1.77403E+03	 9.97400E+02
 1.77796E+03	 9.98200E+02
 1.78188E+03	 9.98567E+02
 1.78581E+03	 1.00180E+03
 1.78973E+03	 9.97600E+02
 1.79365E+03	 9.98367E+02
 1.79757E+03	 9.97367E+02
 1.80148E+03	 1.00157E+03
 1.80540E+03	 9.98167E+02
 1.80931E+03	 1.00057E+03
 1.81322E+03	 1.00063E+03
 1.81713E+03	 9.96100E+02
 1.82104E+03	 9.97167E+02
 1.82494E+03	 1.00010E+03
 1.82884E+03	 9.96933E+02
 1.83274E+03	 9.98567E+02
 1.83664E+03	 9.97033E+02
 1.84054E+03	 9.96667E+02
 1.84443E+03	 9.95233E+02
 1.84833E+03	 9.96633E+02
 1.85222E+03	 9.98100E+02
 1.85611E+03	 9.97167E+02
 1.85999E+03	 9.98233E+02
 1.86388E+03	 9.94900E+02
 1.86776E+03	 9.98467E+02
 1.87164E+03	 9.92833E+02
 1.87552E+03	 9.93533E+02
 1.87940E+03	 9.96767E+02
 1.88328E+03	 9.92200E+02
 1.88715E+03	 9.95567E+02
 1.89102E+03	 9.92933E+02
 1.89489E+03	 9.91667E+02
 1.89876E+03	 9.93167E+02
 1.90263E+03	 9.94033E+02
 1.90649E+03	 9.93433E+02
 1.91035E+03	 9.94167E+02
 1.91421E+03	 9.96833E+02
 1.91807E+03	 9.95933E+02
 1.92193E+03	 9.94533E+02
 1.92578E+03	 9.89433E+02
 1.92964E+03	 9.92800E+02
 1.93349E+03	 9.93367E+02
 1.93734E+03	 9.97233E+02
 1.94118E+03	 9.94800E+02
 1.94503E+03	 9.91000E+02
 1.94887E+03	 9.96233E+02
 1.95271E+03	 9.93433E+02
 1.95655E+03	 9.94967E+02
 1.96039E+03	 9.92867E+02
 1.96423E+03	 9.94933E+02
 1.96806E+03	 9.90367E+02
 1.97189E+03	 9.91833E+02
 1.97572E+03	 9.97533E+02
 1.97955E+03	 9.93700E+02
 1.98338E+03	 9.92933E+02
 1.98720E+03	 9.90033E+02
 1.99103E+03	 9.94767E+02
 1.99485E+03	 9.91200E+02
 1.99866E+03	 9.91100E+02
 2.00248E+03	 9.93967E+02
 2.00630E+03	 9.91133E+02
 2.01011E+03	 9.89700E+02
 2.01392E+03	 9.91833E+02
 2.01773E+03	 9.94000E+02
 2.02154E+03	 9.93200E+02
 2.02534E+03	 9.90867E+02
 2.02915E+03	 9.91400E+02
 2.03295E+03	 9.96367E+02
 2.03675E+03	 9.93633E+02
 2.04055E+03	 9.90667E+02
 2.04435E+03	 9.91733E+02
 2.04814E+03	 9.92067E+02
 2.05193E+03	 9.90800E+02
 2.05572E+03	 9.89200E+02
 2.05951E+03	 9.93500E+02
 2.06330E+03	 9.92467E+02
 2.06708E+03	 9.95700E+02
 2.07087E+03	 9.88567E+02
 2.07465E+03	 9.87100E+02
 2.07843E+03	 9.92100E+02
 2.08221E+03	 9.93867E+02
 2.08598E+03	 9.92533E+02
 2.08976E+03	 9.88367E+02
 2.09353E+03	 9.91367E+02
 2.09730E+03	 9.93500E+02
 2.10107E+03	 9.92800E+02
 2.10484E+03	 9.89233E+02
 2.10860E+03	 9.92700E+02
 2.11236E+03	 9.90833E+02
 2.11613E+03	 9.91667E+02
 2.11989E+03	 9.91133E+02
 2.12364E+03	 9.93867E+02
 2.12740E+03	 9.89667E+02
 2.13115E+03	 9.94067E+02
 2.13490E+03	 9.89867E+02
 2.13866E+03	 9.91833E+02
 2.14240E+03	 9.96100E+02
 2.14615E+03	 9.92433E+02
 2.14990E+03	 9.88233E+02
 2.15364E+03	 9.90833E+02
 2.15738E+03	 9.95733E+02
 2.16112E+03	 9.91033E+02
 2.16486E+03	 9.90800E+02
 2.16859E+03	 9.92367E+02
 2.17233E+03	 9.94067E+02
 2.17606E+03	 9.90000E+02
 2.17979E+03	 9.90400E+02
 2.18352E+03	 9.91233E+02
 2.18724E+03	 9.89400E+02
 2.19097E+03	 9.90200E+02
 2.19469E+03	 9.90233E+02
 2.19841E+03	 9.89500E+02
 2.20213E+03	 9.90633E+02
 2.20585E+03	 9.89133E+02
 2.20956E+03	 9.86933E+02
 2.21328E+03	 9.88000E+02
 2.21699E+03	 9.85333E+02
 2.22070E+03	 9.91100E+02
 2.22441E+03	 9.90233E+02
 2.22812E+03	 9.90367E+02
 2.23182E+03	 9.89500E+02
 2.23552E+03	 9.84567E+02
 2.23923E+03	 9.87233E+02
 2.24293E+03	 9.89567E+02
 2.24662E+03	 9.90400E+02
 2.25032E+03	 9.87467E+02
 2.25401E+03	 9.86200E+02
 2.25771E+03	 9.87100E+02
 2.26140E+03	 9.88167E+02
 2.26509E+03	 9.83533E+02
 2.26877E+03	 9.84733E+02
 2.27246E+03	 9.83533E+02
 2.27614E+03	 9.85167E+02
 2.27982E+03	 9.84933E+02
 2.28350E+03	 9.85600E+02
 2.28718E+03	 9.84667E+02
 2.29086E+03	 9.85967E+02
 2.29453E+03	 9.81933E+02
 2.29820E+03	 9.83300E+02
 2.30188E+03	 9.86800E+02
 2.30555E+03	 9.82567E+02
 2.30921E+03	 9.84000E+02
 2.31288E+03	 9.87067E+02
 2.31654E+03	 9.86533E+02
 2.32020E+03	 9.88133E+02
 2.32386E+03	 9.87633E+02
 2.32752E+03	 9.85400E+02
 2.33118E+03	 9.84800E+02
 2.33484E+03	 9.87767E+02
 2.33849E+03	 9.86933E+02
 2.34214E+03	 9.89000E+02
 2.34579E+03	 9.91067E+02
 2.34944E+03	 9.89033E+02
 2.35308E+03	 9.86900E+02
 2.35673E+03	 9.85067E+02
 2.36037E+03	 9.86267E+02
 2.36401E+03	 9.87067E+02
 2.36765E+03	 9.88233E+02
 2.37129E+03	 9.89533E+02
 2.37492E+03	 9.91367E+02
 2.37856E+03	 9.87633E+02
 2.38219E+03	 9.90667E+02
 2.38582E+03	 9.92200E+02
 2.38945E+03	 9.93433E+02
 2.39308E+03	 9.93733E+02
 2.39670E+03	 9.91633E+02
 2.40033E+03	 9.91233E+02
 2.40395E+03	 9.90633E+02
 2.40757E+03	 9.88100E+02
 2.41119E+03	 9.86567E+02
 2.41480E+03	 9.95267E+02
 2.41842E+03	 9.91367E+02
 2.42203E+03	 9.88867E+02
 2.42564E+03	 9.88467E+02
 2.42925E+03	 9.89867E+02
 2.43286E+03	 9.87267E+02
 2.43647E+03	 9.89900E+02
 2.44007E+03	 9.88600E+02
 2.44367E+03	 9.87200E+02
 2.44727E+03	 9.88333E+02
 2.45087E+03	 9.91733E+02
 2.45447E+03	 9.90700E+02
 2.45807E+03	 9.90167E+02
 2.46166E+03	 9.87400E+02
 2.46525E+03	 9.89600E+02
 2.46884E+03	 9.91600E+02
 2.47243E+03	 9.91100E+02
 2.47602E+03	 9.91600E+02
 2.47960E+03	 9.92633E+02
 2.48319E+03	 9.91633E+02
 2.48677E+03	 9.95833E+02
 2.49035E+03	 9.92667E+02
 2.49393E+03	 9.92500E+02
 2.49751E+03	 9.94267E+02
 2.50108E+03	 9.93367E+02
 2.50465E+03	 9.95067E+02
 2.50823E+03	 9.95333E+02
 2.51180E+03	 9.96467E+02
 2.51536E+03	 9.93567E+02
 2.51893E+03	 9.99733E+02
 2.52250E+03	 9.99500E+02
 2.52606E+03	 1.00120E+03
 2.52962E+03	 9.98333E+02
 2.53318E+03	 1.00030E+03
 2.53674E+03	 1.00550E+03
 2.54029E+03	 1.00490E+03
 2.54385E+03	 1.00383E+03
 2.54740E+03	 1.00433E+03
 2.55095E+03	 1.00403E+03
 2.55450E+03	 1.00443E+03
 2.55805E+03	 1.00370E+03
 2.56160E+03	 1.00290E+03
 2.56514E+03	 1.00827E+03
 2.56868E+03	 1.01140E+03
 2.57222E+03	 1.00433E+03
 2.57576E+03	 1.00380E+03
 2.57930E+03	 1.00373E+03
 2.58284E+03	 1.00853E+03
 2.58637E+03	 1.00630E+03
 2.58991E+03	 1.00720E+03
 2.59344E+03	 1.00740E+03
 2.59697E+03	 1.00700E+03
 2.60049E+03	 1.01133E+03
 2.60402E+03	 1.00967E+03
 2.60754E+03	 1.00667E+03
 2.61107E+03	 1.00750E+03
 2.61459E+03	 1.00653E+03
 2.61811E+03	 1.00753E+03
 2.62162E+03	 1.01403E+03
 2.62514E+03	 1.00807E+03
 2.62865E+03	 1.01267E+03
 2.63217E+03	 1.01170E+03
 2.63568E+03	 1.01347E+03
 2.63919E+03	 1.01617E+03
 2.64269E+03	 1.01097E+03
 2.64620E+03	 1.01407E+03
 2.64970E+03	 1.01703E+03
 2.65321E+03	 1.02347E+03
 2.65671E+03	 1.02310E+03
 2.66021E+03	 1.02197E+03
 2.66370E+03	 1.02577E+03
 2.66720E+03	 1.02430E+03
 2.67069E+03	 1.03363E+03
 2.67419E+03	 1.02407E+03
 2.67768E+03	 1.03007E+03
 2.68117E+03	 1.03860E+03
 2.68466E+03	 1.03927E+03
 2.68814E+03	 1.04567E+03
 2.69163E+03	 1.04970E+03
 2.69511E+03	 1.04853E+03
 2.69859E+03	 1.05283E+03
 2.70207E+03	 1.05083E+03
 2.70555E+03	 1.06250E+03
 2.70902E+03	 1.06020E+03
 2.71250E+03	 1.06930E+03
 2.71597E+03	 1.07477E+03
 2.71944E+03	 1.07457E+03
 2.72291E+03	 1.08810E+03
 2.72638E+03	 1.09907E+03
 2.72984E+03	 1.10403E+03
 2.73331E+03	 1.11210E+03
 2.73677E+03	 1.12533E+03
 2.74023E+03	 1.12857E+03
 2.74369E+03	 1.13503E+03
 2.74715E+03	 1.14467E+03
 2.75061E+03	 1.14530E+03
 2.75406E+03	 1.16520E+03
 2.75752E+03	 1.15880E+03
 2.76097E+03	 1.15703E+03
 2.76442E+03	 1.14963E+03
 2.76786E+03	 1.16323E+03
 2.77131E+03	 1.16260E+03
 2.77476E+03	 1.15120E+03
 2.77820E+03	 1.14153E+03
 2.78164E+03	 1.14453E+03
 2.78508E+03	 1.15450E+03
 2.78852E+03	 1.14903E+03
 2.79196E+03	 1.15747E+03
 2.79539E+03	 1.15490E+03
 2.79883E+03	 1.15347E+03
 2.80226E+03	 1.17643E+03
 2.80569E+03	 1.16780E+03
 2.80912E+03	 1.17603E+03
 2.81254E+03	 1.19063E+03
 2.81597E+03	 1.20617E+03
 2.81939E+03	 1.22660E+03
 2.82282E+03	 1.23727E+03
 2.82624E+03	 1.23930E+03
 2.82966E+03	 1.26037E+03
 2.83307E+03	 1.27923E+03
 2.83649E+03	 1.31070E+03
 2.83990E+03	 1.33033E+03
 2.84332E+03	 1.35287E+03
 2.84673E+03	 1.40010E+03
 2.85014E+03	 1.40330E+03
 2.85354E+03	 1.45407E+03
 2.85695E+03	 1.50083E+03
 2.86036E+03	 1.56780E+03
 2.86376E+03	 1.60640E+03
 2.86716E+03	 1.63230E+03
 2.87056E+03	 1.69173E+03
 2.87396E+03	 1.82047E+03
 2.87736E+03	 1.93397E+03
 2.88075E+03	 2.03913E+03
 2.88414E+03	 2.14043E+03
 2.88754E+03	 2.25630E+03
 2.89093E+03	 2.40167E+03
 2.89431E+03	 2.49813E+03
 2.89770E+03	 2.62450E+03
 2.90109E+03	 2.64410E+03
 2.90447E+03	 2.62227E+03
 2.90785E+03	 2.61367E+03
 2.91123E+03	 2.49230E+03
 2.91461E+03	 2.45670E+03
 2.91799E+03	 2.42983E+03
 2.92137E+03	 2.40530E+03
 2.92474E+03	 2.37590E+03
 2.92811E+03	 2.42487E+03
 2.93149E+03	 2.41367E+03
 2.93486E+03	 2.44590E+03
 2.93822E+03	 2.44163E+03
 2.94159E+03	 2.45207E+03
 2.94496E+03	 2.55737E+03
 2.94832E+03	 2.58930E+03
 2.95168E+03	 2.58830E+03
 2.95504E+03	 2.56657E+03
 2.95840E+03	 2.58093E+03
 2.96176E+03	 2.53157E+03
 2.96511E+03	 2.46350E+03
 2.96847E+03	 2.47243E+03
 2.97182E+03	 2.34777E+03
 2.97517E+03	 2.25660E+03
 2.97852E+03	 2.15983E+03
 2.98187E+03	 2.12173E+03
 2.98521E+03	 2.00707E+03
 2.98856E+03	 1.83097E+03
 2.99190E+03	 1.71910E+03
 2.99524E+03	 1.61250E+03
 2.99858E+03	 1.50090E+03
 3.00192E+03	 1.42563E+03
 3.00526E+03	 1.35887E+03
 3.00859E+03	 1.31210E+03
 3.01193E+03	 1.24160E+03
 3.01526E+03	 1.20793E+03
 3.01859E+03	 1.17957E+03
 3.02192E+03	 1.15170E+03
 3.02525E+03	 1.13583E+03
 3.02857E+03	 1.12660E+03
 3.03190E+03	 1.10833E+03
 3.03522E+03	 1.09097E+03
 3.03854E+03	 1.08513E+03
 3.04186E+03	 1.08573E+03
 3.04518E+03	 1.08503E+03
 3.04850E+03	 1.07937E+03
 3.05181E+03	 1.06403E+03
 3.05512E+03	 1.06660E+03
 3.05844E+03	 1.07417E+03
 3.06175E+03	 1.05633E+03
 3.06506E+03	 1.06623E+03
 3.06836E+03	 1.06353E+03
 3.07167E+03	 1.05983E+03
 3.07497E+03	 1.06467E+03
 3.07828E+03	 1.05637E+03
 3.08158E+03	 1.05967E+03
 3.08488E+03	 1.05897E+03
 3.08818E+03	 1.06743E+03
 3.09147E+03	 1.06403E+03
 3.09477E+03	 1.05677E+03
 3.09806E+03	 1.06560E+03
 3.10135E+03	 1.06753E+03
 3.10464E+03	 1.06713E+03
 3.10793E+03	 1.06553E+03
 3.11122E+03	 1.06873E+03
 3.11451E+03	 1.07613E+03
 3.11779E+03	 1.08290E+03
 3.12107E+03	 1.07993E+03
 3.12436E+03	 1.08917E+03
 3.12764E+03	 1.09390E+03
 3.13091E+03	 1.09307E+03
 3.13419E+03	 1.08893E+03
 3.13747E+03	 1.09577E+03
 3.14074E+03	 1.10250E+03
 3.14401E+03	 1.09947E+03
 3.14728E+03	 1.11423E+03
 3.15055E+03	 1.11793E+03
 3.15382E+03	 1.10373E+03
 3.15709E+03	 1.11757E+03
 3.16035E+03	 1.13057E+03
 3.16362E+03	 1.12860E+03
 3.16688E+03	 1.13230E+03
 3.17014E+03	 1.12713E+03
 3.17340E+03	 1.15093E+03
 3.17665E+03	 1.14920E+03
 3.17991E+03	 1.14670E+03
 3.18316E+03	 1.14440E+03
 3.18642E+03	 1.15787E+03
 3.18967E+03	 1.16157E+03
 3.19292E+03	 1.15867E+03
 3.19617E+03	 1.17380E+03
 3.19941E+03	 1.18173E+03
 3.20266E+03	 1.18423E+03
 3.20590E+03	 1.18077E+03
 3.20914E+03	 1.19040E+03
 3.21238E+03	 1.18960E+03
 3.21562E+03	 1.20450E+03
 3.21886E+03	 1.19850E+03
 3.22210E+03	 1.19400E+03
 3.22533E+03	 1.21187E+03
 3.22857E+03	 1.22640E+03
 3.23180E+03	 1.20497E+03
 3.23503E+03	 1.23077E+03
 3.23826E+03	 1.22693E+03
 3.24148E+03	 1.24640E+03
 3.24471E+03	 1.24577E+03
 3.24793E+03	 1.23983E+03
 3.25116E+03	 1.24770E+03
 3.25438E+03	 1.26027E+03
 3.25760E+03	 1.26253E+03
 3.26082E+03	 1.24957E+03
 3.26403E+03	 1.25450E+03
 3.26725E+03	 1.27237E+03
 3.27046E+03	 1.25310E+03
 3.27368E+03	 1.25440E+03
 3.27689E+03	 1.27337E+03
 3.28010E+03	 1.27887E+03
 3.28331E+03	 1.27387E+03
 3.28651E+03	 1.28040E+03
 3.28972E+03	 1.27727E+03
 3.29292E+03	 1.27773E+03
 3.29612E+03	 1.27780E+03
 3.29932E+03	 1.27733E+03
 3.30252E+03	 1.27377E+03
 3.30572E+03	 1.28350E+03
 3.30892E+03	 1.27783E+03
 3.31211E+03	 1.27680E+03
 3.31531E+03	 1.28800E+03
 3.31850E+03	 1.28583E+03
 3.32169E+03	 1.27550E+03
 3.32488E+03	 1.29843E+03
 3.32807E+03	 1.30110E+03
 3.33125E+03	 1.30157E+03
 3.33444E+03	 1.28867E+03
 3.33762E+03	 1.31720E+03
 3.34080E+03	 1.30153E+03
 3.34398E+03	 1.29697E+03
 3.34716E+03	 1.30290E+03
 3.35034E+03	 1.29643E+03
 3.35351E+03	 1.30230E+03
 3.35669E+03	 1.32597E+03
 3.35986E+03	 1.32597E+03
 3.36303E+03	 1.30983E+03
 3.36620E+03	 1.29767E+03
 3.36937E+03	 1.31793E+03
 3.37254E+03	 1.31310E+03
 3.37570E+03	 1.31200E+03
 3.37887E+03	 1.29607E+03
 3.38203E+03	 1.29003E+03
 3.38519E+03	 1.31443E+03
 3.38835E+03	 1.30793E+03
 3.39151E+03	 1.31640E+03
 3.39467E+03	 1.33843E+03
 3.39782E+03	 1.34477E+03
 3.40098E+03	 1.32347E+03
 3.40413E+03	 1.27273E+03
 3.40728E+03	 1.28557E+03
 3.41043E+03	 1.32523E+03
 3.41358E+03	 1.33370E+03
 3.41673E+03	 1.31360E+03
 3.41987E+03	 1.30830E+03
 3.42302E+03	 1.30537E+03
 3.42616E+03	 1.30363E+03
 3.42930E+03	 1.28567E+03
 3.43244E+03	 1.28300E+03
 3.43558E+03	 1.27650E+03
 3.43872E+03	 1.29920E+03
 3.44185E+03	 1.29757E+03
 3.44499E+03	 1.30580E+03
 3.44812E+03	 1.28420E+03
 3.45125E+03	 1.27173E+03
 3.45438E+03	 1.25753E+03
 3.45751E+03	 1.27083E+03
 3.46064E+03	 1.25127E+03
 3.46376E+03	 1.26130E+03
 3.46689E+03	 1.25107E+03
 3.47001E+03	 1.26707E+03
 3.47313E+03	 1.25440E+03
 3.47625E+03	 1.23733E+03
 3.47937E+03	 1.23837E+03
 3.48249E+03	 1.22920E+03
 3.48560E+03	 1.23193E+03
 3.48872E+03	 1.20220E+03
 3.49183E+03	 1.21870E+03
 3.49494E+03	 1.21430E+03
 3.49805E+03	 1.19267E+03
 3.50116E+03	 1.19230E+03
 3.50427E+03	 1.19883E+03
 3.50737E+03	 1.18790E+03
 3.51048E+03	 1.18057E+03
 3.51358E+03	 1.18023E+03
 3.51668E+03	 1.15553E+03
 3.51978E+03	 1.16250E+03
 3.52288E+03	 1.17037E+03
 3.52598E+03	 1.14043E+03
 3.52907E+03	 1.13207E+03
 3.53217E+03	 1.13957E+03
 3.53526E+03	 1.13530E+03
 3.53835E+03	 1.11643E+03
 3.54144E+03	 1.11430E+03
 3.54453E+03	 1.11127E+03
 3.54762E+03	 1.10937E+03
 3.55071E+03	 1.10650E+03
 3.55379E+03	 1.09290E+03
 3.55687E+03	 1.09343E+03
 3.55996E+03	 1.09087E+03
 3.56304E+03	 1.08600E+03
 3.56612E+03	 1.07560E+03
 3.56919E+03	 1.08507E+03
 3.57227E+03	 1.07857E+03
 3.57535E+03	 1.06617E+03
 3.57842E+03	 1.06570E+03
 3.58149E+03	 1.05867E+03
 3.58456E+03	 1.05463E+03
 3.58763E+03	 1.04197E+03
 3.59070E+03	 1.03470E+03
 3.59377E+03	 1.03143E+03
 3.59683E+03	 1.03113E+03
 3.59990E+03	 1.03627E+03
 3.60296E+03	 1.02437E+03
 3.60602E+03	 1.02230E+03
 3.60908E+03	 1.01757E+03
 3.61214E+03	 1.01173E+03
 3.61519E+03	 1.00347E+03
 3.61825E+03	 1.00537E+03
 3.62130E+03	 9.98700E+02
 3.62436E+03	 1.00093E+03
 3.62741E+03	 9.99300E+02
 3.63046E+03	 9.93967E+02
 3.63351E+03	 9.82567E+02
 3.63656E+03	 9.82267E+02
 3.63960E+03	 9.83933E+02
 3.64265E+03	 9.80467E+02
 3.64569E+03	 9.79867E+02
 3.64873E+03	 9.74933E+02
 3.65177E+03	 9.69567E+02
 3.65481E+03	 9.64467E+02
 3.65785E+03	 9.64200E+02
 3.66089E+03	 9.65167E+02
 3.66392E+03	 9.65367E+02
 3.66695E+03	 9.64133E+02
 3.66999E+03	 9.58767E+02
 3.67302E+03	 9.57367E+02
 3.67605E+03	 9.57867E+02
 3.67908E+03	 9.59467E+02
 3.68210E+03	 9.55233E+02
 3.68513E+03	 9.54900E+02
 3.68815E+03	 9.53800E+02
 3.69117E+03	 9.52467E+02
 3.69420E+03	 9.50900E+02
 3.69722E+03	 9.47000E+02
 3.70023E+03	 9.46000E+02
 3.70325E+03	 9.47733E+02
 3.70627E+03	 9.46000E+02
 3.70928E+03	 9.47267E+02
 3.71230E+03	 9.49000E+02
 3.71531E+03	 9.43467E+02
 3.71832E+03	 9.41733E+02
 3.72133E+03	 9.42600E+02
 3.72434E+03	 9.43900E+02
 3.72734E+03	 9.43933E+02
 3.73035E+03	 9.42567E+02
 3.73335E+03	 9.42200E+02
 3.73635E+03	 9.39400E+02
 3.73936E+03	 9.39200E+02
 3.74236E+03	 9.41033E+02
 3.74535E+03	 9.40333E+02
 3.74835E+03	 9.41000E+02
 3.75135E+03	 9.35600E+02
 3.75434E+03	 9.36533E+02
 3.75733E+03	 9.39267E+02
 3.76033E+03	 9.36300E+02
 3.76332E+03	 9.36433E+02
 3.76631E+03	 9.35600E+02
 3.76929E+03	 9.37067E+02
 3.77228E+03	 9.34100E+02
 3.77527E+03	 9.36033E+02
 3.77825E+03	 9.35500E+02
 3.78123E+03	 9.36133E+02
 3.78421E+03	 9.38633E+02
 3.78719E+03	 9.34200E+02
