-1.40382E+02	 9.05467E+02
-1.35457E+02	 9.06500E+02
-1.30535E+02	 9.06300E+02
-1.25616E+02	 9.06500E+02
-1.20700E+02	 9.07300E+02
-1.15786E+02	 9.06800E+02
-1.10875E+02	 9.08433E+02
-1.05967E+02	 9.07200E+02
-1.01061E+02	 9.07600E+02
-9.61580E+01	 9.08933E+02
-9.12576E+01	 9.07900E+02
-8.63599E+01	 9.07500E+02
-8.14648E+01	 9.07700E+02
-7.65724E+01	 9.06900E+02
-7.16827E+01	 9.08367E+02
-6.67956E+01	 9.09600E+02
-6.19111E+01	 9.09667E+02
-5.70293E+01	 9.07967E+02
-5.21502E+01	 9.07900E+02
-4.72737E+01	 9.07767E+02
-4.23998E+01	 9.09733E+02
-3.75286E+01	 9.10600E+02
-3.26600E+01	 9.10967E+02
-2.77941E+01	 9.12267E+02
-2.29308E+01	 9.12700E+02
-1.80701E+01	 9.14700E+02
-1.32121E+01	 9.17867E+02
-8.35667E+00	 9.21067E+02
-3.50389E+00	 9.27000E+02
 1.34626E+00	 9.56867E+02
 6.19379E+00	 1.39250E+03
 1.10387E+01	 5.13507E+03
 1.58810E+01	 6.83377E+03
 2.07207E+01	 3.54920E+03
 2.55577E+01	 1.11777E+03
 3.03922E+01	 9.30800E+02
 3.52240E+01	 9.18467E+02
 4.00532E+01	 9.14733E+02
 4.48798E+01	 9.12267E+02
 4.97038E+01	 9.11667E+02
 5.45252E+01	 9.10267E+02
 5.93440E+01	 9.12533E+02
 6.41602E+01	 9.11867E+02
 6.89738E+01	 9.14367E+02
 7.37848E+01	 9.25600E+02
 7.85932E+01	 9.57733E+02
 8.33991E+01	 1.06253E+03
 8.82023E+01	 1.25230E+03
 9.30029E+01	 1.46380E+03
 9.78010E+01	 1.58330E+03
 1.02596E+02	 1.61627E+03
 1.07389E+02	 1.61417E+03
 1.12180E+02	 1.60183E+03
 1.16967E+02	 1.55260E+03
 1.21753E+02	 1.52310E+03
 1.26535E+02	 1.49407E+03
 1.31315E+02	 1.47107E+03
 1.36093E+02	 1.45247E+03
 1.40867E+02	 1.44480E+03
 1.45640E+02	 1.42830E+03
 1.50409E+02	 1.40037E+03
 1.55177E+02	 1.38443E+03
 1.59941E+02	 1.36640E+03
 1.64703E+02	 1.33613E+03
 1.69463E+02	 1.31853E+03
 1.74220E+02	 1.31457E+03
 1.78974E+02	 1.30160E+03
 1.83726E+02	 1.27957E+03
 1.88475E+02	 1.27520E+03
 1.93222E+02	 1.25673E+03
 1.97966E+02	 1.23933E+03
 2.02708E+02	 1.24017E+03
 2.07447E+02	 1.22683E+03
 2.12184E+02	 1.22563E+03
 2.16918E+02	 1.21727E+03
 2.21649E+02	 1.20520E+03
 2.26378E+02	 1.20503E+03
 2.31105E+02	 1.19410E+03
 2.35829E+02	 1.17930E+03
 2.40550E+02	 1.17817E+03
 2.45269E+02	 1.17257E+03
 2.49985E+02	 1.16650E+03
 2.54699E+02	 1.16117E+03
 2.59410E+02	 1.15537E+03
 2.64119E+02	 1.15233E+03
 2.68825E+02	 1.14643E+03
 2.73529E+02	 1.14333E+03
 2.78230E+02	 1.14240E+03
 2.82929E+02	 1.13900E+03
 2.87625E+02	 1.12700E+03
 2.92319E+02	 1.12637E+03
 2.97010E+02	 1.12200E+03
 3.01699E+02	 1.12213E+03
 3.06385E+02	 1.12087E+03
 3.11069E+02	 1.12520E+03
 3.15750E+02	 1.11843E+03
 3.20428E+02	 1.11490E+03
 3.25105E+02	 1.11987E+03
 3.29778E+02	 1.11760E+03
 3.34450E+02	 1.12137E+03
 3.39118E+02	 1.12130E+03
 3.43785E+02	 1.11830E+03
 3.48448E+02	 1.12380E+03
 3.53110E+02	 1.11433E+03
 3.57768E+02	 1.10873E+03
 3.62425E+02	 1.10763E+03
 3.67079E+02	 1.09617E+03
 3.71730E+02	 1.09267E+03
 3.76379E+02	 1.08610E+03
 3.81025E+02	 1.08767E+03
 3.85669E+02	 1.09267E+03
 3.90311E+02	 1.11440E+03
 3.94950E+02	 1.12457E+03
 3.99586E+02	 1.12797E+03
 4.04220E+02	 1.12703E+03
 4.08852E+02	 1.12613E+03
 4.13481E+02	 1.14380E+03
 4.18108E+02	 1.16127E+03
 4.22732E+02	 1.20533E+03
 4.27354E+02	 1.25070E+03
 4.31973E+02	 1.28037E+03
 4.36590E+02	 1.27013E+03
 4.41205E+02	 1.24403E+03
 4.45817E+02	 1.20447E+03
 4.50426E+02	 1.18377E+03
 4.55034E+02	 1.15533E+03
 4.59638E+02	 1.14477E+03
 4.64241E+02	 1.12960E+03
 4.68840E+02	 1.11917E+03
 4.73438E+02	 1.12083E+03
 4.78033E+02	 1.13703E+03
 4.82625E+02	 1.17247E+03
 4.87215E+02	 1.22813E+03
 4.91803E+02	 1.29777E+03
 4.96388E+02	 1.37860E+03
 5.00971E+02	 1.43067E+03
 5.05552E+02	 1.42237E+03
 5.10129E+02	 1.38967E+03
 5.14705E+02	 1.32117E+03
 5.19278E+02	 1.25280E+03
 5.23849E+02	 1.19227E+03
 5.28417E+02	 1.15037E+03
 5.32983E+02	 1.11670E+03
 5.37547E+02	 1.10130E+03
 5.42108E+02	 1.09917E+03
 5.46666E+02	 1.09653E+03
 5.51223E+02	 1.10357E+03
 5.55777E+02	 1.10817E+03
 5.60328E+02	 1.11983E+03
 5.64877E+02	 1.13120E+03
 5.69424E+02	 1.13400E+03
 5.73968E+02	 1.12107E+03
 5.78510E+02	 1.11373E+03
 5.83049E+02	 1.09830E+03
 5.87587E+02	 1.08930E+03
 5.92121E+02	 1.08783E+03
 5.96654E+02	 1.07743E+03
 6.01184E+02	 1.06903E+03
 6.05711E+02	 1.06627E+03
 6.10236E+02	 1.05940E+03
 6.14759E+02	 1.06630E+03
 6.19280E+02	 1.06310E+03
 6.23798E+02	 1.06540E+03
 6.28313E+02	 1.06040E+03
 6.32827E+02	 1.06467E+03
 6.37338E+02	 1.05823E+03
 6.41846E+02	 1.05897E+03
 6.46352E+02	 1.06573E+03
 6.50856E+02	 1.07007E+03
 6.55358E+02	 1.07340E+03
 6.59857E+02	 1.08183E+03
 6.64354E+02	 1.09517E+03
 6.68848E+02	 1.10450E+03
 6.73340E+02	 1.11460E+03
 6.77830E+02	 1.12777E+03
 6.82317E+02	 1.14587E+03
 6.86802E+02	 1.16947E+03
 6.91285E+02	 1.18210E+03
 6.95765E+02	 1.18493E+03
 7.00243E+02	 1.16320E+03
 7.04718E+02	 1.13233E+03
 7.09192E+02	 1.10150E+03
 7.13663E+02	 1.08487E+03
 7.18131E+02	 1.06943E+03
 7.22597E+02	 1.05953E+03
 7.27061E+02	 1.05757E+03
 7.31523E+02	 1.05047E+03
 7.35982E+02	 1.05263E+03
 7.40439E+02	 1.04877E+03
 7.44894E+02	 1.04493E+03
 7.49346E+02	 1.04833E+03
 7.53796E+02	 1.04440E+03
 7.58243E+02	 1.04387E+03
 7.62689E+02	 1.04457E+03
 7.67132E+02	 1.04003E+03
 7.71572E+02	 1.04673E+03
 7.76011E+02	 1.04933E+03
 7.80447E+02	 1.04563E+03
 7.84880E+02	 1.04750E+03
 7.89312E+02	 1.05930E+03
 7.93741E+02	 1.06143E+03
 7.98167E+02	 1.07503E+03
 8.02592E+02	 1.08353E+03
 8.07014E+02	 1.08207E+03
 8.11434E+02	 1.08927E+03
 8.15851E+02	 1.09487E+03
 8.20267E+02	 1.11470E+03
 8.24680E+02	 1.15180E+03
 8.29090E+02	 1.24023E+03
 8.33499E+02	 1.33347E+03
 8.37905E+02	 1.39567E+03
 8.42309E+02	 1.39130E+03
 8.46710E+02	 1.35890E+03
 8.51109E+02	 1.34970E+03
 8.55506E+02	 1.42757E+03
 8.59901E+02	 1.53903E+03
 8.64293E+02	 1.64530E+03
 8.68683E+02	 1.69307E+03
 8.73071E+02	 1.66557E+03
 8.77456E+02	 1.60300E+03
 8.81840E+02	 1.52740E+03
 8.86221E+02	 1.44700E+03
 8.90599E+02	 1.35693E+03
 8.94976E+02	 1.24083E+03
 8.99350E+02	 1.16920E+03
 9.03722E+02	 1.13077E+03
 9.08091E+02	 1.11507E+03
 9.12459E+02	 1.12293E+03
 9.16824E+02	 1.15580E+03
 9.21187E+02	 1.19983E+03
 9.25547E+02	 1.26213E+03
 9.29905E+02	 1.30810E+03
 9.34261E+02	 1.36050E+03
 9.38615E+02	 1.39400E+03
 9.42967E+02	 1.41280E+03
 9.47316E+02	 1.39023E+03
 9.51663E+02	 1.30263E+03
 9.56008E+02	 1.20677E+03
 9.60350E+02	 1.14550E+03
 9.64691E+02	 1.09630E+03
 9.69029E+02	 1.07993E+03
 9.73364E+02	 1.08203E+03
 9.77698E+02	 1.08733E+03
 9.82029E+02	 1.11313E+03
 9.86358E+02	 1.15143E+03
 9.90685E+02	 1.18827E+03
 9.95010E+02	 1.20717E+03
 9.99332E+02	 1.19363E+03
 1.00365E+03	 1.15720E+03
 1.00797E+03	 1.11933E+03
 1.01229E+03	 1.10060E+03
 1.01660E+03	 1.09370E+03
 1.02091E+03	 1.09657E+03
 1.02522E+03	 1.10030E+03
 1.02953E+03	 1.11717E+03
 1.03383E+03	 1.14480E+03
 1.03813E+03	 1.18000E+03
 1.04243E+03	 1.24243E+03
 1.04673E+03	 1.32717E+03
 1.05103E+03	 1.41803E+03
 1.05532E+03	 1.52227E+03
 1.05961E+03	 1.62937E+03
 1.06390E+03	 1.68580E+03
 1.06819E+03	 1.75330E+03
 1.07247E+03	 1.75673E+03
 1.07676E+03	 1.77450E+03
 1.08104E+03	 1.76537E+03
 1.08531E+03	 1.71793E+03
 1.08959E+03	 1.65947E+03
 1.09386E+03	 1.60070E+03
 1.09813E+03	 1.58043E+03
 1.10240E+03	 1.57760E+03
 1.10667E+03	 1.57123E+03
 1.11094E+03	 1.55800E+03
 1.11520E+03	 1.53090E+03
 1.11946E+03	 1.52843E+03
 1.12372E+03	 1.52963E+03
 1.12797E+03	 1.54133E+03
 1.13223E+03	 1.54343E+03
 1.13648E+03	 1.48667E+03
 1.14073E+03	 1.40157E+03
 1.14498E+03	 1.29910E+03
 1.14922E+03	 1.21277E+03
 1.15347E+03	 1.15133E+03
 1.15771E+03	 1.11390E+03
 1.16194E+03	 1.09523E+03
 1.16618E+03	 1.08517E+03
 1.17042E+03	 1.07443E+03
 1.17465E+03	 1.07383E+03
 1.17888E+03	 1.06903E+03
 1.18311E+03	 1.06527E+03
 1.18733E+03	 1.07073E+03
 1.19156E+03	 1.07410E+03
 1.19578E+03	 1.08360E+03
 1.20000E+03	 1.09343E+03
 1.20421E+03	 1.11340E+03
 1.20843E+03	 1.13100E+03
 1.21264E+03	 1.15173E+03
 1.21685E+03	 1.17083E+03
 1.22106E+03	 1.19033E+03
 1.22527E+03	 1.21663E+03
 1.22947E+03	 1.23240E+03
 1.23367E+03	 1.23880E+03
 1.23787E+03	 1.24843E+03
 1.24207E+03	 1.27063E+03
 1.24627E+03	 1.29630E+03
 1.25046E+03	 1.31500E+03
 1.25465E+03	 1.34337E+03
 1.25884E+03	 1.37877E+03
 1.26303E+03	 1.39603E+03
 1.26721E+03	 1.41323E+03
 1.27140E+03	 1.41813E+03
 1.27558E+03	 1.40157E+03
 1.27975E+03	 1.40430E+03
 1.28393E+03	 1.40453E+03
 1.28811E+03	 1.39887E+03
 1.29228E+03	 1.39073E+03
 1.29645E+03	 1.35423E+03
 1.30062E+03	 1.33700E+03
 1.30478E+03	 1.32490E+03
 1.30895E+03	 1.29547E+03
 1.31311E+03	 1.30180E+03
 1.31727E+03	 1.30633E+03
 1.32142E+03	 1.29247E+03
 1.32558E+03	 1.30803E+03
 1.32973E+03	 1.31623E+03
 1.33388E+03	 1.32073E+03
 1.33803E+03	 1.31757E+03
 1.34218E+03	 1.32050E+03
 1.34632E+03	 1.30857E+03
 1.35047E+03	 1.30387E+03
 1.35461E+03	 1.29203E+03
 1.35875E+03	 1.30557E+03
 1.36288E+03	 1.31953E+03
 1.36702E+03	 1.32297E+03
 1.37115E+03	 1.30977E+03
 1.37528E+03	 1.30600E+03
 1.37941E+03	 1.30270E+03
 1.38353E+03	 1.28527E+03
 1.38766E+03	 1.27990E+03
 1.39178E+03	 1.27817E+03
 1.39590E+03	 1.27217E+03
 1.40001E+03	 1.27520E+03
 1.40413E+03	 1.26487E+03
 1.40824E+03	 1.26627E+03
 1.41235E+03	 1.26233E+03
 1.41646E+03	 1.25673E+03
 1.42057E+03	 1.25877E+03
 1.42468E+03	 1.26103E+03
 1.42878E+03	 1.25407E+03
 1.43288E+03	 1.24990E+03
 1.43698E+03	 1.24123E+03
 1.44107E+03	 1.23173E+03
 1.44517E+03	 1.22930E+03
 1.44926E+03	 1.23027E+03
 1.45335E+03	 1.23060E+03
 1.45744E+03	 1.25320E+03
 1.46153E+03	 1.29923E+03
 1.46561E+03	 1.38023E+03
 1.46969E+03	 1.49563E+03
 1.47377E+03	 1.64640E+03
 1.47785E+03	 1.75130E+03
 1.48193E+03	 1.81920E+03
 1.48600E+03	 1.80450E+03
 1.49007E+03	 1.71550E+03
 1.49414E+03	 1.57247E+03
 1.49821E+03	 1.42530E+03
 1.50228E+03	 1.28687E+03
 1.50634E+03	 1.19197E+03
 1.51040E+03	 1.12023E+03
 1.51446E+03	 1.08643E+03
 1.51852E+03	 1.07323E+03
 1.52258E+03	 1.06020E+03
 1.52663E+03	 1.04677E+03
 1.53068E+03	 1.04380E+03
 1.53473E+03	 1.03703E+03
 1.53878E+03	 1.03537E+03
 1.54282E+03	 1.03017E+03
 1.54687E+03	 1.03193E+03
 1.55091E+03	 1.03217E+03
 1.55495E+03	 1.02703E+03
 1.55899E+03	 1.02387E+03
 1.56302E+03	 1.02460E+03
 1.56705E+03	 1.02400E+03
 1.57109E+03	 1.02090E+03
 1.57512E+03	 1.01910E+03
 1.57914E+03	 1.02173E+03
 1.58317E+03	 1.02167E+03
 1.58719E+03	 1.02043E+03
 1.59121E+03	 1.02103E+03
 1.59523E+03	 1.01990E+03
 1.59925E+03	 1.01883E+03
 1.60326E+03	 1.01613E+03
 1.60728E+03	 1.01670E+03
 1.61129E+03	 1.01483E+03
 1.61530E+03	 1.01407E+03
 1.61930E+03	 1.01537E+03
 1.62331E+03	 1.01650E+03
 1.62731E+03	 1.01197E+03
 1.63131E+03	 1.01377E+03
 1.63531E+03	 1.01150E+03
 1.63931E+03	 1.01140E+03
 1.64330E+03	 1.01120E+03
 1.64730E+03	 1.01237E+03
 1.65129E+03	 1.00957E+03
 1.65528E+03	 1.01400E+03
 1.65926E+03	 1.01263E+03
 1.66325E+03	 1.01413E+03
 1.66723E+03	 1.01583E+03
 1.67121E+03	 1.01127E+03
 1.67519E+03	 1.00647E+03
 1.67917E+03	 1.01113E+03
 1.68314E+03	 1.00827E+03
 1.68712E+03	 1.00850E+03
 1.69109E+03	 1.00457E+03
 1.69506E+03	 1.00787E+03
 1.69903E+03	 1.00380E+03
 1.70299E+03	 1.00050E+03
 1.70695E+03	 1.00370E+03
 1.71092E+03	 1.00153E+03
 1.71487E+03	 9.99600E+02
 1.71883E+03	 9.98833E+02
 1.72279E+03	 9.95600E+02
 1.72674E+03	 9.94533E+02
 1.73069E+03	 9.96667E+02
 1.73464E+03	 9.96000E+02
 1.73859E+03	 9.97367E+02
 1.74253E+03	 9.95233E+02
 1.74648E+03	 9.93133E+02
 1.75042E+03	 9.96300E+02
 1.75436E+03	 9.93200E+02
 1.75830E+03	 9.94467E+02
 1.76223E+03	 9.90867E+02
 1.76617E+03	 9.91800E+02
 1.77010E+03	 9.95567E+02
 1.77403E+03	 9.91867E+02
 1.77796E+03	 9.88500E+02
 1.78188E+03	 9.88067E+02
 1.78581E+03	 9.90567E+02
 1.78973E+03	 9.90167E+02
 1.79365E+03	 9.92133E+02
 1.79757E+03	 9.90400E+02
 1.80148E+03	 9.90800E+02
 1.80540E+03	 9.86667E+02
 1.80931E+03	 9.91300E+02
 1.81322E+03	 9.91233E+02
 1.81713E+03	 9.90367E+02
 1.82104E+03	 9.88800E+02
 1.82494E+03	 9.87867E+02
 1.82884E+03	 9.88700E+02
 1.83274E+03	 9.90033E+02
 1.83664E+03	 9.86033E+02
 1.84054E+03	 9.87967E+02
 1.84443E+03	 9.88267E+02
 1.84833E+03	 9.90633E+02
 1.85222E+03	 9.90933E+02
 1.85611E+03	 9.87833E+02
 1.85999E+03	 9.88400E+02
 1.86388E+03	 9.86200E+02
 1.86776E+03	 9.87533E+02
 1.87164E+03	 9.85667E+02
 1.87552E+03	 9.86333E+02
 1.87940E+03	 9.87233E+02
 1.88328E+03	 9.85533E+02
 1.88715E+03	 9.86600E+02
 1.89102E+03	 9.86233E+02
 1.89489E+03	 9.86600E+02
 1.89876E+03	 9.85333E+02
 1.90263E+03	 9.88667E+02
 1.90649E+03	 9.90433E+02
 1.91035E+03	 9.90233E+02
 1.91421E+03	 9.90267E+02
 1.91807E+03	 9.87167E+02
 1.92193E+03	 9.87100E+02
 1.92578E+03	 9.86133E+02
 1.92964E+03	 9.87600E+02
 1.93349E+03	 9.89667E+02
 1.93734E+03	 9.89367E+02
 1.94118E+03	 9.86800E+02
 1.94503E+03	 9.87867E+02
 1.94887E+03	 9.91433E+02
 1.95271E+03	 9.88533E+02
 1.95655E+03	 9.88700E+02
 1.96039E+03	 9.89200E+02
 1.96423E+03	 9.86633E+02
 1.96806E+03	 9.87333E+02
 1.97189E+03	 9.90733E+02
 1.97572E+03	 9.91900E+02
 1.97955E+03	 9.91567E+02
 1.98338E+03	 9.88133E+02
 1.98720E+03	 9.88000E+02
 1.99103E+03	 9.87900E+02
 1.99485E+03	 9.87467E+02
 1.99866E+03	 9.86067E+02
 2.00248E+03	 9.90067E+02
 2.00630E+03	 9.90033E+02
 2.01011E+03	 9.89633E+02
 2.01392E+03	 9.89633E+02
 2.01773E+03	 9.89967E+02
 2.02154E+03	 9.91200E+02
 2.02534E+03	 9.89767E+02
 2.02915E+03	 9.91633E+02
 2.03295E+03	 9.94067E+02
 2.03675E+03	 9.91367E+02
 2.04055E+03	 9.87200E+02
 2.04435E+03	 9.92200E+02
 2.04814E+03	 9.93633E+02
 2.05193E+03	 9.88067E+02
 2.05572E+03	 9.91167E+02
 2.05951E+03	 9.90600E+02
 2.06330E+03	 9.91867E+02
 2.06708E+03	 9.92267E+02
 2.07087E+03	 9.86933E+02
 2.07465E+03	 9.86300E+02
 2.07843E+03	 9.92233E+02
 2.08221E+03	 9.93567E+02
 2.08598E+03	 9.95067E+02
 2.08976E+03	 9.91300E+02
 2.09353E+03	 9.93967E+02
 2.09730E+03	 9.90633E+02
 2.10107E+03	 9.94200E+02
 2.10484E+03	 9.94033E+02
 2.10860E+03	 9.93333E+02
 2.11236E+03	 9.93567E+02
 2.11613E+03	 9.92633E+02
 2.11989E+03	 9.94100E+02
 2.12364E+03	 9.96967E+02
 2.12740E+03	 9.94467E+02
 2.13115E+03	 9.96867E+02
 2.13490E+03	 9.96300E+02
 2.13866E+03	 9.94733E+02
 2.14240E+03	 9.92867E+02
 2.14615E+03	 9.94733E+02
 2.14990E+03	 9.97300E+02
 2.15364E+03	 9.97600E+02
 2.15738E+03	 9.99967E+02
 2.16112E+03	 9.95033E+02
 2.16486E+03	 9.97400E+02
 2.16859E+03	 9.97600E+02
 2.17233E+03	 9.97933E+02
 2.17606E+03	 9.93600E+02
 2.17979E+03	 9.95900E+02
 2.18352E+03	 9.98033E+02
 2.18724E+03	 9.95833E+02
 2.19097E+03	 9.97033E+02
 2.19469E+03	 9.95233E+02
 2.19841E+03	 9.96600E+02
 2.20213E+03	 9.96800E+02
 2.20585E+03	 9.94033E+02
 2.20956E+03	 9.95367E+02
 2.21328E+03	 9.96767E+02
 2.21699E+03	 9.94533E+02
 2.22070E+03	 9.93967E+02
 2.22441E+03	 9.95367E+02
 2.22812E+03	 9.98200E+02
 2.23182E+03	 9.94867E+02
 2.23552E+03	 9.90633E+02
 2.23923E+03	 9.96267E+02
 2.24293E+03	 9.97467E+02
 2.24662E+03	 9.97233E+02
 2.25032E+03	 9.97133E+02
 2.25401E+03	 9.93400E+02
 2.25771E+03	 9.92067E+02
 2.26140E+03	 9.94700E+02
 2.26509E+03	 9.93800E+02
 2.26877E+03	 9.91633E+02
 2.27246E+03	 9.92867E+02
 2.27614E+03	 9.92133E+02
 2.27982E+03	 9.93433E+02
 2.28350E+03	 9.94600E+02
 2.28718E+03	 9.94500E+02
 2.29086E+03	 9.93700E+02
 2.29453E+03	 9.97167E+02
 2.29820E+03	 9.93200E+02
 2.30188E+03	 9.95867E+02
 2.30555E+03	 9.94967E+02
 2.30921E+03	 9.96900E+02
 2.31288E+03	 9.99033E+02
 2.31654E+03	 9.96933E+02
 2.32020E+03	 9.94533E+02
 2.32386E+03	 9.97733E+02
 2.32752E+03	 9.98533E+02
 2.33118E+03	 1.00127E+03
 2.33484E+03	 9.97300E+02
 2.33849E+03	 1.00157E+03
 2.34214E+03	 1.00130E+03
 2.34579E+03	 1.00327E+03
 2.34944E+03	 1.00350E+03
 2.35308E+03	 1.00297E+03
 2.35673E+03	 1.00000E+03
 2.36037E+03	 1.00193E+03
 2.36401E+03	 1.00450E+03
 2.36765E+03	 1.00717E+03
 2.37129E+03	 1.00553E+03
 2.37492E+03	 1.00907E+03
 2.37856E+03	 1.00980E+03
 2.38219E+03	 1.01000E+03
 2.38582E+03	 1.01043E+03
 2.38945E+03	 1.01073E+03
 2.39308E+03	 1.01497E+03
 2.39670E+03	 1.00990E+03
 2.40033E+03	 1.01290E+03
 2.40395E+03	 1.00800E+03
 2.40757E+03	 1.00980E+03
 2.41119E+03	 1.01087E+03
 2.41480E+03	 1.01110E+03
 2.41842E+03	 1.01140E+03
 2.42203E+03	 1.01080E+03
 2.42564E+03	 1.00833E+03
 2.42925E+03	 1.00873E+03
 2.43286E+03	 1.00823E+03
 2.43647E+03	 1.01040E+03
 2.44007E+03	 1.00973E+03
 2.44367E+03	 1.00973E+03
 2.44727E+03	 1.00983E+03
 2.45087E+03	 1.01290E+03
 2.45447E+03	 1.01223E+03
 2.45807E+03	 1.00953E+03
 2.46166E+03	 1.01023E+03
 2.46525E+03	 1.01210E+03
 2.46884E+03	 1.01460E+03
 2.47243E+03	 1.01470E+03
 2.47602E+03	 1.01047E+03
 2.47960E+03	 1.01357E+03
 2.48319E+03	 1.01737E+03
 2.48677E+03	 1.01920E+03
 2.49035E+03	 1.01493E+03
 2.49393E+03	 1.01857E+03
 2.49751E+03	 1.01627E+03
 2.50108E+03	 1.01620E+03
 2.50465E+03	 1.01807E+03
 2.50823E+03	 1.02220E+03
 2.51180E+03	 1.02347E+03
 2.51536E+03	 1.02083E+03
 2.51893E+03	 1.02883E+03
 2.52250E+03	 1.03187E+03
 2.52606E+03	 1.02823E+03
 2.52962E+03	 1.02840E+03
 2.53318E+03	 1.03350E+03
 2.53674E+03	 1.03430E+03
 2.54029E+03	 1.03777E+03
 2.54385E+03	 1.03620E+03
 2.54740E+03	 1.03757E+03
 2.55095E+03	 1.03597E+03
 2.55450E+03	 1.03593E+03
 2.55805E+03	 1.03960E+03
 2.56160E+03	 1.03473E+03
 2.56514E+03	 1.03953E+03
 2.56868E+03	 1.04227E+03
 2.57222E+03	 1.03953E+03
 2.57576E+03	 1.04083E+03
 2.57930E+03	 1.03920E+03
 2.58284E+03	 1.04173E+03
 2.58637E+03	 1.04360E+03
 2.58991E+03	 1.03623E+03
 2.59344E+03	 1.03917E+03
 2.59697E+03	 1.04320E+03
 2.60049E+03	 1.04377E+03
 2.60402E+03	 1.04597E+03
 2.60754E+03	 1.04030E+03
 2.61107E+03	 1.03920E+03
 2.61459E+03	 1.04017E+03
 2.61811E+03	 1.04520E+03
 2.62162E+03	 1.04817E+03
 2.62514E+03	 1.04633E+03
 2.62865E+03	 1.04827E+03
 2.63217E+03	 1.04503E+03
 2.63568E+03	 1.04750E+03
 2.63919E+03	 1.05433E+03
 2.64269E+03	 1.05267E+03
 2.64620E+03	 1.05337E+03
 2.64970E+03	 1.05967E+03
 2.65321E+03	 1.05937E+03
 2.65671E+03	 1.06300E+03
 2.66021E+03	 1.06883E+03
 2.66370E+03	 1.06680E+03
 2.66720E+03	 1.06920E+03
 2.67069E+03	 1.07970E+03
 2.67419E+03	 1.07133E+03
 2.67768E+03	 1.08220E+03
 2.68117E+03	 1.08727E+03
 2.68466E+03	 1.09053E+03
 2.68814E+03	 1.10703E+03
 2.69163E+03	 1.10553E+03
 2.69511E+03	 1.10167E+03
 2.69859E+03	 1.10740E+03
 2.70207E+03	 1.10970E+03
 2.70555E+03	 1.11860E+03
 2.70902E+03	 1.12410E+03
 2.71250E+03	 1.12727E+03
 2.71597E+03	 1.13633E+03
 2.71944E+03	 1.15030E+03
 2.72291E+03	 1.16347E+03
 2.72638E+03	 1.18177E+03
 2.72984E+03	 1.18703E+03
 2.73331E+03	 1.19187E+03
 2.73677E+03	 1.21707E+03
 2.74023E+03	 1.22260E+03
 2.74369E+03	 1.24103E+03
 2.74715E+03	 1.24277E+03
 2.75061E+03	 1.25340E+03
 2.75406E+03	 1.26480E+03
 2.75752E+03	 1.26890E+03
 2.76097E+03	 1.27053E+03
 2.76442E+03	 1.26223E+03
 2.76786E+03	 1.27287E+03
 2.77131E+03	 1.26843E+03
 2.77476E+03	 1.26153E+03
 2.77820E+03	 1.24860E+03
 2.78164E+03	 1.25577E+03
 2.78508E+03	 1.26793E+03
 2.78852E+03	 1.25973E+03
 2.79196E+03	 1.25873E+03
 2.79539E+03	 1.27380E+03
 2.79883E+03	 1.26833E+03
 2.80226E+03	 1.28120E+03
 2.80569E+03	 1.28993E+03
 2.80912E+03	 1.30427E+03
 2.81254E+03	 1.31653E+03
 2.81597E+03	 1.33250E+03
 2.81939E+03	 1.36067E+03
 2.82282E+03	 1.37343E+03
 2.82624E+03	 1.39580E+03
 2.82966E+03	 1.41380E+03
 2.83307E+03	 1.44140E+03
 2.83649E+03	 1.48117E+03
 2.83990E+03	 1.51943E+03
 2.84332E+03	 1.55933E+03
 2.84673E+03	 1.61320E+03
 2.85014E+03	 1.64257E+03
 2.85354E+03	 1.69400E+03
 2.85695E+03	 1.76350E+03
 2.86036E+03	 1.85790E+03
 2.86376E+03	 1.92107E+03
 2.86716E+03	 1.99243E+03
 2.87056E+03	 2.08263E+03
 2.87396E+03	 2.24533E+03
 2.87736E+03	 2.38460E+03
 2.88075E+03	 2.51890E+03
 2.88414E+03	 2.72550E+03
 2.88754E+03	 2.90590E+03
 2.89093E+03	 3.10803E+03
 2.89431E+03	 3.25690E+03
 2.89770E+03	 3.37167E+03
 2.90109E+03	 3.39330E+03
 2.90447E+03	 3.41060E+03
 2.90785E+03	 3.44303E+03
 2.91123E+03	 3.24553E+03
 2.91461E+03	 3.18207E+03
 2.91799E+03	 3.14503E+03
 2.92137E+03	 3.12240E+03
 2.92474E+03	 3.09390E+03
 2.92811E+03	 3.12197E+03
 2.93149E+03	 3.13783E+03
 2.93486E+03	 3.19773E+03
 2.93822E+03	 3.18007E+03
 2.94159E+03	 3.20853E+03
 2.94496E+03	 3.33760E+03
 2.94832E+03	 3.35420E+03
 2.95168E+03	 3.40153E+03
 2.95504E+03	 3.38557E+03
 2.95840E+03	 3.39310E+03
 2.96176E+03	 3.24983E+03
 2.96511E+03	 3.20697E+03
 2.96847E+03	 3.23990E+03
 2.97182E+03	 3.06407E+03
 2.97517E+03	 2.92937E+03
 2.97852E+03	 2.77720E+03
 2.98187E+03	 2.65863E+03
 2.98521E+03	 2.49857E+03
 2.98856E+03	 2.26727E+03
 2.99190E+03	 2.10610E+03
 2.99524E+03	 1.94713E+03
 2.99858E+03	 1.78123E+03
 3.00192E+03	 1.65927E+03
 3.00526E+03	 1.55507E+03
 3.00859E+03	 1.48057E+03
 3.01193E+03	 1.39453E+03
 3.01526E+03	 1.33903E+03
 3.01859E+03	 1.30247E+03
 3.02192E+03	 1.26547E+03
 3.02525E+03	 1.24537E+03
 3.02857E+03	 1.21647E+03
 3.03190E+03	 1.18750E+03
 3.03522E+03	 1.17210E+03
 3.03854E+03	 1.16637E+03
 3.04186E+03	 1.16103E+03
 3.04518E+03	 1.15180E+03
 3.04850E+03	 1.14690E+03
 3.05181E+03	 1.12833E+03
 3.05512E+03	 1.13097E+03
 3.05844E+03	 1.13210E+03
 3.06175E+03	 1.12430E+03
 3.06506E+03	 1.12770E+03
 3.06836E+03	 1.12383E+03
 3.07167E+03	 1.12197E+03
 3.07497E+03	 1.12070E+03
 3.07828E+03	 1.11550E+03
 3.08158E+03	 1.12163E+03
 3.08488E+03	 1.11640E+03
 3.08818E+03	 1.12790E+03
 3.09147E+03	 1.12203E+03
 3.09477E+03	 1.12050E+03
 3.09806E+03	 1.12737E+03
 3.10135E+03	 1.12963E+03
 3.10464E+03	 1.13147E+03
 3.10793E+03	 1.12733E+03
 3.11122E+03	 1.13700E+03
 3.11451E+03	 1.14393E+03
 3.11779E+03	 1.14983E+03
 3.12107E+03	 1.14660E+03
 3.12436E+03	 1.15697E+03
 3.12764E+03	 1.16010E+03
 3.13091E+03	 1.16977E+03
 3.13419E+03	 1.17027E+03
 3.13747E+03	 1.17800E+03
 3.14074E+03	 1.17417E+03
 3.14401E+03	 1.17880E+03
 3.14728E+03	 1.19813E+03
 3.15055E+03	 1.20570E+03
 3.15382E+03	 1.19853E+03
 3.15709E+03	 1.20507E+03
 3.16035E+03	 1.21713E+03
 3.16362E+03	 1.22917E+03
 3.16688E+03	 1.23153E+03
 3.17014E+03	 1.22677E+03
 3.17340E+03	 1.24787E+03
 3.17665E+03	 1.25233E+03
 3.17991E+03	 1.25300E+03
 3.18316E+03	 1.24190E+03
 3.18642E+03	 1.26647E+03
 3.18967E+03	 1.27307E+03
 3.19292E+03	 1.26347E+03
 3.19617E+03	 1.28880E+03
 3.19941E+03	 1.29210E+03
 3.20266E+03	 1.30207E+03
 3.20590E+03	 1.30730E+03
 3.20914E+03	 1.31350E+03
 3.21238E+03	 1.31357E+03
 3.21562E+03	 1.33610E+03
 3.21886E+03	 1.32733E+03
 3.22210E+03	 1.33807E+03
 3.22533E+03	 1.34513E+03
 3.22857E+03	 1.36100E+03
 3.23180E+03	 1.35087E+03
 3.23503E+03	 1.37557E+03
 3.23826E+03	 1.35217E+03
 3.24148E+03	 1.38650E+03
 3.24471E+03	 1.38937E+03
 3.24793E+03	 1.38943E+03
 3.25116E+03	 1.40607E+03
 3.25438E+03	 1.40953E+03
 3.25760E+03	 1.41850E+03
 3.26082E+03	 1.40850E+03
 3.26403E+03	 1.41233E+03
 3.26725E+03	 1.43193E+03
 3.27046E+03	 1.40930E+03
 3.27368E+03	 1.40607E+03
 3.27689E+03	 1.43117E+03
 3.28010E+03	 1.43527E+03
 3.28331E+03	 1.44230E+03
 3.28651E+03	 1.43857E+03
 3.28972E+03	 1.44543E+03
 3.29292E+03	 1.43933E+03
 3.29612E+03	 1.45193E+03
 3.29932E+03	 1.46523E+03
 3.30252E+03	 1.44300E+03
 3.30572E+03	 1.44793E+03
 3.30892E+03	 1.44857E+03
 3.31211E+03	 1.45230E+03
 3.31531E+03	 1.46900E+03
 3.31850E+03	 1.45393E+03
 3.32169E+03	 1.45803E+03
 3.32488E+03	 1.48193E+03
 3.32807E+03	 1.47637E+03
 3.33125E+03	 1.47390E+03
 3.33444E+03	 1.46007E+03
 3.33762E+03	 1.48590E+03
 3.34080E+03	 1.47527E+03
 3.34398E+03	 1.46337E+03
 3.34716E+03	 1.48070E+03
 3.35034E+03	 1.48600E+03
 3.35351E+03	 1.48543E+03
 3.35669E+03	 1.51073E+03
 3.35986E+03	 1.50167E+03
 3.36303E+03	 1.49073E+03
 3.36620E+03	 1.48920E+03
 3.36937E+03	 1.50397E+03
 3.37254E+03	 1.49927E+03
 3.37570E+03	 1.49543E+03
 3.37887E+03	 1.47493E+03
 3.38203E+03	 1.48200E+03
 3.38519E+03	 1.50617E+03
 3.38835E+03	 1.50317E+03
 3.39151E+03	 1.50283E+03
 3.39467E+03	 1.52790E+03
 3.39782E+03	 1.53313E+03
 3.40098E+03	 1.50207E+03
 3.40413E+03	 1.46443E+03
 3.40728E+03	 1.48807E+03
 3.41043E+03	 1.51667E+03
 3.41358E+03	 1.50627E+03
 3.41673E+03	 1.50753E+03
 3.41987E+03	 1.49223E+03
 3.42302E+03	 1.50217E+03
 3.42616E+03	 1.49447E+03
 3.42930E+03	 1.46937E+03
 3.43244E+03	 1.46460E+03
 3.43558E+03	 1.45497E+03
 3.43872E+03	 1.48103E+03
 3.44185E+03	 1.47000E+03
 3.44499E+03	 1.48573E+03
 3.44812E+03	 1.45253E+03
 3.45125E+03	 1.44060E+03
 3.45438E+03	 1.41993E+03
 3.45751E+03	 1.44503E+03
 3.46064E+03	 1.43100E+03
 3.46376E+03	 1.41377E+03
 3.46689E+03	 1.41970E+03
 3.47001E+03	 1.43650E+03
 3.47313E+03	 1.40823E+03
 3.47625E+03	 1.38623E+03
 3.47937E+03	 1.38460E+03
 3.48249E+03	 1.37267E+03
 3.48560E+03	 1.37213E+03
 3.48872E+03	 1.33817E+03
 3.49183E+03	 1.36507E+03
 3.49494E+03	 1.35737E+03
 3.49805E+03	 1.32543E+03
 3.50116E+03	 1.33100E+03
 3.50427E+03	 1.33660E+03
 3.50737E+03	 1.31643E+03
 3.51048E+03	 1.29537E+03
 3.51358E+03	 1.29137E+03
 3.51668E+03	 1.27023E+03
 3.51978E+03	 1.27870E+03
 3.52288E+03	 1.28537E+03
 3.52598E+03	 1.24397E+03
 3.52907E+03	 1.23460E+03
 3.53217E+03	 1.24750E+03
 3.53526E+03	 1.23270E+03
 3.53835E+03	 1.21003E+03
 3.54144E+03	 1.21307E+03
 3.54453E+03	 1.20697E+03
 3.54762E+03	 1.19467E+03
 3.55071E+03	 1.18463E+03
 3.55379E+03	 1.16850E+03
 3.55687E+03	 1.17543E+03
 3.55996E+03	 1.16753E+03
 3.56304E+03	 1.16213E+03
 3.56612E+03	 1.14967E+03
 3.56919E+03	 1.15853E+03
 3.57227E+03	 1.15473E+03
 3.57535E+03	 1.12947E+03
 3.57842E+03	 1.13167E+03
 3.58149E+03	 1.12037E+03
 3.58456E+03	 1.11550E+03
 3.58763E+03	 1.10423E+03
 3.59070E+03	 1.09747E+03
 3.59377E+03	 1.09003E+03
 3.59683E+03	 1.08480E+03
 3.59990E+03	 1.08320E+03
 3.60296E+03	 1.07677E+03
 3.60602E+03	 1.06920E+03
 3.60908E+03	 1.06297E+03
 3.61214E+03	 1.05807E+03
 3.61519E+03	 1.04587E+03
 3.61825E+03	 1.04177E+03
 3.62130E+03	 1.03603E+03
 3.62436E+03	 1.03753E+03
 3.62741E+03	 1.03220E+03
 3.63046E+03	 1.02453E+03
 3.63351E+03	 1.01050E+03
 3.63656E+03	 1.01227E+03
 3.63960E+03	 1.01383E+03
 3.64265E+03	 1.00633E+03
 3.64569E+03	 1.00403E+03
 3.64873E+03	 9.96600E+02
 3.65177E+03	 9.96667E+02
 3.65481E+03	 9.89367E+02
 3.65785E+03	 9.92033E+02
 3.66089E+03	 9.85133E+02
 3.66392E+03	 9.90067E+02
 3.66695E+03	 9.83900E+02
 3.66999E+03	 9.77833E+02
 3.67302E+03	 9.76567E+02
 3.67605E+03	 9.74067E+02
 3.67908E+03	 9.74100E+02
 3.68210E+03	 9.70033E+02
 3.68513E+03	 9.68033E+02
 3.68815E+03	 9.68633E+02
 3.69117E+03	 9.68533E+02
 3.69420E+03	 9.64300E+02
 3.69722E+03	 9.61233E+02
 3.70023E+03	 9.60667E+02
 3.70325E+03	 9.61800E+02
 3.70627E+03	 9.61767E+02
 3.70928E+03	 9.57300E+02
 3.71230E+03	 9.56833E+02
 3.71531E+03	 9.55300E+02
 3.71832E+03	 9.50533E+02
 3.72133E+03	 9.55367E+02
 3.72434E+03	 9.55000E+02
 3.72734E+03	 9.52167E+02
 3.73035E+03	 9.50433E+02
 3.73335E+03	 9.50167E+02
 3.73635E+03	 9.49600E+02
 3.73936E+03	 9.49467E+02
 3.74236E+03	 9.51133E+02
 3.74535E+03	 9.48667E+02
 3.74835E+03	 9.49833E+02
 3.75135E+03	 9.45967E+02
 3.75434E+03	 9.46600E+02
 3.75733E+03	 9.47633E+02
 3.76033E+03	 9.43933E+02
 3.76332E+03	 9.44767E+02
 3.76631E+03	 9.44700E+02
 3.76929E+03	 9.46133E+02
 3.77228E+03	 9.43433E+02
 3.77527E+03	 9.44700E+02
 3.77825E+03	 9.42733E+02
 3.78123E+03	 9.43833E+02
 3.78421E+03	 9.43567E+02
 3.78719E+03	 9.44033E+02
