-1.40382E+02	 9.06800E+02
-1.35457E+02	 9.07833E+02
-1.30535E+02	 9.07433E+02
-1.25616E+02	 9.06800E+02
-1.20700E+02	 9.07767E+02
-1.15786E+02	 9.07367E+02
-1.10875E+02	 9.08533E+02
-1.05967E+02	 9.08267E+02
-1.01061E+02	 9.08167E+02
-9.61580E+01	 9.08767E+02
-9.12576E+01	 9.07933E+02
-8.63599E+01	 9.09300E+02
-8.14648E+01	 9.08067E+02
-7.65724E+01	 9.09100E+02
-7.16827E+01	 9.08333E+02
-6.67956E+01	 9.10033E+02
-6.19111E+01	 9.09733E+02
-5.70293E+01	 9.08500E+02
-5.21502E+01	 9.10733E+02
-4.72737E+01	 9.10533E+02
-4.23998E+01	 9.10767E+02
-3.75286E+01	 9.11000E+02
-3.26600E+01	 9.12567E+02
-2.77941E+01	 9.12967E+02
-2.29308E+01	 9.12967E+02
-1.80701E+01	 9.15633E+02
-1.32121E+01	 9.17667E+02
-8.35667E+00	 9.22133E+02
-3.50389E+00	 9.29700E+02
 1.34626E+00	 9.57500E+02
 6.19379E+00	 1.31920E+03
 1.10387E+01	 4.52500E+03
 1.58810E+01	 7.24077E+03
 2.07207E+01	 3.90353E+03
 2.55577E+01	 1.20137E+03
 3.03922E+01	 9.35167E+02
 3.52240E+01	 9.20367E+02
 4.00532E+01	 9.14367E+02
 4.48798E+01	 9.13300E+02
 4.97038E+01	 9.13467E+02
 5.45252E+01	 9.12333E+02
 5.93440E+01	 9.11733E+02
 6.41602E+01	 9.12133E+02
 6.89738E+01	 9.14467E+02
 7.37848E+01	 9.22733E+02
 7.85932E+01	 9.44133E+02
 8.33991E+01	 1.01080E+03
 8.82023E+01	 1.14230E+03
 9.30029E+01	 1.29580E+03
 9.78010E+01	 1.38043E+03
 1.02596E+02	 1.41503E+03
 1.07389E+02	 1.42103E+03
 1.12180E+02	 1.42223E+03
 1.16967E+02	 1.40357E+03
 1.21753E+02	 1.37567E+03
 1.26535E+02	 1.34817E+03
 1.31315E+02	 1.34460E+03
 1.36093E+02	 1.33470E+03
 1.40867E+02	 1.31573E+03
 1.45640E+02	 1.31013E+03
 1.50409E+02	 1.30153E+03
 1.55177E+02	 1.28377E+03
 1.59941E+02	 1.26420E+03
 1.64703E+02	 1.25143E+03
 1.69463E+02	 1.23867E+03
 1.74220E+02	 1.23400E+03
 1.78974E+02	 1.22433E+03
 1.83726E+02	 1.20707E+03
 1.88475E+02	 1.20067E+03
 1.93222E+02	 1.18477E+03
 1.97966E+02	 1.17997E+03
 2.02708E+02	 1.18173E+03
 2.07447E+02	 1.17430E+03
 2.12184E+02	 1.17347E+03
 2.16918E+02	 1.17127E+03
 2.21649E+02	 1.15603E+03
 2.26378E+02	 1.15493E+03
 2.31105E+02	 1.14633E+03
 2.35829E+02	 1.13687E+03
 2.40550E+02	 1.13403E+03
 2.45269E+02	 1.13520E+03
 2.49985E+02	 1.12400E+03
 2.54699E+02	 1.13220E+03
 2.59410E+02	 1.11757E+03
 2.64119E+02	 1.12500E+03
 2.68825E+02	 1.12303E+03
 2.73529E+02	 1.11963E+03
 2.78230E+02	 1.11007E+03
 2.82929E+02	 1.10897E+03
 2.87625E+02	 1.10183E+03
 2.92319E+02	 1.10307E+03
 2.97010E+02	 1.10090E+03
 3.01699E+02	 1.09803E+03
 3.06385E+02	 1.09580E+03
 3.11069E+02	 1.09480E+03
 3.15750E+02	 1.09473E+03
 3.20428E+02	 1.09763E+03
 3.25105E+02	 1.10880E+03
 3.29778E+02	 1.10180E+03
 3.34450E+02	 1.09473E+03
 3.39118E+02	 1.09747E+03
 3.43785E+02	 1.09707E+03
 3.48448E+02	 1.09617E+03
 3.53110E+02	 1.10173E+03
 3.57768E+02	 1.09420E+03
 3.62425E+02	 1.08687E+03
 3.67079E+02	 1.07933E+03
 3.71730E+02	 1.07613E+03
 3.76379E+02	 1.07177E+03
 3.81025E+02	 1.07150E+03
 3.85669E+02	 1.08173E+03
 3.90311E+02	 1.09263E+03
 3.94950E+02	 1.09953E+03
 3.99586E+02	 1.10247E+03
 4.04220E+02	 1.10207E+03
 4.08852E+02	 1.10470E+03
 4.13481E+02	 1.11737E+03
 4.18108E+02	 1.13043E+03
 4.22732E+02	 1.15723E+03
 4.27354E+02	 1.19480E+03
 4.31973E+02	 1.22317E+03
 4.36590E+02	 1.20977E+03
 4.41205E+02	 1.19950E+03
 4.45817E+02	 1.17463E+03
 4.50426E+02	 1.14563E+03
 4.55034E+02	 1.12960E+03
 4.59638E+02	 1.12153E+03
 4.64241E+02	 1.10463E+03
 4.68840E+02	 1.09950E+03
 4.73438E+02	 1.10200E+03
 4.78033E+02	 1.11980E+03
 4.82625E+02	 1.14517E+03
 4.87215E+02	 1.19043E+03
 4.91803E+02	 1.25103E+03
 4.96388E+02	 1.30250E+03
 5.00971E+02	 1.33663E+03
 5.05552E+02	 1.32747E+03
 5.10129E+02	 1.30833E+03
 5.14705E+02	 1.26633E+03
 5.19278E+02	 1.21363E+03
 5.23849E+02	 1.15157E+03
 5.28417E+02	 1.12850E+03
 5.32983E+02	 1.10097E+03
 5.37547E+02	 1.08853E+03
 5.42108E+02	 1.08490E+03
 5.46666E+02	 1.07850E+03
 5.51223E+02	 1.08067E+03
 5.55777E+02	 1.09517E+03
 5.60328E+02	 1.10693E+03
 5.64877E+02	 1.11147E+03
 5.69424E+02	 1.11037E+03
 5.73968E+02	 1.10527E+03
 5.78510E+02	 1.09557E+03
 5.83049E+02	 1.08467E+03
 5.87587E+02	 1.07887E+03
 5.92121E+02	 1.07440E+03
 5.96654E+02	 1.07617E+03
 6.01184E+02	 1.05723E+03
 6.05711E+02	 1.06187E+03
 6.10236E+02	 1.05603E+03
 6.14759E+02	 1.05783E+03
 6.19280E+02	 1.05717E+03
 6.23798E+02	 1.05773E+03
 6.28313E+02	 1.05077E+03
 6.32827E+02	 1.05643E+03
 6.37338E+02	 1.05073E+03
 6.41846E+02	 1.05447E+03
 6.46352E+02	 1.06293E+03
 6.50856E+02	 1.06073E+03
 6.55358E+02	 1.06717E+03
 6.59857E+02	 1.07110E+03
 6.64354E+02	 1.08327E+03
 6.68848E+02	 1.09423E+03
 6.73340E+02	 1.09697E+03
 6.77830E+02	 1.10963E+03
 6.82317E+02	 1.12140E+03
 6.86802E+02	 1.14293E+03
 6.91285E+02	 1.15357E+03
 6.95765E+02	 1.15533E+03
 7.00243E+02	 1.13750E+03
 7.04718E+02	 1.11433E+03
 7.09192E+02	 1.08987E+03
 7.13663E+02	 1.07507E+03
 7.18131E+02	 1.06260E+03
 7.22597E+02	 1.04983E+03
 7.27061E+02	 1.04780E+03
 7.31523E+02	 1.04407E+03
 7.35982E+02	 1.04597E+03
 7.40439E+02	 1.04587E+03
 7.44894E+02	 1.04330E+03
 7.49346E+02	 1.04203E+03
 7.53796E+02	 1.03800E+03
 7.58243E+02	 1.03940E+03
 7.62689E+02	 1.04020E+03
 7.67132E+02	 1.03733E+03
 7.71572E+02	 1.04127E+03
 7.76011E+02	 1.04050E+03
 7.80447E+02	 1.04330E+03
 7.84880E+02	 1.04433E+03
 7.89312E+02	 1.05047E+03
 7.93741E+02	 1.05470E+03
 7.98167E+02	 1.06270E+03
 8.02592E+02	 1.06880E+03
 8.07014E+02	 1.07457E+03
 8.11434E+02	 1.07853E+03
 8.15851E+02	 1.07823E+03
 8.20267E+02	 1.09843E+03
 8.24680E+02	 1.13447E+03
 8.29090E+02	 1.18880E+03
 8.33499E+02	 1.26593E+03
 8.37905E+02	 1.32863E+03
 8.42309E+02	 1.32367E+03
 8.46710E+02	 1.29277E+03
 8.51109E+02	 1.27737E+03
 8.55506E+02	 1.34847E+03
 8.59901E+02	 1.43597E+03
 8.64293E+02	 1.51790E+03
 8.68683E+02	 1.55423E+03
 8.73071E+02	 1.53120E+03
 8.77456E+02	 1.47277E+03
 8.81840E+02	 1.42303E+03
 8.86221E+02	 1.35217E+03
 8.90599E+02	 1.28187E+03
 8.94976E+02	 1.19007E+03
 8.99350E+02	 1.13880E+03
 9.03722E+02	 1.10390E+03
 9.08091E+02	 1.08980E+03
 9.12459E+02	 1.09600E+03
 9.16824E+02	 1.11900E+03
 9.21187E+02	 1.15463E+03
 9.25547E+02	 1.19973E+03
 9.29905E+02	 1.23223E+03
 9.34261E+02	 1.27030E+03
 9.38615E+02	 1.30440E+03
 9.42967E+02	 1.31167E+03
 9.47316E+02	 1.29840E+03
 9.51663E+02	 1.23150E+03
 9.56008E+02	 1.16177E+03
 9.60350E+02	 1.11200E+03
 9.64691E+02	 1.06943E+03
 9.69029E+02	 1.05677E+03
 9.73364E+02	 1.05723E+03
 9.77698E+02	 1.06353E+03
 9.82029E+02	 1.08487E+03
 9.86358E+02	 1.10967E+03
 9.90685E+02	 1.13720E+03
 9.95010E+02	 1.15673E+03
 9.99332E+02	 1.13970E+03
 1.00365E+03	 1.11387E+03
 1.00797E+03	 1.08910E+03
 1.01229E+03	 1.07617E+03
 1.01660E+03	 1.06520E+03
 1.02091E+03	 1.06440E+03
 1.02522E+03	 1.06340E+03
 1.02953E+03	 1.07890E+03
 1.03383E+03	 1.10107E+03
 1.03813E+03	 1.12937E+03
 1.04243E+03	 1.17597E+03
 1.04673E+03	 1.23460E+03
 1.05103E+03	 1.30280E+03
 1.05532E+03	 1.37073E+03
 1.05961E+03	 1.44730E+03
 1.06390E+03	 1.50973E+03
 1.06819E+03	 1.55483E+03
 1.07247E+03	 1.54067E+03
 1.07676E+03	 1.55107E+03
 1.08104E+03	 1.54087E+03
 1.08531E+03	 1.50413E+03
 1.08959E+03	 1.45803E+03
 1.09386E+03	 1.42577E+03
 1.09813E+03	 1.41347E+03
 1.10240E+03	 1.40493E+03
 1.10667E+03	 1.39737E+03
 1.11094E+03	 1.39753E+03
 1.11520E+03	 1.36887E+03
 1.11946E+03	 1.35577E+03
 1.12372E+03	 1.36047E+03
 1.12797E+03	 1.37410E+03
 1.13223E+03	 1.38323E+03
 1.13648E+03	 1.33533E+03
 1.14073E+03	 1.27277E+03
 1.14498E+03	 1.20203E+03
 1.14922E+03	 1.14187E+03
 1.15347E+03	 1.10060E+03
 1.15771E+03	 1.06750E+03
 1.16194E+03	 1.05927E+03
 1.16618E+03	 1.04870E+03
 1.17042E+03	 1.03947E+03
 1.17465E+03	 1.03930E+03
 1.17888E+03	 1.03627E+03
 1.18311E+03	 1.03900E+03
 1.18733E+03	 1.03990E+03
 1.19156E+03	 1.03810E+03
 1.19578E+03	 1.04807E+03
 1.20000E+03	 1.05347E+03
 1.20421E+03	 1.06913E+03
 1.20843E+03	 1.08033E+03
 1.21264E+03	 1.09197E+03
 1.21685E+03	 1.10550E+03
 1.22106E+03	 1.12343E+03
 1.22527E+03	 1.14050E+03
 1.22947E+03	 1.14393E+03
 1.23367E+03	 1.15173E+03
 1.23787E+03	 1.16527E+03
 1.24207E+03	 1.16930E+03
 1.24627E+03	 1.18663E+03
 1.25046E+03	 1.20230E+03
 1.25465E+03	 1.22690E+03
 1.25884E+03	 1.24043E+03
 1.26303E+03	 1.26250E+03
 1.26721E+03	 1.26987E+03
 1.27140E+03	 1.28150E+03
 1.27558E+03	 1.26190E+03
 1.27975E+03	 1.27457E+03
 1.28393E+03	 1.26423E+03
 1.28811E+03	 1.25820E+03
 1.29228E+03	 1.25537E+03
 1.29645E+03	 1.23377E+03
 1.30062E+03	 1.21843E+03
 1.30478E+03	 1.20843E+03
 1.30895E+03	 1.19327E+03
 1.31311E+03	 1.19407E+03
 1.31727E+03	 1.19557E+03
 1.32142E+03	 1.19137E+03
 1.32558E+03	 1.20007E+03
 1.32973E+03	 1.20577E+03
 1.33388E+03	 1.21040E+03
 1.33803E+03	 1.21310E+03
 1.34218E+03	 1.20460E+03
 1.34632E+03	 1.19393E+03
 1.35047E+03	 1.19243E+03
 1.35461E+03	 1.19137E+03
 1.35875E+03	 1.19527E+03
 1.36288E+03	 1.20637E+03
 1.36702E+03	 1.20627E+03
 1.37115E+03	 1.20197E+03
 1.37528E+03	 1.20480E+03
 1.37941E+03	 1.19307E+03
 1.38353E+03	 1.17923E+03
 1.38766E+03	 1.18140E+03
 1.39178E+03	 1.18117E+03
 1.39590E+03	 1.17617E+03
 1.40001E+03	 1.17483E+03
 1.40413E+03	 1.16707E+03
 1.40824E+03	 1.16557E+03
 1.41235E+03	 1.17020E+03
 1.41646E+03	 1.16350E+03
 1.42057E+03	 1.16560E+03
 1.42468E+03	 1.16497E+03
 1.42878E+03	 1.16560E+03
 1.43288E+03	 1.15660E+03
 1.43698E+03	 1.15757E+03
 1.44107E+03	 1.15603E+03
 1.44517E+03	 1.14740E+03
 1.44926E+03	 1.14743E+03
 1.45335E+03	 1.14707E+03
 1.45744E+03	 1.16347E+03
 1.46153E+03	 1.19653E+03
 1.46561E+03	 1.25127E+03
 1.46969E+03	 1.33307E+03
 1.47377E+03	 1.43583E+03
 1.47785E+03	 1.51153E+03
 1.48193E+03	 1.56100E+03
 1.48600E+03	 1.54743E+03
 1.49007E+03	 1.49797E+03
 1.49414E+03	 1.39020E+03
 1.49821E+03	 1.28913E+03
 1.50228E+03	 1.19270E+03
 1.50634E+03	 1.11897E+03
 1.51040E+03	 1.06807E+03
 1.51446E+03	 1.04703E+03
 1.51852E+03	 1.03650E+03
 1.52258E+03	 1.02817E+03
 1.52663E+03	 1.02050E+03
 1.53068E+03	 1.01733E+03
 1.53473E+03	 1.01293E+03
 1.53878E+03	 1.01010E+03
 1.54282E+03	 1.01183E+03
 1.54687E+03	 1.00933E+03
 1.55091E+03	 1.00937E+03
 1.55495E+03	 1.00790E+03
 1.55899E+03	 1.00560E+03
 1.56302E+03	 1.00293E+03
 1.56705E+03	 1.00193E+03
 1.57109E+03	 1.00443E+03
 1.57512E+03	 1.00210E+03
 1.57914E+03	 1.00547E+03
 1.58317E+03	 1.00567E+03
 1.58719E+03	 1.00570E+03
 1.59121E+03	 1.00357E+03
 1.59523E+03	 1.00093E+03
 1.59925E+03	 1.00153E+03
 1.60326E+03	 1.00253E+03
 1.60728E+03	 1.00107E+03
 1.61129E+03	 9.99533E+02
 1.61530E+03	 1.00227E+03
 1.61930E+03	 1.00047E+03
 1.62331E+03	 9.99967E+02
 1.62731E+03	 9.98733E+02
 1.63131E+03	 9.99300E+02
 1.63531E+03	 9.97767E+02
 1.63931E+03	 1.00033E+03
 1.64330E+03	 1.00023E+03
 1.64730E+03	 9.95733E+02
 1.65129E+03	 9.97767E+02
 1.65528E+03	 9.99900E+02
 1.65926E+03	 9.98767E+02
 1.66325E+03	 9.94567E+02
 1.66723E+03	 1.00187E+03
 1.67121E+03	 9.97633E+02
 1.67519E+03	 9.97333E+02
 1.67917E+03	 9.98333E+02
 1.68314E+03	 9.96600E+02
 1.68712E+03	 9.95800E+02
 1.69109E+03	 9.94767E+02
 1.69506E+03	 9.97233E+02
 1.69903E+03	 9.91900E+02
 1.70299E+03	 9.87833E+02
 1.70695E+03	 9.93167E+02
 1.71092E+03	 9.92900E+02
 1.71487E+03	 9.88267E+02
 1.71883E+03	 9.87767E+02
 1.72279E+03	 9.85200E+02
 1.72674E+03	 9.87433E+02
 1.73069E+03	 9.85400E+02
 1.73464E+03	 9.88033E+02
 1.73859E+03	 9.86767E+02
 1.74253E+03	 9.86900E+02
 1.74648E+03	 9.84367E+02
 1.75042E+03	 9.83967E+02
 1.75436E+03	 9.82700E+02
 1.75830E+03	 9.85333E+02
 1.76223E+03	 9.82900E+02
 1.76617E+03	 9.80200E+02
 1.77010E+03	 9.82300E+02
 1.77403E+03	 9.83733E+02
 1.77796E+03	 9.82833E+02
 1.78188E+03	 9.80367E+02
 1.78581E+03	 9.82033E+02
 1.78973E+03	 9.81633E+02
 1.79365E+03	 9.81500E+02
 1.79757E+03	 9.83300E+02
 1.80148E+03	 9.83833E+02
 1.80540E+03	 9.80600E+02
 1.80931E+03	 9.84467E+02
 1.81322E+03	 9.81933E+02
 1.81713E+03	 9.81833E+02
 1.82104E+03	 9.80733E+02
 1.82494E+03	 9.83000E+02
 1.82884E+03	 9.85500E+02
 1.83274E+03	 9.83600E+02
 1.83664E+03	 9.81000E+02
 1.84054E+03	 9.82033E+02
 1.84443E+03	 9.79633E+02
 1.84833E+03	 9.81233E+02
 1.85222E+03	 9.81500E+02
 1.85611E+03	 9.80800E+02
 1.85999E+03	 9.81167E+02
 1.86388E+03	 9.80333E+02
 1.86776E+03	 9.82000E+02
 1.87164E+03	 9.77067E+02
 1.87552E+03	 9.82067E+02
 1.87940E+03	 9.80500E+02
 1.88328E+03	 9.75733E+02
 1.88715E+03	 9.78500E+02
 1.89102E+03	 9.79533E+02
 1.89489E+03	 9.81900E+02
 1.89876E+03	 9.78267E+02
 1.90263E+03	 9.80633E+02
 1.90649E+03	 9.81067E+02
 1.91035E+03	 9.81833E+02
 1.91421E+03	 9.81400E+02
 1.91807E+03	 9.81833E+02
 1.92193E+03	 9.78500E+02
 1.92578E+03	 9.79733E+02
 1.92964E+03	 9.81400E+02
 1.93349E+03	 9.80267E+02
 1.93734E+03	 9.81533E+02
 1.94118E+03	 9.78567E+02
 1.94503E+03	 9.78333E+02
 1.94887E+03	 9.81000E+02
 1.95271E+03	 9.83200E+02
 1.95655E+03	 9.80867E+02
 1.96039E+03	 9.81467E+02
 1.96423E+03	 9.79467E+02
 1.96806E+03	 9.78167E+02
 1.97189E+03	 9.79267E+02
 1.97572E+03	 9.84567E+02
 1.97955E+03	 9.80700E+02
 1.98338E+03	 9.79967E+02
 1.98720E+03	 9.79367E+02
 1.99103E+03	 9.78100E+02
 1.99485E+03	 9.77133E+02
 1.99866E+03	 9.76067E+02
 2.00248E+03	 9.81333E+02
 2.00630E+03	 9.76133E+02
 2.01011E+03	 9.78967E+02
 2.01392E+03	 9.77200E+02
 2.01773E+03	 9.81800E+02
 2.02154E+03	 9.78600E+02
 2.02534E+03	 9.80000E+02
 2.02915E+03	 9.77367E+02
 2.03295E+03	 9.83100E+02
 2.03675E+03	 9.81667E+02
 2.04055E+03	 9.78300E+02
 2.04435E+03	 9.81467E+02
 2.04814E+03	 9.80667E+02
 2.05193E+03	 9.79767E+02
 2.05572E+03	 9.80867E+02
 2.05951E+03	 9.82267E+02
 2.06330E+03	 9.80067E+02
 2.06708E+03	 9.79633E+02
 2.07087E+03	 9.79633E+02
 2.07465E+03	 9.77633E+02
 2.07843E+03	 9.80433E+02
 2.08221E+03	 9.83667E+02
 2.08598E+03	 9.80867E+02
 2.08976E+03	 9.76633E+02
 2.09353E+03	 9.79467E+02
 2.09730E+03	 9.81700E+02
 2.10107E+03	 9.80633E+02
 2.10484E+03	 9.80100E+02
 2.10860E+03	 9.78200E+02
 2.11236E+03	 9.78867E+02
 2.11613E+03	 9.78533E+02
 2.11989E+03	 9.80633E+02
 2.12364E+03	 9.80100E+02
 2.12740E+03	 9.81600E+02
 2.13115E+03	 9.84867E+02
 2.13490E+03	 9.80100E+02
 2.13866E+03	 9.81400E+02
 2.14240E+03	 9.80133E+02
 2.14615E+03	 9.81000E+02
 2.14990E+03	 9.79100E+02
 2.15364E+03	 9.83300E+02
 2.15738E+03	 9.84100E+02
 2.16112E+03	 9.79333E+02
 2.16486E+03	 9.81500E+02
 2.16859E+03	 9.80200E+02
 2.17233E+03	 9.82667E+02
 2.17606E+03	 9.80767E+02
 2.17979E+03	 9.82467E+02
 2.18352E+03	 9.80733E+02
 2.18724E+03	 9.74200E+02
 2.19097E+03	 9.80800E+02
 2.19469E+03	 9.78400E+02
 2.19841E+03	 9.78433E+02
 2.20213E+03	 9.81133E+02
 2.20585E+03	 9.79800E+02
 2.20956E+03	 9.80000E+02
 2.21328E+03	 9.77400E+02
 2.21699E+03	 9.76867E+02
 2.22070E+03	 9.80633E+02
 2.22441E+03	 9.79133E+02
 2.22812E+03	 9.80067E+02
 2.23182E+03	 9.80133E+02
 2.23552E+03	 9.76867E+02
 2.23923E+03	 9.78333E+02
 2.24293E+03	 9.78700E+02
 2.24662E+03	 9.79633E+02
 2.25032E+03	 9.76967E+02
 2.25401E+03	 9.77567E+02
 2.25771E+03	 9.76867E+02
 2.26140E+03	 9.77667E+02
 2.26509E+03	 9.76433E+02
 2.26877E+03	 9.77367E+02
 2.27246E+03	 9.75600E+02
 2.27614E+03	 9.76433E+02
 2.27982E+03	 9.76467E+02
 2.28350E+03	 9.76700E+02
 2.28718E+03	 9.76500E+02
 2.29086E+03	 9.78867E+02
 2.29453E+03	 9.74200E+02
 2.29820E+03	 9.77400E+02
 2.30188E+03	 9.76200E+02
 2.30555E+03	 9.76167E+02
 2.30921E+03	 9.77133E+02
 2.31288E+03	 9.79100E+02
 2.31654E+03	 9.76200E+02
 2.32020E+03	 9.77933E+02
 2.32386E+03	 9.79100E+02
 2.32752E+03	 9.76967E+02
 2.33118E+03	 9.78467E+02
 2.33484E+03	 9.78600E+02
 2.33849E+03	 9.81933E+02
 2.34214E+03	 9.78833E+02
 2.34579E+03	 9.81100E+02
 2.34944E+03	 9.81467E+02
 2.35308E+03	 9.80733E+02
 2.35673E+03	 9.77767E+02
 2.36037E+03	 9.77467E+02
 2.36401E+03	 9.79000E+02
 2.36765E+03	 9.82567E+02
 2.37129E+03	 9.84133E+02
 2.37492E+03	 9.85533E+02
 2.37856E+03	 9.84200E+02
 2.38219E+03	 9.86267E+02
 2.38582E+03	 9.83433E+02
 2.38945E+03	 9.83333E+02
 2.39308E+03	 9.85733E+02
 2.39670E+03	 9.84867E+02
 2.40033E+03	 9.84800E+02
 2.40395E+03	 9.84067E+02
 2.40757E+03	 9.84833E+02
 2.41119E+03	 9.83333E+02
 2.41480E+03	 9.83167E+02
 2.41842E+03	 9.84200E+02
 2.42203E+03	 9.83533E+02
 2.42564E+03	 9.82667E+02
 2.42925E+03	 9.82767E+02
 2.43286E+03	 9.81533E+02
 2.43647E+03	 9.84067E+02
 2.44007E+03	 9.81633E+02
 2.44367E+03	 9.82767E+02
 2.44727E+03	 9.86600E+02
 2.45087E+03	 9.87267E+02
 2.45447E+03	 9.84400E+02
 2.45807E+03	 9.83100E+02
 2.46166E+03	 9.84100E+02
 2.46525E+03	 9.86967E+02
 2.46884E+03	 9.87333E+02
 2.47243E+03	 9.87600E+02
 2.47602E+03	 9.86233E+02
 2.47960E+03	 9.86467E+02
 2.48319E+03	 9.90233E+02
 2.48677E+03	 9.89900E+02
 2.49035E+03	 9.86967E+02
 2.49393E+03	 9.90067E+02
 2.49751E+03	 9.87267E+02
 2.50108E+03	 9.89967E+02
 2.50465E+03	 9.89333E+02
 2.50823E+03	 9.91000E+02
 2.51180E+03	 9.92367E+02
 2.51536E+03	 9.89467E+02
 2.51893E+03	 9.93367E+02
 2.52250E+03	 9.96033E+02
 2.52606E+03	 9.97833E+02
 2.52962E+03	 9.93500E+02
 2.53318E+03	 9.97233E+02
 2.53674E+03	 9.99633E+02
 2.54029E+03	 9.99067E+02
 2.54385E+03	 1.00077E+03
 2.54740E+03	 1.00137E+03
 2.55095E+03	 1.00277E+03
 2.55450E+03	 9.98967E+02
 2.55805E+03	 1.00200E+03
 2.56160E+03	 1.00333E+03
 2.56514E+03	 1.00400E+03
 2.56868E+03	 1.00547E+03
 2.57222E+03	 1.00247E+03
 2.57576E+03	 1.00193E+03
 2.57930E+03	 1.00467E+03
 2.58284E+03	 1.00640E+03
 2.58637E+03	 1.00127E+03
 2.58991E+03	 1.00377E+03
 2.59344E+03	 1.00490E+03
 2.59697E+03	 1.00433E+03
 2.60049E+03	 1.00597E+03
 2.60402E+03	 1.00673E+03
 2.60754E+03	 1.00710E+03
 2.61107E+03	 1.00400E+03
 2.61459E+03	 1.00343E+03
 2.61811E+03	 1.00753E+03
 2.62162E+03	 1.01103E+03
 2.62514E+03	 1.01033E+03
 2.62865E+03	 1.01303E+03
 2.63217E+03	 1.01050E+03
 2.63568E+03	 1.01270E+03
 2.63919E+03	 1.01380E+03
 2.64269E+03	 1.01323E+03
 2.64620E+03	 1.01283E+03
 2.64970E+03	 1.01720E+03
 2.65321E+03	 1.02140E+03
 2.65671E+03	 1.02160E+03
 2.66021E+03	 1.02340E+03
 2.66370E+03	 1.02303E+03
 2.66720E+03	 1.02627E+03
 2.67069E+03	 1.03217E+03
 2.67419E+03	 1.02607E+03
 2.67768E+03	 1.03217E+03
 2.68117E+03	 1.04020E+03
 2.68466E+03	 1.04123E+03
 2.68814E+03	 1.04570E+03
 2.69163E+03	 1.04940E+03
 2.69511E+03	 1.05073E+03
 2.69859E+03	 1.05540E+03
 2.70207E+03	 1.05517E+03
 2.70555E+03	 1.06373E+03
 2.70902E+03	 1.06327E+03
 2.71250E+03	 1.06817E+03
 2.71597E+03	 1.07300E+03
 2.71944E+03	 1.07500E+03
 2.72291E+03	 1.08837E+03
 2.72638E+03	 1.10547E+03
 2.72984E+03	 1.10717E+03
 2.73331E+03	 1.11327E+03
 2.73677E+03	 1.12943E+03
 2.74023E+03	 1.13270E+03
 2.74369E+03	 1.14393E+03
 2.74715E+03	 1.15107E+03
 2.75061E+03	 1.15523E+03
 2.75406E+03	 1.16377E+03
 2.75752E+03	 1.16737E+03
 2.76097E+03	 1.16710E+03
 2.76442E+03	 1.15827E+03
 2.76786E+03	 1.17420E+03
 2.77131E+03	 1.16937E+03
 2.77476E+03	 1.16007E+03
 2.77820E+03	 1.15693E+03
 2.78164E+03	 1.16363E+03
 2.78508E+03	 1.16743E+03
 2.78852E+03	 1.15927E+03
 2.79196E+03	 1.16560E+03
 2.79539E+03	 1.16743E+03
 2.79883E+03	 1.16710E+03
 2.80226E+03	 1.17997E+03
 2.80569E+03	 1.18200E+03
 2.80912E+03	 1.18973E+03
 2.81254E+03	 1.20347E+03
 2.81597E+03	 1.21813E+03
 2.81939E+03	 1.23333E+03
 2.82282E+03	 1.24553E+03
 2.82624E+03	 1.25943E+03
 2.82966E+03	 1.27693E+03
 2.83307E+03	 1.29797E+03
 2.83649E+03	 1.32423E+03
 2.83990E+03	 1.35440E+03
 2.84332E+03	 1.37737E+03
 2.84673E+03	 1.41523E+03
 2.85014E+03	 1.42370E+03
 2.85354E+03	 1.48647E+03
 2.85695E+03	 1.53507E+03
 2.86036E+03	 1.58813E+03
 2.86376E+03	 1.63637E+03
 2.86716E+03	 1.67513E+03
 2.87056E+03	 1.74943E+03
 2.87396E+03	 1.86813E+03
 2.87736E+03	 1.97437E+03
 2.88075E+03	 2.08437E+03
 2.88414E+03	 2.19443E+03
 2.88754E+03	 2.33543E+03
 2.89093E+03	 2.50050E+03
 2.89431E+03	 2.59713E+03
 2.89770E+03	 2.68017E+03
 2.90109E+03	 2.71053E+03
 2.90447E+03	 2.70190E+03
 2.90785E+03	 2.70823E+03
 2.91123E+03	 2.60883E+03
 2.91461E+03	 2.58903E+03
 2.91799E+03	 2.50437E+03
 2.92137E+03	 2.50267E+03
 2.92474E+03	 2.47757E+03
 2.92811E+03	 2.49067E+03
 2.93149E+03	 2.48127E+03
 2.93486E+03	 2.53633E+03
 2.93822E+03	 2.52837E+03
 2.94159E+03	 2.56793E+03
 2.94496E+03	 2.66033E+03
 2.94832E+03	 2.66720E+03
 2.95168E+03	 2.69477E+03
 2.95504E+03	 2.66750E+03
 2.95840E+03	 2.69460E+03
 2.96176E+03	 2.57590E+03
 2.96511E+03	 2.57610E+03
 2.96847E+03	 2.57813E+03
 2.97182E+03	 2.44403E+03
 2.97517E+03	 2.34677E+03
 2.97852E+03	 2.25303E+03
 2.98187E+03	 2.17463E+03
 2.98521E+03	 2.04140E+03
 2.98856E+03	 1.88540E+03
 2.99190E+03	 1.77120E+03
 2.99524E+03	 1.65457E+03
 2.99858E+03	 1.53027E+03
 3.00192E+03	 1.45247E+03
 3.00526E+03	 1.38487E+03
 3.00859E+03	 1.32650E+03
 3.01193E+03	 1.26103E+03
 3.01526E+03	 1.21873E+03
 3.01859E+03	 1.19153E+03
 3.02192E+03	 1.16457E+03
 3.02525E+03	 1.15093E+03
 3.02857E+03	 1.13047E+03
 3.03190E+03	 1.11177E+03
 3.03522E+03	 1.10390E+03
 3.03854E+03	 1.09540E+03
 3.04186E+03	 1.09007E+03
 3.04518E+03	 1.08960E+03
 3.04850E+03	 1.08197E+03
 3.05181E+03	 1.06793E+03
 3.05512E+03	 1.07600E+03
 3.05844E+03	 1.07623E+03
 3.06175E+03	 1.06230E+03
 3.06506E+03	 1.06950E+03
 3.06836E+03	 1.06853E+03
 3.07167E+03	 1.06393E+03
 3.07497E+03	 1.06587E+03
 3.07828E+03	 1.06203E+03
 3.08158E+03	 1.06363E+03
 3.08488E+03	 1.06013E+03
 3.08818E+03	 1.06887E+03
 3.09147E+03	 1.06813E+03
 3.09477E+03	 1.06513E+03
 3.09806E+03	 1.06913E+03
 3.10135E+03	 1.07503E+03
 3.10464E+03	 1.07340E+03
 3.10793E+03	 1.06620E+03
 3.11122E+03	 1.07920E+03
 3.11451E+03	 1.08360E+03
 3.11779E+03	 1.08383E+03
 3.12107E+03	 1.08427E+03
 3.12436E+03	 1.09373E+03
 3.12764E+03	 1.09253E+03
 3.13091E+03	 1.09790E+03
 3.13419E+03	 1.09957E+03
 3.13747E+03	 1.10287E+03
 3.14074E+03	 1.10237E+03
 3.14401E+03	 1.10433E+03
 3.14728E+03	 1.12347E+03
 3.15055E+03	 1.12350E+03
 3.15382E+03	 1.11993E+03
 3.15709E+03	 1.12393E+03
 3.16035E+03	 1.12733E+03
 3.16362E+03	 1.14037E+03
 3.16688E+03	 1.14037E+03
 3.17014E+03	 1.14247E+03
 3.17340E+03	 1.15760E+03
 3.17665E+03	 1.15680E+03
 3.17991E+03	 1.15200E+03
 3.18316E+03	 1.15507E+03
 3.18642E+03	 1.17080E+03
 3.18967E+03	 1.17470E+03
 3.19292E+03	 1.17000E+03
 3.19617E+03	 1.18213E+03
 3.19941E+03	 1.18560E+03
 3.20266E+03	 1.19223E+03
 3.20590E+03	 1.18700E+03
 3.20914E+03	 1.19850E+03
 3.21238E+03	 1.19450E+03
 3.21562E+03	 1.21320E+03
 3.21886E+03	 1.20660E+03
 3.22210E+03	 1.20827E+03
 3.22533E+03	 1.22063E+03
 3.22857E+03	 1.22763E+03
 3.23180E+03	 1.21653E+03
 3.23503E+03	 1.23963E+03
 3.23826E+03	 1.23213E+03
 3.24148E+03	 1.25340E+03
 3.24471E+03	 1.24987E+03
 3.24793E+03	 1.24907E+03
 3.25116E+03	 1.25520E+03
 3.25438E+03	 1.26797E+03
 3.25760E+03	 1.26507E+03
 3.26082E+03	 1.25817E+03
 3.26403E+03	 1.26173E+03
 3.26725E+03	 1.27627E+03
 3.27046E+03	 1.25923E+03
 3.27368E+03	 1.26347E+03
 3.27689E+03	 1.28277E+03
 3.28010E+03	 1.28353E+03
 3.28331E+03	 1.28457E+03
 3.28651E+03	 1.27597E+03
 3.28972E+03	 1.27230E+03
 3.29292E+03	 1.28240E+03
 3.29612E+03	 1.28733E+03
 3.29932E+03	 1.27757E+03
 3.30252E+03	 1.26880E+03
 3.30572E+03	 1.27203E+03
 3.30892E+03	 1.26973E+03
 3.31211E+03	 1.28207E+03
 3.31531E+03	 1.27583E+03
 3.31850E+03	 1.27890E+03
 3.32169E+03	 1.28237E+03
 3.32488E+03	 1.29670E+03
 3.32807E+03	 1.29200E+03
 3.33125E+03	 1.29863E+03
 3.33444E+03	 1.28503E+03
 3.33762E+03	 1.30387E+03
 3.34080E+03	 1.29280E+03
 3.34398E+03	 1.27940E+03
 3.34716E+03	 1.29643E+03
 3.35034E+03	 1.29283E+03
 3.35351E+03	 1.29597E+03
 3.35669E+03	 1.30777E+03
 3.35986E+03	 1.30657E+03
 3.36303E+03	 1.29753E+03
 3.36620E+03	 1.30167E+03
 3.36937E+03	 1.30643E+03
 3.37254E+03	 1.29733E+03
 3.37570E+03	 1.29170E+03
 3.37887E+03	 1.29210E+03
 3.38203E+03	 1.29340E+03
 3.38519E+03	 1.31193E+03
 3.38835E+03	 1.30370E+03
 3.39151E+03	 1.30217E+03
 3.39467E+03	 1.32037E+03
 3.39782E+03	 1.31087E+03
 3.40098E+03	 1.28957E+03
 3.40413E+03	 1.27273E+03
 3.40728E+03	 1.27740E+03
 3.41043E+03	 1.30390E+03
 3.41358E+03	 1.30617E+03
 3.41673E+03	 1.30050E+03
 3.41987E+03	 1.28897E+03
 3.42302E+03	 1.29397E+03
 3.42616E+03	 1.28837E+03
 3.42930E+03	 1.27237E+03
 3.43244E+03	 1.26627E+03
 3.43558E+03	 1.25473E+03
 3.43872E+03	 1.27760E+03
 3.44185E+03	 1.26517E+03
 3.44499E+03	 1.27630E+03
 3.44812E+03	 1.25910E+03
 3.45125E+03	 1.25067E+03
 3.45438E+03	 1.24043E+03
 3.45751E+03	 1.24940E+03
 3.46064E+03	 1.23873E+03
 3.46376E+03	 1.23400E+03
 3.46689E+03	 1.23343E+03
 3.47001E+03	 1.24827E+03
 3.47313E+03	 1.22713E+03
 3.47625E+03	 1.21050E+03
 3.47937E+03	 1.20837E+03
 3.48249E+03	 1.20783E+03
 3.48560E+03	 1.19780E+03
 3.48872E+03	 1.18577E+03
 3.49183E+03	 1.19587E+03
 3.49494E+03	 1.19027E+03
 3.49805E+03	 1.17610E+03
 3.50116E+03	 1.17423E+03
 3.50427E+03	 1.17647E+03
 3.50737E+03	 1.16123E+03
 3.51048E+03	 1.15743E+03
 3.51358E+03	 1.15457E+03
 3.51668E+03	 1.12930E+03
 3.51978E+03	 1.14233E+03
 3.52288E+03	 1.14333E+03
 3.52598E+03	 1.11693E+03
 3.52907E+03	 1.11467E+03
 3.53217E+03	 1.12010E+03
 3.53526E+03	 1.11510E+03
 3.53835E+03	 1.10410E+03
 3.54144E+03	 1.09680E+03
 3.54453E+03	 1.09383E+03
 3.54762E+03	 1.08837E+03
 3.55071E+03	 1.08557E+03
 3.55379E+03	 1.07363E+03
 3.55687E+03	 1.07667E+03
 3.55996E+03	 1.08987E+03
 3.56304E+03	 1.07330E+03
 3.56612E+03	 1.05850E+03
 3.56919E+03	 1.06620E+03
 3.57227E+03	 1.05953E+03
 3.57535E+03	 1.04527E+03
 3.57842E+03	 1.05170E+03
 3.58149E+03	 1.06267E+03
 3.58456E+03	 1.04243E+03
 3.58763E+03	 1.03030E+03
 3.59070E+03	 1.02463E+03
 3.59377E+03	 1.01933E+03
 3.59683E+03	 1.02100E+03
 3.59990E+03	 1.01727E+03
 3.60296E+03	 1.01400E+03
 3.60602E+03	 1.00920E+03
 3.60908E+03	 1.00603E+03
 3.61214E+03	 1.00043E+03
 3.61519E+03	 9.96700E+02
 3.61825E+03	 9.94167E+02
 3.62130E+03	 9.86867E+02
 3.62436E+03	 9.93467E+02
 3.62741E+03	 9.85400E+02
 3.63046E+03	 9.79200E+02
 3.63351E+03	 9.73000E+02
 3.63656E+03	 9.72800E+02
 3.63960E+03	 9.75100E+02
 3.64265E+03	 9.73567E+02
 3.64569E+03	 9.72533E+02
 3.64873E+03	 9.66567E+02
 3.65177E+03	 9.63967E+02
 3.65481E+03	 9.62100E+02
 3.65785E+03	 9.58800E+02
 3.66089E+03	 9.60200E+02
 3.66392E+03	 9.57133E+02
 3.66695E+03	 9.59100E+02
 3.66999E+03	 9.51400E+02
 3.67302E+03	 9.51733E+02
 3.67605E+03	 9.51300E+02
 3.67908E+03	 9.51167E+02
 3.68210E+03	 9.48733E+02
 3.68513E+03	 9.46000E+02
 3.68815E+03	 9.47733E+02
 3.69117E+03	 9.49567E+02
 3.69420E+03	 9.45500E+02
 3.69722E+03	 9.41167E+02
 3.70023E+03	 9.42100E+02
 3.70325E+03	 9.44367E+02
 3.70627E+03	 9.41467E+02
 3.70928E+03	 9.42167E+02
 3.71230E+03	 9.41200E+02
 3.71531E+03	 9.41333E+02
 3.71832E+03	 9.38100E+02
 3.72133E+03	 9.37767E+02
 3.72434E+03	 9.38400E+02
 3.72734E+03	 9.39733E+02
 3.73035E+03	 9.36333E+02
 3.73335E+03	 9.36067E+02
 3.73635E+03	 9.35533E+02
 3.73936E+03	 9.36400E+02
 3.74236E+03	 9.37133E+02
 3.74535E+03	 9.37600E+02
 3.74835E+03	 9.34867E+02
 3.75135E+03	 9.33633E+02
 3.75434E+03	 9.33867E+02
 3.75733E+03	 9.34500E+02
 3.76033E+03	 9.34167E+02
 3.76332E+03	 9.33267E+02
 3.76631E+03	 9.33333E+02
 3.76929E+03	 9.34400E+02
 3.77228E+03	 9.33000E+02
 3.77527E+03	 9.34033E+02
 3.77825E+03	 9.32867E+02
 3.78123E+03	 9.31867E+02
 3.78421E+03	 9.33300E+02
 3.78719E+03	 9.30633E+02
