-1.40382E+02	 9.06100E+02
-1.35457E+02	 9.07967E+02
-1.30535E+02	 9.06767E+02
-1.25616E+02	 9.05833E+02
-1.20700E+02	 9.08933E+02
-1.15786E+02	 9.08167E+02
-1.10875E+02	 9.08233E+02
-1.05967E+02	 9.09000E+02
-1.01061E+02	 9.06933E+02
-9.61580E+01	 9.08367E+02
-9.12576E+01	 9.09233E+02
-8.63599E+01	 9.07867E+02
-8.14648E+01	 9.08700E+02
-7.65724E+01	 9.08367E+02
-7.16827E+01	 9.07933E+02
-6.67956E+01	 9.08267E+02
-6.19111E+01	 9.09267E+02
-5.70293E+01	 9.07300E+02
-5.21502E+01	 9.09367E+02
-4.72737E+01	 9.09467E+02
-4.23998E+01	 9.09267E+02
-3.75286E+01	 9.09933E+02
-3.26600E+01	 9.10567E+02
-2.77941E+01	 9.12633E+02
-2.29308E+01	 9.13067E+02
-1.80701E+01	 9.12867E+02
-1.32121E+01	 9.15467E+02
-8.35667E+00	 9.19133E+02
-3.50389E+00	 9.24233E+02
 1.34626E+00	 9.52700E+02
 6.19379E+00	 1.31540E+03
 1.10387E+01	 4.69713E+03
 1.58810E+01	 6.94677E+03
 2.07207E+01	 3.61723E+03
 2.55577E+01	 1.12710E+03
 3.03922E+01	 9.29233E+02
 3.52240E+01	 9.17267E+02
 4.00532E+01	 9.13967E+02
 4.48798E+01	 9.12233E+02
 4.97038E+01	 9.11533E+02
 5.45252E+01	 9.10900E+02
 5.93440E+01	 9.11800E+02
 6.41602E+01	 9.12133E+02
 6.89738E+01	 9.14567E+02
 7.37848E+01	 9.23467E+02
 7.85932E+01	 9.55167E+02
 8.33991E+01	 1.05073E+03
 8.82023E+01	 1.24633E+03
 9.30029E+01	 1.45217E+03
 9.78010E+01	 1.60220E+03
 1.02596E+02	 1.67813E+03
 1.07389E+02	 1.69577E+03
 1.12180E+02	 1.69313E+03
 1.16967E+02	 1.68007E+03
 1.21753E+02	 1.64653E+03
 1.26535E+02	 1.61520E+03
 1.31315E+02	 1.59643E+03
 1.36093E+02	 1.60620E+03
 1.40867E+02	 1.60000E+03
 1.45640E+02	 1.58947E+03
 1.50409E+02	 1.57150E+03
 1.55177E+02	 1.56890E+03
 1.59941E+02	 1.53037E+03
 1.64703E+02	 1.50897E+03
 1.69463E+02	 1.49997E+03
 1.74220E+02	 1.50073E+03
 1.78974E+02	 1.48343E+03
 1.83726E+02	 1.46890E+03
 1.88475E+02	 1.47920E+03
 1.93222E+02	 1.47963E+03
 1.97966E+02	 1.46067E+03
 2.02708E+02	 1.48713E+03
 2.07447E+02	 1.46913E+03
 2.12184E+02	 1.48563E+03
 2.16918E+02	 1.47483E+03
 2.21649E+02	 1.47507E+03
 2.26378E+02	 1.46267E+03
 2.31105E+02	 1.44427E+03
 2.35829E+02	 1.43780E+03
 2.40550E+02	 1.44643E+03
 2.45269E+02	 1.46300E+03
 2.49985E+02	 1.42143E+03
 2.54699E+02	 1.43690E+03
 2.59410E+02	 1.40330E+03
 2.64119E+02	 1.39930E+03
 2.68825E+02	 1.43750E+03
 2.73529E+02	 1.43810E+03
 2.78230E+02	 1.43950E+03
 2.82929E+02	 1.41130E+03
 2.87625E+02	 1.41007E+03
 2.92319E+02	 1.42787E+03
 2.97010E+02	 1.41717E+03
 3.01699E+02	 1.41840E+03
 3.06385E+02	 1.42817E+03
 3.11069E+02	 1.40890E+03
 3.15750E+02	 1.40517E+03
 3.20428E+02	 1.41767E+03
 3.25105E+02	 1.42617E+03
 3.29778E+02	 1.41303E+03
 3.34450E+02	 1.40280E+03
 3.39118E+02	 1.41253E+03
 3.43785E+02	 1.41037E+03
 3.48448E+02	 1.40283E+03
 3.53110E+02	 1.39727E+03
 3.57768E+02	 1.41200E+03
 3.62425E+02	 1.40930E+03
 3.67079E+02	 1.40280E+03
 3.71730E+02	 1.38040E+03
 3.76379E+02	 1.36733E+03
 3.81025E+02	 1.37983E+03
 3.85669E+02	 1.39580E+03
 3.90311E+02	 1.40570E+03
 3.94950E+02	 1.41633E+03
 3.99586E+02	 1.41803E+03
 4.04220E+02	 1.43177E+03
 4.08852E+02	 1.42363E+03
 4.13481E+02	 1.44057E+03
 4.18108E+02	 1.43400E+03
 4.22732E+02	 1.46460E+03
 4.27354E+02	 1.48223E+03
 4.31973E+02	 1.52677E+03
 4.36590E+02	 1.52557E+03
 4.41205E+02	 1.50163E+03
 4.45817E+02	 1.45797E+03
 4.50426E+02	 1.43413E+03
 4.55034E+02	 1.41460E+03
 4.59638E+02	 1.40857E+03
 4.64241E+02	 1.40207E+03
 4.68840E+02	 1.38147E+03
 4.73438E+02	 1.38337E+03
 4.78033E+02	 1.39907E+03
 4.82625E+02	 1.42493E+03
 4.87215E+02	 1.47307E+03
 4.91803E+02	 1.53010E+03
 4.96388E+02	 1.59963E+03
 5.00971E+02	 1.62117E+03
 5.05552E+02	 1.63800E+03
 5.10129E+02	 1.60377E+03
 5.14705E+02	 1.54230E+03
 5.19278E+02	 1.48707E+03
 5.23849E+02	 1.43470E+03
 5.28417E+02	 1.40457E+03
 5.32983E+02	 1.38010E+03
 5.37547E+02	 1.35497E+03
 5.42108E+02	 1.35303E+03
 5.46666E+02	 1.33627E+03
 5.51223E+02	 1.34573E+03
 5.55777E+02	 1.34920E+03
 5.60328E+02	 1.35097E+03
 5.64877E+02	 1.38077E+03
 5.69424E+02	 1.38270E+03
 5.73968E+02	 1.36117E+03
 5.78510E+02	 1.35650E+03
 5.83049E+02	 1.33503E+03
 5.87587E+02	 1.34963E+03
 5.92121E+02	 1.32877E+03
 5.96654E+02	 1.33030E+03
 6.01184E+02	 1.31783E+03
 6.05711E+02	 1.31897E+03
 6.10236E+02	 1.31540E+03
 6.14759E+02	 1.30337E+03
 6.19280E+02	 1.31327E+03
 6.23798E+02	 1.32187E+03
 6.28313E+02	 1.30917E+03
 6.32827E+02	 1.30483E+03
 6.37338E+02	 1.29697E+03
 6.41846E+02	 1.28193E+03
 6.46352E+02	 1.31083E+03
 6.50856E+02	 1.32680E+03
 6.55358E+02	 1.31570E+03
 6.59857E+02	 1.32307E+03
 6.64354E+02	 1.32530E+03
 6.68848E+02	 1.32557E+03
 6.73340E+02	 1.34617E+03
 6.77830E+02	 1.34887E+03
 6.82317E+02	 1.36593E+03
 6.86802E+02	 1.38890E+03
 6.91285E+02	 1.40743E+03
 6.95765E+02	 1.38827E+03
 7.00243E+02	 1.36663E+03
 7.04718E+02	 1.35127E+03
 7.09192E+02	 1.32917E+03
 7.13663E+02	 1.30787E+03
 7.18131E+02	 1.31733E+03
 7.22597E+02	 1.30093E+03
 7.27061E+02	 1.28460E+03
 7.31523E+02	 1.28363E+03
 7.35982E+02	 1.28567E+03
 7.40439E+02	 1.27487E+03
 7.44894E+02	 1.27547E+03
 7.49346E+02	 1.28517E+03
 7.53796E+02	 1.29297E+03
 7.58243E+02	 1.27800E+03
 7.62689E+02	 1.27810E+03
 7.67132E+02	 1.26857E+03
 7.71572E+02	 1.27787E+03
 7.76011E+02	 1.28403E+03
 7.80447E+02	 1.28383E+03
 7.84880E+02	 1.28897E+03
 7.89312E+02	 1.29817E+03
 7.93741E+02	 1.29690E+03
 7.98167E+02	 1.29590E+03
 8.02592E+02	 1.33127E+03
 8.07014E+02	 1.32447E+03
 8.11434E+02	 1.32107E+03
 8.15851E+02	 1.32527E+03
 8.20267E+02	 1.36053E+03
 8.24680E+02	 1.38420E+03
 8.29090E+02	 1.44227E+03
 8.33499E+02	 1.52040E+03
 8.37905E+02	 1.58833E+03
 8.42309E+02	 1.56657E+03
 8.46710E+02	 1.54317E+03
 8.51109E+02	 1.53657E+03
 8.55506E+02	 1.62313E+03
 8.59901E+02	 1.70583E+03
 8.64293E+02	 1.79223E+03
 8.68683E+02	 1.80720E+03
 8.73071E+02	 1.81190E+03
 8.77456E+02	 1.73700E+03
 8.81840E+02	 1.67950E+03
 8.86221E+02	 1.61793E+03
 8.90599E+02	 1.54607E+03
 8.94976E+02	 1.47240E+03
 8.99350E+02	 1.39890E+03
 9.03722E+02	 1.38227E+03
 9.08091E+02	 1.35713E+03
 9.12459E+02	 1.36620E+03
 9.16824E+02	 1.39033E+03
 9.21187E+02	 1.43613E+03
 9.25547E+02	 1.47030E+03
 9.29905E+02	 1.51453E+03
 9.34261E+02	 1.56613E+03
 9.38615E+02	 1.60627E+03
 9.42967E+02	 1.58353E+03
 9.47316E+02	 1.58203E+03
 9.51663E+02	 1.52233E+03
 9.56008E+02	 1.43213E+03
 9.60350E+02	 1.38913E+03
 9.64691E+02	 1.34733E+03
 9.69029E+02	 1.33987E+03
 9.73364E+02	 1.33323E+03
 9.77698E+02	 1.33257E+03
 9.82029E+02	 1.34523E+03
 9.86358E+02	 1.39310E+03
 9.90685E+02	 1.41680E+03
 9.95010E+02	 1.42763E+03
 9.99332E+02	 1.41633E+03
 1.00365E+03	 1.40773E+03
 1.00797E+03	 1.37153E+03
 1.01229E+03	 1.35703E+03
 1.01660E+03	 1.34540E+03
 1.02091E+03	 1.35333E+03
 1.02522E+03	 1.36770E+03
 1.02953E+03	 1.37297E+03
 1.03383E+03	 1.39270E+03
 1.03813E+03	 1.42113E+03
 1.04243E+03	 1.47653E+03
 1.04673E+03	 1.54853E+03
 1.05103E+03	 1.60280E+03
 1.05532E+03	 1.68963E+03
 1.05961E+03	 1.78343E+03
 1.06390E+03	 1.83270E+03
 1.06819E+03	 1.87637E+03
 1.07247E+03	 1.86037E+03
 1.07676E+03	 1.85427E+03
 1.08104E+03	 1.85543E+03
 1.08531E+03	 1.84433E+03
 1.08959E+03	 1.79800E+03
 1.09386E+03	 1.74383E+03
 1.09813E+03	 1.73827E+03
 1.10240E+03	 1.74167E+03
 1.10667E+03	 1.73193E+03
 1.11094E+03	 1.73963E+03
 1.11520E+03	 1.70577E+03
 1.11946E+03	 1.71400E+03
 1.12372E+03	 1.70913E+03
 1.12797E+03	 1.72870E+03
 1.13223E+03	 1.71657E+03
 1.13648E+03	 1.67090E+03
 1.14073E+03	 1.59910E+03
 1.14498E+03	 1.52723E+03
 1.14922E+03	 1.48650E+03
 1.15347E+03	 1.44610E+03
 1.15771E+03	 1.40343E+03
 1.16194E+03	 1.39903E+03
 1.16618E+03	 1.39917E+03
 1.17042E+03	 1.39133E+03
 1.17465E+03	 1.40863E+03
 1.17888E+03	 1.38413E+03
 1.18311E+03	 1.39967E+03
 1.18733E+03	 1.40840E+03
 1.19156E+03	 1.43537E+03
 1.19578E+03	 1.41267E+03
 1.20000E+03	 1.44753E+03
 1.20421E+03	 1.47440E+03
 1.20843E+03	 1.47670E+03
 1.21264E+03	 1.49377E+03
 1.21685E+03	 1.53497E+03
 1.22106E+03	 1.52800E+03
 1.22527E+03	 1.57743E+03
 1.22947E+03	 1.61317E+03
 1.23367E+03	 1.59953E+03
 1.23787E+03	 1.63007E+03
 1.24207E+03	 1.66467E+03
 1.24627E+03	 1.67630E+03
 1.25046E+03	 1.69697E+03
 1.25465E+03	 1.73813E+03
 1.25884E+03	 1.76927E+03
 1.26303E+03	 1.78593E+03
 1.26721E+03	 1.80747E+03
 1.27140E+03	 1.82253E+03
 1.27558E+03	 1.79340E+03
 1.27975E+03	 1.83780E+03
 1.28393E+03	 1.86317E+03
 1.28811E+03	 1.83393E+03
 1.29228E+03	 1.87887E+03
 1.29645E+03	 1.85260E+03
 1.30062E+03	 1.83413E+03
 1.30478E+03	 1.85327E+03
 1.30895E+03	 1.84040E+03
 1.31311E+03	 1.84910E+03
 1.31727E+03	 1.88683E+03
 1.32142E+03	 1.89250E+03
 1.32558E+03	 1.92007E+03
 1.32973E+03	 1.96297E+03
 1.33388E+03	 1.95240E+03
 1.33803E+03	 1.94440E+03
 1.34218E+03	 1.98620E+03
 1.34632E+03	 1.95480E+03
 1.35047E+03	 1.94223E+03
 1.35461E+03	 1.92813E+03
 1.35875E+03	 1.94927E+03
 1.36288E+03	 1.92693E+03
 1.36702E+03	 1.92433E+03
 1.37115E+03	 1.91737E+03
 1.37528E+03	 1.89193E+03
 1.37941E+03	 1.87377E+03
 1.38353E+03	 1.83270E+03
 1.38766E+03	 1.81107E+03
 1.39178E+03	 1.83407E+03
 1.39590E+03	 1.77497E+03
 1.40001E+03	 1.74237E+03
 1.40413E+03	 1.73527E+03
 1.40824E+03	 1.71813E+03
 1.41235E+03	 1.70350E+03
 1.41646E+03	 1.69753E+03
 1.42057E+03	 1.66937E+03
 1.42468E+03	 1.64697E+03
 1.42878E+03	 1.65547E+03
 1.43288E+03	 1.64273E+03
 1.43698E+03	 1.62217E+03
 1.44107E+03	 1.61163E+03
 1.44517E+03	 1.61227E+03
 1.44926E+03	 1.60697E+03
 1.45335E+03	 1.58737E+03
 1.45744E+03	 1.60610E+03
 1.46153E+03	 1.64557E+03
 1.46561E+03	 1.71767E+03
 1.46969E+03	 1.79147E+03
 1.47377E+03	 1.89110E+03
 1.47785E+03	 1.95860E+03
 1.48193E+03	 2.00527E+03
 1.48600E+03	 2.01813E+03
 1.49007E+03	 1.95447E+03
 1.49414E+03	 1.82457E+03
 1.49821E+03	 1.71407E+03
 1.50228E+03	 1.62787E+03
 1.50634E+03	 1.53987E+03
 1.51040E+03	 1.48650E+03
 1.51446E+03	 1.45073E+03
 1.51852E+03	 1.43610E+03
 1.52258E+03	 1.41017E+03
 1.52663E+03	 1.40773E+03
 1.53068E+03	 1.42290E+03
 1.53473E+03	 1.42547E+03
 1.53878E+03	 1.40790E+03
 1.54282E+03	 1.39503E+03
 1.54687E+03	 1.41643E+03
 1.55091E+03	 1.42637E+03
 1.55495E+03	 1.41633E+03
 1.55899E+03	 1.42610E+03
 1.56302E+03	 1.43557E+03
 1.56705E+03	 1.45573E+03
 1.57109E+03	 1.46520E+03
 1.57512E+03	 1.46557E+03
 1.57914E+03	 1.47283E+03
 1.58317E+03	 1.49270E+03
 1.58719E+03	 1.51883E+03
 1.59121E+03	 1.51107E+03
 1.59523E+03	 1.54520E+03
 1.59925E+03	 1.59707E+03
 1.60326E+03	 1.55957E+03
 1.60728E+03	 1.61247E+03
 1.61129E+03	 1.62010E+03
 1.61530E+03	 1.63237E+03
 1.61930E+03	 1.64213E+03
 1.62331E+03	 1.58670E+03
 1.62731E+03	 1.52853E+03
 1.63131E+03	 1.52900E+03
 1.63531E+03	 1.47273E+03
 1.63931E+03	 1.44240E+03
 1.64330E+03	 1.37800E+03
 1.64730E+03	 1.35987E+03
 1.65129E+03	 1.33067E+03
 1.65528E+03	 1.31953E+03
 1.65926E+03	 1.31373E+03
 1.66325E+03	 1.29740E+03
 1.66723E+03	 1.28627E+03
 1.67121E+03	 1.28233E+03
 1.67519E+03	 1.26763E+03
 1.67917E+03	 1.26677E+03
 1.68314E+03	 1.26037E+03
 1.68712E+03	 1.24450E+03
 1.69109E+03	 1.23387E+03
 1.69506E+03	 1.23237E+03
 1.69903E+03	 1.23950E+03
 1.70299E+03	 1.22353E+03
 1.70695E+03	 1.22133E+03
 1.71092E+03	 1.21380E+03
 1.71487E+03	 1.21787E+03
 1.71883E+03	 1.20730E+03
 1.72279E+03	 1.20467E+03
 1.72674E+03	 1.20123E+03
 1.73069E+03	 1.20497E+03
 1.73464E+03	 1.21567E+03
 1.73859E+03	 1.20713E+03
 1.74253E+03	 1.20743E+03
 1.74648E+03	 1.20487E+03
 1.75042E+03	 1.19490E+03
 1.75436E+03	 1.20373E+03
 1.75830E+03	 1.20007E+03
 1.76223E+03	 1.20237E+03
 1.76617E+03	 1.20447E+03
 1.77010E+03	 1.20077E+03
 1.77403E+03	 1.19633E+03
 1.77796E+03	 1.19533E+03
 1.78188E+03	 1.20713E+03
 1.78581E+03	 1.20603E+03
 1.78973E+03	 1.19510E+03
 1.79365E+03	 1.19637E+03
 1.79757E+03	 1.19863E+03
 1.80148E+03	 1.20110E+03
 1.80540E+03	 1.20693E+03
 1.80931E+03	 1.20933E+03
 1.81322E+03	 1.20197E+03
 1.81713E+03	 1.20440E+03
 1.82104E+03	 1.20847E+03
 1.82494E+03	 1.21057E+03
 1.82884E+03	 1.19780E+03
 1.83274E+03	 1.19427E+03
 1.83664E+03	 1.19940E+03
 1.84054E+03	 1.21767E+03
 1.84443E+03	 1.20683E+03
 1.84833E+03	 1.20527E+03
 1.85222E+03	 1.20823E+03
 1.85611E+03	 1.20230E+03
 1.85999E+03	 1.20320E+03
 1.86388E+03	 1.19817E+03
 1.86776E+03	 1.20610E+03
 1.87164E+03	 1.19120E+03
 1.87552E+03	 1.19740E+03
 1.87940E+03	 1.21357E+03
 1.88328E+03	 1.20517E+03
 1.88715E+03	 1.19800E+03
 1.89102E+03	 1.20813E+03
 1.89489E+03	 1.20147E+03
 1.89876E+03	 1.20603E+03
 1.90263E+03	 1.20303E+03
 1.90649E+03	 1.21840E+03
 1.91035E+03	 1.21137E+03
 1.91421E+03	 1.22720E+03
 1.91807E+03	 1.21497E+03
 1.92193E+03	 1.21417E+03
 1.92578E+03	 1.20710E+03
 1.92964E+03	 1.21163E+03
 1.93349E+03	 1.20677E+03
 1.93734E+03	 1.21663E+03
 1.94118E+03	 1.21190E+03
 1.94503E+03	 1.20797E+03
 1.94887E+03	 1.21203E+03
 1.95271E+03	 1.20963E+03
 1.95655E+03	 1.21380E+03
 1.96039E+03	 1.20890E+03
 1.96423E+03	 1.20993E+03
 1.96806E+03	 1.20487E+03
 1.97189E+03	 1.20000E+03
 1.97572E+03	 1.22307E+03
 1.97955E+03	 1.20917E+03
 1.98338E+03	 1.20683E+03
 1.98720E+03	 1.19637E+03
 1.99103E+03	 1.21250E+03
 1.99485E+03	 1.19830E+03
 1.99866E+03	 1.20563E+03
 2.00248E+03	 1.21030E+03
 2.00630E+03	 1.20300E+03
 2.01011E+03	 1.20520E+03
 2.01392E+03	 1.21257E+03
 2.01773E+03	 1.20847E+03
 2.02154E+03	 1.21683E+03
 2.02534E+03	 1.20467E+03
 2.02915E+03	 1.20370E+03
 2.03295E+03	 1.22180E+03
 2.03675E+03	 1.21693E+03
 2.04055E+03	 1.20657E+03
 2.04435E+03	 1.20787E+03
 2.04814E+03	 1.21077E+03
 2.05193E+03	 1.20927E+03
 2.05572E+03	 1.20820E+03
 2.05951E+03	 1.20727E+03
 2.06330E+03	 1.21843E+03
 2.06708E+03	 1.21193E+03
 2.07087E+03	 1.20903E+03
 2.07465E+03	 1.20070E+03
 2.07843E+03	 1.19570E+03
 2.08221E+03	 1.21253E+03
 2.08598E+03	 1.21480E+03
 2.08976E+03	 1.19403E+03
 2.09353E+03	 1.19743E+03
 2.09730E+03	 1.21003E+03
 2.10107E+03	 1.21167E+03
 2.10484E+03	 1.21373E+03
 2.10860E+03	 1.20113E+03
 2.11236E+03	 1.19437E+03
 2.11613E+03	 1.20307E+03
 2.11989E+03	 1.21020E+03
 2.12364E+03	 1.20890E+03
 2.12740E+03	 1.19487E+03
 2.13115E+03	 1.21637E+03
 2.13490E+03	 1.20730E+03
 2.13866E+03	 1.19903E+03
 2.14240E+03	 1.21297E+03
 2.14615E+03	 1.21533E+03
 2.14990E+03	 1.20773E+03
 2.15364E+03	 1.21033E+03
 2.15738E+03	 1.21700E+03
 2.16112E+03	 1.20340E+03
 2.16486E+03	 1.20723E+03
 2.16859E+03	 1.21030E+03
 2.17233E+03	 1.20267E+03
 2.17606E+03	 1.21367E+03
 2.17979E+03	 1.20863E+03
 2.18352E+03	 1.19337E+03
 2.18724E+03	 1.21283E+03
 2.19097E+03	 1.20610E+03
 2.19469E+03	 1.20610E+03
 2.19841E+03	 1.20583E+03
 2.20213E+03	 1.20587E+03
 2.20585E+03	 1.21593E+03
 2.20956E+03	 1.19743E+03
 2.21328E+03	 1.20273E+03
 2.21699E+03	 1.19850E+03
 2.22070E+03	 1.20093E+03
 2.22441E+03	 1.20683E+03
 2.22812E+03	 1.19767E+03
 2.23182E+03	 1.21513E+03
 2.23552E+03	 1.21993E+03
 2.23923E+03	 1.19617E+03
 2.24293E+03	 1.20897E+03
 2.24662E+03	 1.21487E+03
 2.25032E+03	 1.19833E+03
 2.25401E+03	 1.20310E+03
 2.25771E+03	 1.20663E+03
 2.26140E+03	 1.20377E+03
 2.26509E+03	 1.19913E+03
 2.26877E+03	 1.19790E+03
 2.27246E+03	 1.20360E+03
 2.27614E+03	 1.20493E+03
 2.27982E+03	 1.20093E+03
 2.28350E+03	 1.20380E+03
 2.28718E+03	 1.20817E+03
 2.29086E+03	 1.21130E+03
 2.29453E+03	 1.19797E+03
 2.29820E+03	 1.19297E+03
 2.30188E+03	 1.20900E+03
 2.30555E+03	 1.20267E+03
 2.30921E+03	 1.19103E+03
 2.31288E+03	 1.19877E+03
 2.31654E+03	 1.20317E+03
 2.32020E+03	 1.20890E+03
 2.32386E+03	 1.20187E+03
 2.32752E+03	 1.20670E+03
 2.33118E+03	 1.20967E+03
 2.33484E+03	 1.20427E+03
 2.33849E+03	 1.19990E+03
 2.34214E+03	 1.20643E+03
 2.34579E+03	 1.21143E+03
 2.34944E+03	 1.20267E+03
 2.35308E+03	 1.21380E+03
 2.35673E+03	 1.20317E+03
 2.36037E+03	 1.20017E+03
 2.36401E+03	 1.20780E+03
 2.36765E+03	 1.21127E+03
 2.37129E+03	 1.20687E+03
 2.37492E+03	 1.21927E+03
 2.37856E+03	 1.21133E+03
 2.38219E+03	 1.21140E+03
 2.38582E+03	 1.22703E+03
 2.38945E+03	 1.21417E+03
 2.39308E+03	 1.20707E+03
 2.39670E+03	 1.21477E+03
 2.40033E+03	 1.21517E+03
 2.40395E+03	 1.21327E+03
 2.40757E+03	 1.20720E+03
 2.41119E+03	 1.19930E+03
 2.41480E+03	 1.21717E+03
 2.41842E+03	 1.21733E+03
 2.42203E+03	 1.20137E+03
 2.42564E+03	 1.21387E+03
 2.42925E+03	 1.22173E+03
 2.43286E+03	 1.19730E+03
 2.43647E+03	 1.20930E+03
 2.44007E+03	 1.19837E+03
 2.44367E+03	 1.20863E+03
 2.44727E+03	 1.21010E+03
 2.45087E+03	 1.20800E+03
 2.45447E+03	 1.21460E+03
 2.45807E+03	 1.21657E+03
 2.46166E+03	 1.20907E+03
 2.46525E+03	 1.22410E+03
 2.46884E+03	 1.19973E+03
 2.47243E+03	 1.20777E+03
 2.47602E+03	 1.21737E+03
 2.47960E+03	 1.20897E+03
 2.48319E+03	 1.20467E+03
 2.48677E+03	 1.22223E+03
 2.49035E+03	 1.21783E+03
 2.49393E+03	 1.21190E+03
 2.49751E+03	 1.21390E+03
 2.50108E+03	 1.21340E+03
 2.50465E+03	 1.21247E+03
 2.50823E+03	 1.22387E+03
 2.51180E+03	 1.21150E+03
 2.51536E+03	 1.21187E+03
 2.51893E+03	 1.21597E+03
 2.52250E+03	 1.22163E+03
 2.52606E+03	 1.21277E+03
 2.52962E+03	 1.21790E+03
 2.53318E+03	 1.22697E+03
 2.53674E+03	 1.22710E+03
 2.54029E+03	 1.23700E+03
 2.54385E+03	 1.21460E+03
 2.54740E+03	 1.23027E+03
 2.55095E+03	 1.22770E+03
 2.55450E+03	 1.22843E+03
 2.55805E+03	 1.21550E+03
 2.56160E+03	 1.22177E+03
 2.56514E+03	 1.22603E+03
 2.56868E+03	 1.22967E+03
 2.57222E+03	 1.23000E+03
 2.57576E+03	 1.21200E+03
 2.57930E+03	 1.21873E+03
 2.58284E+03	 1.22053E+03
 2.58637E+03	 1.22787E+03
 2.58991E+03	 1.22870E+03
 2.59344E+03	 1.22817E+03
 2.59697E+03	 1.21190E+03
 2.60049E+03	 1.23277E+03
 2.60402E+03	 1.23727E+03
 2.60754E+03	 1.21783E+03
 2.61107E+03	 1.21163E+03
 2.61459E+03	 1.21993E+03
 2.61811E+03	 1.21783E+03
 2.62162E+03	 1.22727E+03
 2.62514E+03	 1.21330E+03
 2.62865E+03	 1.23673E+03
 2.63217E+03	 1.22453E+03
 2.63568E+03	 1.22160E+03
 2.63919E+03	 1.22373E+03
 2.64269E+03	 1.22083E+03
 2.64620E+03	 1.22037E+03
 2.64970E+03	 1.22673E+03
 2.65321E+03	 1.22940E+03
 2.65671E+03	 1.22540E+03
 2.66021E+03	 1.23833E+03
 2.66370E+03	 1.23700E+03
 2.66720E+03	 1.22950E+03
 2.67069E+03	 1.24527E+03
 2.67419E+03	 1.22653E+03
 2.67768E+03	 1.23057E+03
 2.68117E+03	 1.25047E+03
 2.68466E+03	 1.24870E+03
 2.68814E+03	 1.25483E+03
 2.69163E+03	 1.25840E+03
 2.69511E+03	 1.25537E+03
 2.69859E+03	 1.25823E+03
 2.70207E+03	 1.25790E+03
 2.70555E+03	 1.26507E+03
 2.70902E+03	 1.26013E+03
 2.71250E+03	 1.28010E+03
 2.71597E+03	 1.28087E+03
 2.71944E+03	 1.26753E+03
 2.72291E+03	 1.28783E+03
 2.72638E+03	 1.30860E+03
 2.72984E+03	 1.31840E+03
 2.73331E+03	 1.31423E+03
 2.73677E+03	 1.33240E+03
 2.74023E+03	 1.33467E+03
 2.74369E+03	 1.34503E+03
 2.74715E+03	 1.34923E+03
 2.75061E+03	 1.35213E+03
 2.75406E+03	 1.37530E+03
 2.75752E+03	 1.37437E+03
 2.76097E+03	 1.37477E+03
 2.76442E+03	 1.35320E+03
 2.76786E+03	 1.37100E+03
 2.77131E+03	 1.37677E+03
 2.77476E+03	 1.36440E+03
 2.77820E+03	 1.34243E+03
 2.78164E+03	 1.34063E+03
 2.78508E+03	 1.36457E+03
 2.78852E+03	 1.35130E+03
 2.79196E+03	 1.37687E+03
 2.79539E+03	 1.36973E+03
 2.79883E+03	 1.35220E+03
 2.80226E+03	 1.39987E+03
 2.80569E+03	 1.38000E+03
 2.80912E+03	 1.39237E+03
 2.81254E+03	 1.40680E+03
 2.81597E+03	 1.42070E+03
 2.81939E+03	 1.44443E+03
 2.82282E+03	 1.47160E+03
 2.82624E+03	 1.48953E+03
 2.82966E+03	 1.48817E+03
 2.83307E+03	 1.51360E+03
 2.83649E+03	 1.55403E+03
 2.83990E+03	 1.58893E+03
 2.84332E+03	 1.60367E+03
 2.84673E+03	 1.67607E+03
 2.85014E+03	 1.68820E+03
 2.85354E+03	 1.72203E+03
 2.85695E+03	 1.79490E+03
 2.86036E+03	 1.85873E+03
 2.86376E+03	 1.92553E+03
 2.86716E+03	 1.99067E+03
 2.87056E+03	 2.02520E+03
 2.87396E+03	 2.18440E+03
 2.87736E+03	 2.34203E+03
 2.88075E+03	 2.47823E+03
 2.88414E+03	 2.58853E+03
 2.88754E+03	 2.73840E+03
 2.89093E+03	 2.96017E+03
 2.89431E+03	 3.03987E+03
 2.89770E+03	 3.15250E+03
 2.90109E+03	 3.17873E+03
 2.90447E+03	 3.19687E+03
 2.90785E+03	 3.21130E+03
 2.91123E+03	 3.03927E+03
 2.91461E+03	 2.94363E+03
 2.91799E+03	 2.92857E+03
 2.92137E+03	 2.92003E+03
 2.92474E+03	 2.94130E+03
 2.92811E+03	 2.94877E+03
 2.93149E+03	 2.92350E+03
 2.93486E+03	 2.97070E+03
 2.93822E+03	 3.03703E+03
 2.94159E+03	 2.99607E+03
 2.94496E+03	 3.12237E+03
 2.94832E+03	 3.09340E+03
 2.95168E+03	 3.13527E+03
 2.95504E+03	 3.12223E+03
 2.95840E+03	 3.10157E+03
 2.96176E+03	 3.07433E+03
 2.96511E+03	 3.00490E+03
 2.96847E+03	 3.00277E+03
 2.97182E+03	 2.85070E+03
 2.97517E+03	 2.71817E+03
 2.97852E+03	 2.58093E+03
 2.98187E+03	 2.51233E+03
 2.98521E+03	 2.43310E+03
 2.98856E+03	 2.20583E+03
 2.99190E+03	 2.04727E+03
 2.99524E+03	 1.91347E+03
 2.99858E+03	 1.77403E+03
 3.00192E+03	 1.67207E+03
 3.00526E+03	 1.58873E+03
 3.00859E+03	 1.54457E+03
 3.01193E+03	 1.45503E+03
 3.01526E+03	 1.40043E+03
 3.01859E+03	 1.37433E+03
 3.02192E+03	 1.34470E+03
 3.02525E+03	 1.31430E+03
 3.02857E+03	 1.30407E+03
 3.03190E+03	 1.27907E+03
 3.03522E+03	 1.26210E+03
 3.03854E+03	 1.25543E+03
 3.04186E+03	 1.25470E+03
 3.04518E+03	 1.24377E+03
 3.04850E+03	 1.24483E+03
 3.05181E+03	 1.22167E+03
 3.05512E+03	 1.22663E+03
 3.05844E+03	 1.21963E+03
 3.06175E+03	 1.20623E+03
 3.06506E+03	 1.21467E+03
 3.06836E+03	 1.22430E+03
 3.07167E+03	 1.22160E+03
 3.07497E+03	 1.21167E+03
 3.07828E+03	 1.19853E+03
 3.08158E+03	 1.21260E+03
 3.08488E+03	 1.20537E+03
 3.08818E+03	 1.20847E+03
 3.09147E+03	 1.20767E+03
 3.09477E+03	 1.20650E+03
 3.09806E+03	 1.21263E+03
 3.10135E+03	 1.21127E+03
 3.10464E+03	 1.22260E+03
 3.10793E+03	 1.21077E+03
 3.11122E+03	 1.21053E+03
 3.11451E+03	 1.21203E+03
 3.11779E+03	 1.23577E+03
 3.12107E+03	 1.22303E+03
 3.12436E+03	 1.23213E+03
 3.12764E+03	 1.23890E+03
 3.13091E+03	 1.24027E+03
 3.13419E+03	 1.22617E+03
 3.13747E+03	 1.24650E+03
 3.14074E+03	 1.24813E+03
 3.14401E+03	 1.25257E+03
 3.14728E+03	 1.25537E+03
 3.15055E+03	 1.26053E+03
 3.15382E+03	 1.24010E+03
 3.15709E+03	 1.26433E+03
 3.16035E+03	 1.28117E+03
 3.16362E+03	 1.28200E+03
 3.16688E+03	 1.28960E+03
 3.17014E+03	 1.27537E+03
 3.17340E+03	 1.29203E+03
 3.17665E+03	 1.29507E+03
 3.17991E+03	 1.29683E+03
 3.18316E+03	 1.29267E+03
 3.18642E+03	 1.31147E+03
 3.18967E+03	 1.30130E+03
 3.19292E+03	 1.30747E+03
 3.19617E+03	 1.32310E+03
 3.19941E+03	 1.32690E+03
 3.20266E+03	 1.33800E+03
 3.20590E+03	 1.33180E+03
 3.20914E+03	 1.34543E+03
 3.21238E+03	 1.35193E+03
 3.21562E+03	 1.36240E+03
 3.21886E+03	 1.34493E+03
 3.22210E+03	 1.35310E+03
 3.22533E+03	 1.37243E+03
 3.22857E+03	 1.37527E+03
 3.23180E+03	 1.37770E+03
 3.23503E+03	 1.38573E+03
 3.23826E+03	 1.39157E+03
 3.24148E+03	 1.40790E+03
 3.24471E+03	 1.39433E+03
 3.24793E+03	 1.38973E+03
 3.25116E+03	 1.41540E+03
 3.25438E+03	 1.41410E+03
 3.25760E+03	 1.40460E+03
 3.26082E+03	 1.40893E+03
 3.26403E+03	 1.41157E+03
 3.26725E+03	 1.43163E+03
 3.27046E+03	 1.40203E+03
 3.27368E+03	 1.41637E+03
 3.27689E+03	 1.42067E+03
 3.28010E+03	 1.43377E+03
 3.28331E+03	 1.42817E+03
 3.28651E+03	 1.43307E+03
 3.28972E+03	 1.44533E+03
 3.29292E+03	 1.44257E+03
 3.29612E+03	 1.43920E+03
 3.29932E+03	 1.44323E+03
 3.30252E+03	 1.42087E+03
 3.30572E+03	 1.43947E+03
 3.30892E+03	 1.42917E+03
 3.31211E+03	 1.43030E+03
 3.31531E+03	 1.44150E+03
 3.31850E+03	 1.43140E+03
 3.32169E+03	 1.42450E+03
 3.32488E+03	 1.46083E+03
 3.32807E+03	 1.44843E+03
 3.33125E+03	 1.45823E+03
 3.33444E+03	 1.44030E+03
 3.33762E+03	 1.45717E+03
 3.34080E+03	 1.45627E+03
 3.34398E+03	 1.45113E+03
 3.34716E+03	 1.45997E+03
 3.35034E+03	 1.43787E+03
 3.35351E+03	 1.44673E+03
 3.35669E+03	 1.47900E+03
 3.35986E+03	 1.48680E+03
 3.36303E+03	 1.47457E+03
 3.36620E+03	 1.44180E+03
 3.36937E+03	 1.45767E+03
 3.37254E+03	 1.46827E+03
 3.37570E+03	 1.46967E+03
 3.37887E+03	 1.44173E+03
 3.38203E+03	 1.43353E+03
 3.38519E+03	 1.44720E+03
 3.38835E+03	 1.44730E+03
 3.39151E+03	 1.46890E+03
 3.39467E+03	 1.47753E+03
 3.39782E+03	 1.48710E+03
 3.40098E+03	 1.47670E+03
 3.40413E+03	 1.42627E+03
 3.40728E+03	 1.42147E+03
 3.41043E+03	 1.47230E+03
 3.41358E+03	 1.46887E+03
 3.41673E+03	 1.45637E+03
 3.41987E+03	 1.45487E+03
 3.42302E+03	 1.44617E+03
 3.42616E+03	 1.43783E+03
 3.42930E+03	 1.41657E+03
 3.43244E+03	 1.42590E+03
 3.43558E+03	 1.41197E+03
 3.43872E+03	 1.42293E+03
 3.44185E+03	 1.43490E+03
 3.44499E+03	 1.43947E+03
 3.44812E+03	 1.41820E+03
 3.45125E+03	 1.41083E+03
 3.45438E+03	 1.39000E+03
 3.45751E+03	 1.39447E+03
 3.46064E+03	 1.38140E+03
 3.46376E+03	 1.38367E+03
 3.46689E+03	 1.37857E+03
 3.47001E+03	 1.39657E+03
 3.47313E+03	 1.37513E+03
 3.47625E+03	 1.36607E+03
 3.47937E+03	 1.35610E+03
 3.48249E+03	 1.34027E+03
 3.48560E+03	 1.35170E+03
 3.48872E+03	 1.33930E+03
 3.49183E+03	 1.34590E+03
 3.49494E+03	 1.33883E+03
 3.49805E+03	 1.32290E+03
 3.50116E+03	 1.32580E+03
 3.50427E+03	 1.32153E+03
 3.50737E+03	 1.29573E+03
 3.51048E+03	 1.29817E+03
 3.51358E+03	 1.29817E+03
 3.51668E+03	 1.26720E+03
 3.51978E+03	 1.26780E+03
 3.52288E+03	 1.29140E+03
 3.52598E+03	 1.25417E+03
 3.52907E+03	 1.22610E+03
 3.53217E+03	 1.24723E+03
 3.53526E+03	 1.24407E+03
 3.53835E+03	 1.23133E+03
 3.54144E+03	 1.21733E+03
 3.54453E+03	 1.22247E+03
 3.54762E+03	 1.22337E+03
 3.55071E+03	 1.21687E+03
 3.55379E+03	 1.19913E+03
 3.55687E+03	 1.20540E+03
 3.55996E+03	 1.19217E+03
 3.56304E+03	 1.19717E+03
 3.56612E+03	 1.18047E+03
 3.56919E+03	 1.18420E+03
 3.57227E+03	 1.18713E+03
 3.57535E+03	 1.16817E+03
 3.57842E+03	 1.16827E+03
 3.58149E+03	 1.17170E+03
 3.58456E+03	 1.15013E+03
 3.58763E+03	 1.13917E+03
 3.59070E+03	 1.13277E+03
 3.59377E+03	 1.13447E+03
 3.59683E+03	 1.12263E+03
 3.59990E+03	 1.13413E+03
 3.60296E+03	 1.12890E+03
 3.60602E+03	 1.12090E+03
 3.60908E+03	 1.11360E+03
 3.61214E+03	 1.11703E+03
 3.61519E+03	 1.10053E+03
 3.61825E+03	 1.09590E+03
 3.62130E+03	 1.09220E+03
 3.62436E+03	 1.08807E+03
 3.62741E+03	 1.08567E+03
 3.63046E+03	 1.08883E+03
 3.63351E+03	 1.06750E+03
 3.63656E+03	 1.06687E+03
 3.63960E+03	 1.07443E+03
 3.64265E+03	 1.06837E+03
 3.64569E+03	 1.07757E+03
 3.64873E+03	 1.06677E+03
 3.65177E+03	 1.06063E+03
 3.65481E+03	 1.04490E+03
 3.65785E+03	 1.04147E+03
 3.66089E+03	 1.04577E+03
 3.66392E+03	 1.05277E+03
 3.66695E+03	 1.05127E+03
 3.66999E+03	 1.04753E+03
 3.67302E+03	 1.03843E+03
 3.67605E+03	 1.03960E+03
 3.67908E+03	 1.03827E+03
 3.68210E+03	 1.04283E+03
 3.68513E+03	 1.04450E+03
 3.68815E+03	 1.04063E+03
 3.69117E+03	 1.04210E+03
 3.69420E+03	 1.03663E+03
 3.69722E+03	 1.02957E+03
 3.70023E+03	 1.02967E+03
 3.70325E+03	 1.02947E+03
 3.70627E+03	 1.02307E+03
 3.70928E+03	 1.03537E+03
 3.71230E+03	 1.04207E+03
 3.71531E+03	 1.03137E+03
 3.71832E+03	 1.02190E+03
 3.72133E+03	 1.02850E+03
 3.72434E+03	 1.02607E+03
 3.72734E+03	 1.02620E+03
 3.73035E+03	 1.03333E+03
 3.73335E+03	 1.02213E+03
 3.73635E+03	 1.02033E+03
 3.73936E+03	 1.02130E+03
 3.74236E+03	 1.02900E+03
 3.74535E+03	 1.01677E+03
 3.74835E+03	 1.01997E+03
 3.75135E+03	 1.01163E+03
 3.75434E+03	 1.01090E+03
 3.75733E+03	 1.02163E+03
 3.76033E+03	 1.01730E+03
 3.76332E+03	 1.00997E+03
 3.76631E+03	 1.00717E+03
 3.76929E+03	 1.01593E+03
 3.77228E+03	 1.00907E+03
 3.77527E+03	 1.01193E+03
 3.77825E+03	 1.01207E+03
 3.78123E+03	 1.01097E+03
 3.78421E+03	 1.01637E+03
 3.78719E+03	 1.01087E+03
