-1.40382E+02	 9.05800E+02
-1.35457E+02	 9.06867E+02
-1.30535E+02	 9.06233E+02
-1.25616E+02	 9.06100E+02
-1.20700E+02	 9.07867E+02
-1.15786E+02	 9.06800E+02
-1.10875E+02	 9.07533E+02
-1.05967E+02	 9.06733E+02
-1.01061E+02	 9.06600E+02
-9.61580E+01	 9.08500E+02
-9.12576E+01	 9.07900E+02
-8.63599E+01	 9.08000E+02
-8.14648E+01	 9.08167E+02
-7.65724E+01	 9.08400E+02
-7.16827E+01	 9.08600E+02
-6.67956E+01	 9.08067E+02
-6.19111E+01	 9.07800E+02
-5.70293E+01	 9.07767E+02
-5.21502E+01	 9.09167E+02
-4.72737E+01	 9.09000E+02
-4.23998E+01	 9.09900E+02
-3.75286E+01	 9.09633E+02
-3.26600E+01	 9.10733E+02
-2.77941E+01	 9.11300E+02
-2.29308E+01	 9.13800E+02
-1.80701E+01	 9.15200E+02
-1.32121E+01	 9.17133E+02
-8.35667E+00	 9.22967E+02
-3.50389E+00	 9.30467E+02
 1.34626E+00	 9.63800E+02
 6.19379E+00	 1.44497E+03
 1.10387E+01	 5.98570E+03
 1.58810E+01	 1.10078E+04
 2.07207E+01	 5.41260E+03
 2.55577E+01	 1.31480E+03
 3.03922E+01	 9.44167E+02
 3.52240E+01	 9.25033E+02
 4.00532E+01	 9.17067E+02
 4.48798E+01	 9.14867E+02
 4.97038E+01	 9.14500E+02
 5.45252E+01	 9.12667E+02
 5.93440E+01	 9.13367E+02
 6.41602E+01	 9.14333E+02
 6.89738E+01	 9.18567E+02
 7.37848E+01	 9.37667E+02
 7.85932E+01	 9.89867E+02
 8.33991E+01	 1.16160E+03
 8.82023E+01	 1.49023E+03
 9.30029E+01	 1.81720E+03
 9.78010E+01	 2.02737E+03
 1.02596E+02	 2.09990E+03
 1.07389E+02	 2.11500E+03
 1.12180E+02	 2.09683E+03
 1.16967E+02	 2.01943E+03
 1.21753E+02	 1.96137E+03
 1.26535E+02	 1.88993E+03
 1.31315E+02	 1.85493E+03
 1.36093E+02	 1.83597E+03
 1.40867E+02	 1.84703E+03
 1.45640E+02	 1.80553E+03
 1.50409E+02	 1.75057E+03
 1.55177E+02	 1.74063E+03
 1.59941E+02	 1.70023E+03
 1.64703E+02	 1.67890E+03
 1.69463E+02	 1.63830E+03
 1.74220E+02	 1.61327E+03
 1.78974E+02	 1.60610E+03
 1.83726E+02	 1.58023E+03
 1.88475E+02	 1.56063E+03
 1.93222E+02	 1.54067E+03
 1.97966E+02	 1.51907E+03
 2.02708E+02	 1.51330E+03
 2.07447E+02	 1.48947E+03
 2.12184E+02	 1.48347E+03
 2.16918E+02	 1.46450E+03
 2.21649E+02	 1.43173E+03
 2.26378E+02	 1.42827E+03
 2.31105E+02	 1.41430E+03
 2.35829E+02	 1.40683E+03
 2.40550E+02	 1.39707E+03
 2.45269E+02	 1.39407E+03
 2.49985E+02	 1.39000E+03
 2.54699E+02	 1.37190E+03
 2.59410E+02	 1.37310E+03
 2.64119E+02	 1.35023E+03
 2.68825E+02	 1.34203E+03
 2.73529E+02	 1.33863E+03
 2.78230E+02	 1.33193E+03
 2.82929E+02	 1.33943E+03
 2.87625E+02	 1.33150E+03
 2.92319E+02	 1.33327E+03
 2.97010E+02	 1.31330E+03
 3.01699E+02	 1.32253E+03
 3.06385E+02	 1.30503E+03
 3.11069E+02	 1.30020E+03
 3.15750E+02	 1.30107E+03
 3.20428E+02	 1.30690E+03
 3.25105E+02	 1.29950E+03
 3.29778E+02	 1.29710E+03
 3.34450E+02	 1.30353E+03
 3.39118E+02	 1.30787E+03
 3.43785E+02	 1.31013E+03
 3.48448E+02	 1.30307E+03
 3.53110E+02	 1.30297E+03
 3.57768E+02	 1.28137E+03
 3.62425E+02	 1.27580E+03
 3.67079E+02	 1.25917E+03
 3.71730E+02	 1.25710E+03
 3.76379E+02	 1.24667E+03
 3.81025E+02	 1.24653E+03
 3.85669E+02	 1.26110E+03
 3.90311E+02	 1.28490E+03
 3.94950E+02	 1.31147E+03
 3.99586E+02	 1.31980E+03
 4.04220E+02	 1.32057E+03
 4.08852E+02	 1.32063E+03
 4.13481E+02	 1.34717E+03
 4.18108E+02	 1.40387E+03
 4.22732E+02	 1.46687E+03
 4.27354E+02	 1.53607E+03
 4.31973E+02	 1.59553E+03
 4.36590E+02	 1.58660E+03
 4.41205E+02	 1.53547E+03
 4.45817E+02	 1.47973E+03
 4.50426E+02	 1.42263E+03
 4.55034E+02	 1.38853E+03
 4.59638E+02	 1.35397E+03
 4.64241E+02	 1.32213E+03
 4.68840E+02	 1.30957E+03
 4.73438E+02	 1.32870E+03
 4.78033E+02	 1.33653E+03
 4.82625E+02	 1.39387E+03
 4.87215E+02	 1.51973E+03
 4.91803E+02	 1.66723E+03
 4.96388E+02	 1.81463E+03
 5.00971E+02	 1.89617E+03
 5.05552E+02	 1.89943E+03
 5.10129E+02	 1.85033E+03
 5.14705E+02	 1.71777E+03
 5.19278E+02	 1.57503E+03
 5.23849E+02	 1.44587E+03
 5.28417E+02	 1.36767E+03
 5.32983E+02	 1.31377E+03
 5.37547E+02	 1.29150E+03
 5.42108E+02	 1.28293E+03
 5.46666E+02	 1.27677E+03
 5.51223E+02	 1.27877E+03
 5.55777E+02	 1.29487E+03
 5.60328E+02	 1.32390E+03
 5.64877E+02	 1.33813E+03
 5.69424E+02	 1.35240E+03
 5.73968E+02	 1.33770E+03
 5.78510E+02	 1.30450E+03
 5.83049E+02	 1.28937E+03
 5.87587E+02	 1.27350E+03
 5.92121E+02	 1.25817E+03
 5.96654E+02	 1.24460E+03
 6.01184E+02	 1.22963E+03
 6.05711E+02	 1.22173E+03
 6.10236E+02	 1.21960E+03
 6.14759E+02	 1.21037E+03
 6.19280E+02	 1.21063E+03
 6.23798E+02	 1.21007E+03
 6.28313E+02	 1.20507E+03
 6.32827E+02	 1.20563E+03
 6.37338E+02	 1.21990E+03
 6.41846E+02	 1.22557E+03
 6.46352E+02	 1.22393E+03
 6.50856E+02	 1.22157E+03
 6.55358E+02	 1.23117E+03
 6.59857E+02	 1.25080E+03
 6.64354E+02	 1.26270E+03
 6.68848E+02	 1.29980E+03
 6.73340E+02	 1.32413E+03
 6.77830E+02	 1.33313E+03
 6.82317E+02	 1.36750E+03
 6.86802E+02	 1.40523E+03
 6.91285E+02	 1.45400E+03
 6.95765E+02	 1.43287E+03
 7.00243E+02	 1.40320E+03
 7.04718E+02	 1.33920E+03
 7.09192E+02	 1.27473E+03
 7.13663E+02	 1.24940E+03
 7.18131E+02	 1.22670E+03
 7.22597E+02	 1.21613E+03
 7.27061E+02	 1.20317E+03
 7.31523E+02	 1.20057E+03
 7.35982E+02	 1.17720E+03
 7.40439E+02	 1.18133E+03
 7.44894E+02	 1.18783E+03
 7.49346E+02	 1.18423E+03
 7.53796E+02	 1.17610E+03
 7.58243E+02	 1.17267E+03
 7.62689E+02	 1.17100E+03
 7.67132E+02	 1.17510E+03
 7.71572E+02	 1.17250E+03
 7.76011E+02	 1.16857E+03
 7.80447E+02	 1.18010E+03
 7.84880E+02	 1.18207E+03
 7.89312E+02	 1.19203E+03
 7.93741E+02	 1.20133E+03
 7.98167E+02	 1.21040E+03
 8.02592E+02	 1.24920E+03
 8.07014E+02	 1.24403E+03
 8.11434E+02	 1.23770E+03
 8.15851E+02	 1.26413E+03
 8.20267E+02	 1.29513E+03
 8.24680E+02	 1.38140E+03
 8.29090E+02	 1.54703E+03
 8.33499E+02	 1.69577E+03
 8.37905E+02	 1.77720E+03
 8.42309E+02	 1.79447E+03
 8.46710E+02	 1.72553E+03
 8.51109E+02	 1.73447E+03
 8.55506E+02	 1.82100E+03
 8.59901E+02	 2.04327E+03
 8.64293E+02	 2.23450E+03
 8.68683E+02	 2.33410E+03
 8.73071E+02	 2.27703E+03
 8.77456E+02	 2.15643E+03
 8.81840E+02	 2.04020E+03
 8.86221E+02	 1.84110E+03
 8.90599E+02	 1.67553E+03
 8.94976E+02	 1.52453E+03
 8.99350E+02	 1.38283E+03
 9.03722E+02	 1.29760E+03
 9.08091E+02	 1.26643E+03
 9.12459E+02	 1.28550E+03
 9.16824E+02	 1.33437E+03
 9.21187E+02	 1.42673E+03
 9.25547E+02	 1.49363E+03
 9.29905E+02	 1.58950E+03
 9.34261E+02	 1.65763E+03
 9.38615E+02	 1.74310E+03
 9.42967E+02	 1.76560E+03
 9.47316E+02	 1.69740E+03
 9.51663E+02	 1.59360E+03
 9.56008E+02	 1.45117E+03
 9.60350E+02	 1.32447E+03
 9.64691E+02	 1.24073E+03
 9.69029E+02	 1.21267E+03
 9.73364E+02	 1.19793E+03
 9.77698E+02	 1.21423E+03
 9.82029E+02	 1.26437E+03
 9.86358E+02	 1.31723E+03
 9.90685E+02	 1.39000E+03
 9.95010E+02	 1.42923E+03
 9.99332E+02	 1.39997E+03
 1.00365E+03	 1.32580E+03
 1.00797E+03	 1.27120E+03
 1.01229E+03	 1.23823E+03
 1.01660E+03	 1.22493E+03
 1.02091E+03	 1.22737E+03
 1.02522E+03	 1.24093E+03
 1.02953E+03	 1.26010E+03
 1.03383E+03	 1.30347E+03
 1.03813E+03	 1.38140E+03
 1.04243E+03	 1.48707E+03
 1.04673E+03	 1.61203E+03
 1.05103E+03	 1.73313E+03
 1.05532E+03	 1.92090E+03
 1.05961E+03	 2.12083E+03
 1.06390E+03	 2.23540E+03
 1.06819E+03	 2.33220E+03
 1.07247E+03	 2.39480E+03
 1.07676E+03	 2.33283E+03
 1.08104E+03	 2.32413E+03
 1.08531E+03	 2.27527E+03
 1.08959E+03	 2.19380E+03
 1.09386E+03	 2.09313E+03
 1.09813E+03	 2.02150E+03
 1.10240E+03	 1.99200E+03
 1.10667E+03	 1.96797E+03
 1.11094E+03	 1.95187E+03
 1.11520E+03	 1.95070E+03
 1.11946E+03	 1.91707E+03
 1.12372E+03	 1.92957E+03
 1.12797E+03	 1.98567E+03
 1.13223E+03	 1.97410E+03
 1.13648E+03	 1.88443E+03
 1.14073E+03	 1.72570E+03
 1.14498E+03	 1.55510E+03
 1.14922E+03	 1.41487E+03
 1.15347E+03	 1.31783E+03
 1.15771E+03	 1.25293E+03
 1.16194E+03	 1.20957E+03
 1.16618E+03	 1.19567E+03
 1.17042E+03	 1.18070E+03
 1.17465E+03	 1.18027E+03
 1.17888E+03	 1.17970E+03
 1.18311E+03	 1.17720E+03
 1.18733E+03	 1.18780E+03
 1.19156E+03	 1.18673E+03
 1.19578E+03	 1.19643E+03
 1.20000E+03	 1.21647E+03
 1.20421E+03	 1.23517E+03
 1.20843E+03	 1.27063E+03
 1.21264E+03	 1.30237E+03
 1.21685E+03	 1.35357E+03
 1.22106E+03	 1.37747E+03
 1.22527E+03	 1.41240E+03
 1.22947E+03	 1.43957E+03
 1.23367E+03	 1.45467E+03
 1.23787E+03	 1.48000E+03
 1.24207E+03	 1.51343E+03
 1.24627E+03	 1.54987E+03
 1.25046E+03	 1.58413E+03
 1.25465E+03	 1.61890E+03
 1.25884E+03	 1.67290E+03
 1.26303E+03	 1.70933E+03
 1.26721E+03	 1.73110E+03
 1.27140E+03	 1.73553E+03
 1.27558E+03	 1.76550E+03
 1.27975E+03	 1.74890E+03
 1.28393E+03	 1.71203E+03
 1.28811E+03	 1.69330E+03
 1.29228E+03	 1.70187E+03
 1.29645E+03	 1.65903E+03
 1.30062E+03	 1.61247E+03
 1.30478E+03	 1.59040E+03
 1.30895E+03	 1.57113E+03
 1.31311E+03	 1.56597E+03
 1.31727E+03	 1.56660E+03
 1.32142E+03	 1.56953E+03
 1.32558E+03	 1.57530E+03
 1.32973E+03	 1.56523E+03
 1.33388E+03	 1.61287E+03
 1.33803E+03	 1.60280E+03
 1.34218E+03	 1.58507E+03
 1.34632E+03	 1.56140E+03
 1.35047E+03	 1.56980E+03
 1.35461E+03	 1.56723E+03
 1.35875E+03	 1.59467E+03
 1.36288E+03	 1.62190E+03
 1.36702E+03	 1.63427E+03
 1.37115E+03	 1.62653E+03
 1.37528E+03	 1.58873E+03
 1.37941E+03	 1.57403E+03
 1.38353E+03	 1.54653E+03
 1.38766E+03	 1.54610E+03
 1.39178E+03	 1.53747E+03
 1.39590E+03	 1.53757E+03
 1.40001E+03	 1.52317E+03
 1.40413E+03	 1.50303E+03
 1.40824E+03	 1.49977E+03
 1.41235E+03	 1.49787E+03
 1.41646E+03	 1.48237E+03
 1.42057E+03	 1.49680E+03
 1.42468E+03	 1.49490E+03
 1.42878E+03	 1.48087E+03
 1.43288E+03	 1.47803E+03
 1.43698E+03	 1.47530E+03
 1.44107E+03	 1.46297E+03
 1.44517E+03	 1.44293E+03
 1.44926E+03	 1.43947E+03
 1.45335E+03	 1.45327E+03
 1.45744E+03	 1.48403E+03
 1.46153E+03	 1.56733E+03
 1.46561E+03	 1.71263E+03
 1.46969E+03	 1.91287E+03
 1.47377E+03	 2.13937E+03
 1.47785E+03	 2.33717E+03
 1.48193E+03	 2.40847E+03
 1.48600E+03	 2.41187E+03
 1.49007E+03	 2.29600E+03
 1.49414E+03	 2.04980E+03
 1.49821E+03	 1.79020E+03
 1.50228E+03	 1.52860E+03
 1.50634E+03	 1.36373E+03
 1.51040E+03	 1.26440E+03
 1.51446E+03	 1.21153E+03
 1.51852E+03	 1.17290E+03
 1.52258E+03	 1.15037E+03
 1.52663E+03	 1.13593E+03
 1.53068E+03	 1.12923E+03
 1.53473E+03	 1.12210E+03
 1.53878E+03	 1.11823E+03
 1.54282E+03	 1.10763E+03
 1.54687E+03	 1.10270E+03
 1.55091E+03	 1.10503E+03
 1.55495E+03	 1.09890E+03
 1.55899E+03	 1.09500E+03
 1.56302E+03	 1.10200E+03
 1.56705E+03	 1.09273E+03
 1.57109E+03	 1.08963E+03
 1.57512E+03	 1.09420E+03
 1.57914E+03	 1.09593E+03
 1.58317E+03	 1.08340E+03
 1.58719E+03	 1.08597E+03
 1.59121E+03	 1.08613E+03
 1.59523E+03	 1.08607E+03
 1.59925E+03	 1.08220E+03
 1.60326E+03	 1.08543E+03
 1.60728E+03	 1.08563E+03
 1.61129E+03	 1.08483E+03
 1.61530E+03	 1.08577E+03
 1.61930E+03	 1.08133E+03
 1.62331E+03	 1.07770E+03
 1.62731E+03	 1.07860E+03
 1.63131E+03	 1.07147E+03
 1.63531E+03	 1.07683E+03
 1.63931E+03	 1.07403E+03
 1.64330E+03	 1.06943E+03
 1.64730E+03	 1.07153E+03
 1.65129E+03	 1.07407E+03
 1.65528E+03	 1.07500E+03
 1.65926E+03	 1.07323E+03
 1.66325E+03	 1.07357E+03
 1.66723E+03	 1.06753E+03
 1.67121E+03	 1.06907E+03
 1.67519E+03	 1.06917E+03
 1.67917E+03	 1.06500E+03
 1.68314E+03	 1.06827E+03
 1.68712E+03	 1.06433E+03
 1.69109E+03	 1.06227E+03
 1.69506E+03	 1.05920E+03
 1.69903E+03	 1.05227E+03
 1.70299E+03	 1.05673E+03
 1.70695E+03	 1.04890E+03
 1.71092E+03	 1.04980E+03
 1.71487E+03	 1.04603E+03
 1.71883E+03	 1.04823E+03
 1.72279E+03	 1.04800E+03
 1.72674E+03	 1.04633E+03
 1.73069E+03	 1.04620E+03
 1.73464E+03	 1.04343E+03
 1.73859E+03	 1.03610E+03
 1.74253E+03	 1.03820E+03
 1.74648E+03	 1.03750E+03
 1.75042E+03	 1.03183E+03
 1.75436E+03	 1.03693E+03
 1.75830E+03	 1.03937E+03
 1.76223E+03	 1.03853E+03
 1.76617E+03	 1.03487E+03
 1.77010E+03	 1.03470E+03
 1.77403E+03	 1.03147E+03
 1.77796E+03	 1.03290E+03
 1.78188E+03	 1.03283E+03
 1.78581E+03	 1.03477E+03
 1.78973E+03	 1.03127E+03
 1.79365E+03	 1.03247E+03
 1.79757E+03	 1.02947E+03
 1.80148E+03	 1.03110E+03
 1.80540E+03	 1.02880E+03
 1.80931E+03	 1.02723E+03
 1.81322E+03	 1.02513E+03
 1.81713E+03	 1.03150E+03
 1.82104E+03	 1.02543E+03
 1.82494E+03	 1.02473E+03
 1.82884E+03	 1.03037E+03
 1.83274E+03	 1.02963E+03
 1.83664E+03	 1.02590E+03
 1.84054E+03	 1.02330E+03
 1.84443E+03	 1.02533E+03
 1.84833E+03	 1.02497E+03
 1.85222E+03	 1.02520E+03
 1.85611E+03	 1.02783E+03
 1.85999E+03	 1.02403E+03
 1.86388E+03	 1.02707E+03
 1.86776E+03	 1.02443E+03
 1.87164E+03	 1.02277E+03
 1.87552E+03	 1.02470E+03
 1.87940E+03	 1.02363E+03
 1.88328E+03	 1.02050E+03
 1.88715E+03	 1.02343E+03
 1.89102E+03	 1.02473E+03
 1.89489E+03	 1.02270E+03
 1.89876E+03	 1.02467E+03
 1.90263E+03	 1.02713E+03
 1.90649E+03	 1.02447E+03
 1.91035E+03	 1.02193E+03
 1.91421E+03	 1.02343E+03
 1.91807E+03	 1.02563E+03
 1.92193E+03	 1.02353E+03
 1.92578E+03	 1.02340E+03
 1.92964E+03	 1.02580E+03
 1.93349E+03	 1.02357E+03
 1.93734E+03	 1.02710E+03
 1.94118E+03	 1.02490E+03
 1.94503E+03	 1.02483E+03
 1.94887E+03	 1.02280E+03
 1.95271E+03	 1.02560E+03
 1.95655E+03	 1.02567E+03
 1.96039E+03	 1.02420E+03
 1.96423E+03	 1.02713E+03
 1.96806E+03	 1.02330E+03
 1.97189E+03	 1.02067E+03
 1.97572E+03	 1.02613E+03
 1.97955E+03	 1.02580E+03
 1.98338E+03	 1.02237E+03
 1.98720E+03	 1.02310E+03
 1.99103E+03	 1.02343E+03
 1.99485E+03	 1.02190E+03
 1.99866E+03	 1.02087E+03
 2.00248E+03	 1.02770E+03
 2.00630E+03	 1.02720E+03
 2.01011E+03	 1.02263E+03
 2.01392E+03	 1.01783E+03
 2.01773E+03	 1.02337E+03
 2.02154E+03	 1.02660E+03
 2.02534E+03	 1.02520E+03
 2.02915E+03	 1.02900E+03
 2.03295E+03	 1.02517E+03
 2.03675E+03	 1.02487E+03
 2.04055E+03	 1.02007E+03
 2.04435E+03	 1.02903E+03
 2.04814E+03	 1.02900E+03
 2.05193E+03	 1.02877E+03
 2.05572E+03	 1.02300E+03
 2.05951E+03	 1.02577E+03
 2.06330E+03	 1.02510E+03
 2.06708E+03	 1.02893E+03
 2.07087E+03	 1.02373E+03
 2.07465E+03	 1.02450E+03
 2.07843E+03	 1.02293E+03
 2.08221E+03	 1.02470E+03
 2.08598E+03	 1.02417E+03
 2.08976E+03	 1.02400E+03
 2.09353E+03	 1.02410E+03
 2.09730E+03	 1.02747E+03
 2.10107E+03	 1.03013E+03
 2.10484E+03	 1.02870E+03
 2.10860E+03	 1.02973E+03
 2.11236E+03	 1.03007E+03
 2.11613E+03	 1.02660E+03
 2.11989E+03	 1.02787E+03
 2.12364E+03	 1.03090E+03
 2.12740E+03	 1.02820E+03
 2.13115E+03	 1.03170E+03
 2.13490E+03	 1.03000E+03
 2.13866E+03	 1.02940E+03
 2.14240E+03	 1.03103E+03
 2.14615E+03	 1.03180E+03
 2.14990E+03	 1.03150E+03
 2.15364E+03	 1.02993E+03
 2.15738E+03	 1.02877E+03
 2.16112E+03	 1.03537E+03
 2.16486E+03	 1.03100E+03
 2.16859E+03	 1.03113E+03
 2.17233E+03	 1.02993E+03
 2.17606E+03	 1.02937E+03
 2.17979E+03	 1.02823E+03
 2.18352E+03	 1.03163E+03
 2.18724E+03	 1.02707E+03
 2.19097E+03	 1.03147E+03
 2.19469E+03	 1.02860E+03
 2.19841E+03	 1.02940E+03
 2.20213E+03	 1.02833E+03
 2.20585E+03	 1.02643E+03
 2.20956E+03	 1.03050E+03
 2.21328E+03	 1.02750E+03
 2.21699E+03	 1.02277E+03
 2.22070E+03	 1.02727E+03
 2.22441E+03	 1.02563E+03
 2.22812E+03	 1.02433E+03
 2.23182E+03	 1.02823E+03
 2.23552E+03	 1.02920E+03
 2.23923E+03	 1.02933E+03
 2.24293E+03	 1.03093E+03
 2.24662E+03	 1.02823E+03
 2.25032E+03	 1.02327E+03
 2.25401E+03	 1.02627E+03
 2.25771E+03	 1.02360E+03
 2.26140E+03	 1.02463E+03
 2.26509E+03	 1.02163E+03
 2.26877E+03	 1.01843E+03
 2.27246E+03	 1.02203E+03
 2.27614E+03	 1.02440E+03
 2.27982E+03	 1.02380E+03
 2.28350E+03	 1.02330E+03
 2.28718E+03	 1.02180E+03
 2.29086E+03	 1.01843E+03
 2.29453E+03	 1.02567E+03
 2.29820E+03	 1.02563E+03
 2.30188E+03	 1.02080E+03
 2.30555E+03	 1.02390E+03
 2.30921E+03	 1.02887E+03
 2.31288E+03	 1.02577E+03
 2.31654E+03	 1.02663E+03
 2.32020E+03	 1.02890E+03
 2.32386E+03	 1.03143E+03
 2.32752E+03	 1.02810E+03
 2.33118E+03	 1.02827E+03
 2.33484E+03	 1.02900E+03
 2.33849E+03	 1.03323E+03
 2.34214E+03	 1.03187E+03
 2.34579E+03	 1.02873E+03
 2.34944E+03	 1.02537E+03
 2.35308E+03	 1.03113E+03
 2.35673E+03	 1.03400E+03
 2.36037E+03	 1.03263E+03
 2.36401E+03	 1.03623E+03
 2.36765E+03	 1.03780E+03
 2.37129E+03	 1.03470E+03
 2.37492E+03	 1.04003E+03
 2.37856E+03	 1.04563E+03
 2.38219E+03	 1.04683E+03
 2.38582E+03	 1.04417E+03
 2.38945E+03	 1.04217E+03
 2.39308E+03	 1.04670E+03
 2.39670E+03	 1.04437E+03
 2.40033E+03	 1.04543E+03
 2.40395E+03	 1.04627E+03
 2.40757E+03	 1.04133E+03
 2.41119E+03	 1.04073E+03
 2.41480E+03	 1.04030E+03
 2.41842E+03	 1.04233E+03
 2.42203E+03	 1.03430E+03
 2.42564E+03	 1.03397E+03
 2.42925E+03	 1.03900E+03
 2.43286E+03	 1.03817E+03
 2.43647E+03	 1.03907E+03
 2.44007E+03	 1.03993E+03
 2.44367E+03	 1.03373E+03
 2.44727E+03	 1.03833E+03
 2.45087E+03	 1.04363E+03
 2.45447E+03	 1.04540E+03
 2.45807E+03	 1.04703E+03
 2.46166E+03	 1.03983E+03
 2.46525E+03	 1.04240E+03
 2.46884E+03	 1.04317E+03
 2.47243E+03	 1.04633E+03
 2.47602E+03	 1.04257E+03
 2.47960E+03	 1.03930E+03
 2.48319E+03	 1.04680E+03
 2.48677E+03	 1.04700E+03
 2.49035E+03	 1.04553E+03
 2.49393E+03	 1.04827E+03
 2.49751E+03	 1.04960E+03
 2.50108E+03	 1.04987E+03
 2.50465E+03	 1.04963E+03
 2.50823E+03	 1.05403E+03
 2.51180E+03	 1.05690E+03
 2.51536E+03	 1.05723E+03
 2.51893E+03	 1.06073E+03
 2.52250E+03	 1.06067E+03
 2.52606E+03	 1.06050E+03
 2.52962E+03	 1.06840E+03
 2.53318E+03	 1.07150E+03
 2.53674E+03	 1.07177E+03
 2.54029E+03	 1.07037E+03
 2.54385E+03	 1.07287E+03
 2.54740E+03	 1.07637E+03
 2.55095E+03	 1.06897E+03
 2.55450E+03	 1.07390E+03
 2.55805E+03	 1.07947E+03
 2.56160E+03	 1.07430E+03
 2.56514E+03	 1.07737E+03
 2.56868E+03	 1.07303E+03
 2.57222E+03	 1.08090E+03
 2.57576E+03	 1.07753E+03
 2.57930E+03	 1.07540E+03
 2.58284E+03	 1.07853E+03
 2.58637E+03	 1.08090E+03
 2.58991E+03	 1.08277E+03
 2.59344E+03	 1.08110E+03
 2.59697E+03	 1.08060E+03
 2.60049E+03	 1.08050E+03
 2.60402E+03	 1.08440E+03
 2.60754E+03	 1.07917E+03
 2.61107E+03	 1.07937E+03
 2.61459E+03	 1.08270E+03
 2.61811E+03	 1.08900E+03
 2.62162E+03	 1.08433E+03
 2.62514E+03	 1.08900E+03
 2.62865E+03	 1.09233E+03
 2.63217E+03	 1.09583E+03
 2.63568E+03	 1.09630E+03
 2.63919E+03	 1.09880E+03
 2.64269E+03	 1.09980E+03
 2.64620E+03	 1.10413E+03
 2.64970E+03	 1.10583E+03
 2.65321E+03	 1.11827E+03
 2.65671E+03	 1.12197E+03
 2.66021E+03	 1.11967E+03
 2.66370E+03	 1.12307E+03
 2.66720E+03	 1.13230E+03
 2.67069E+03	 1.13757E+03
 2.67419E+03	 1.14097E+03
 2.67768E+03	 1.14850E+03
 2.68117E+03	 1.15763E+03
 2.68466E+03	 1.15790E+03
 2.68814E+03	 1.16410E+03
 2.69163E+03	 1.16957E+03
 2.69511E+03	 1.18420E+03
 2.69859E+03	 1.19540E+03
 2.70207E+03	 1.21070E+03
 2.70555E+03	 1.19970E+03
 2.70902E+03	 1.21337E+03
 2.71250E+03	 1.23233E+03
 2.71597E+03	 1.23903E+03
 2.71944E+03	 1.25777E+03
 2.72291E+03	 1.28060E+03
 2.72638E+03	 1.29920E+03
 2.72984E+03	 1.32010E+03
 2.73331E+03	 1.34450E+03
 2.73677E+03	 1.36660E+03
 2.74023E+03	 1.37947E+03
 2.74369E+03	 1.39233E+03
 2.74715E+03	 1.41023E+03
 2.75061E+03	 1.41560E+03
 2.75406E+03	 1.43673E+03
 2.75752E+03	 1.43453E+03
 2.76097E+03	 1.45980E+03
 2.76442E+03	 1.46230E+03
 2.76786E+03	 1.46537E+03
 2.77131E+03	 1.44130E+03
 2.77476E+03	 1.42083E+03
 2.77820E+03	 1.43503E+03
 2.78164E+03	 1.44153E+03
 2.78508E+03	 1.44350E+03
 2.78852E+03	 1.44433E+03
 2.79196E+03	 1.44680E+03
 2.79539E+03	 1.45670E+03
 2.79883E+03	 1.46647E+03
 2.80226E+03	 1.46527E+03
 2.80569E+03	 1.48357E+03
 2.80912E+03	 1.52330E+03
 2.81254E+03	 1.54397E+03
 2.81597E+03	 1.55803E+03
 2.81939E+03	 1.60280E+03
 2.82282E+03	 1.64580E+03
 2.82624E+03	 1.66383E+03
 2.82966E+03	 1.71550E+03
 2.83307E+03	 1.76203E+03
 2.83649E+03	 1.79863E+03
 2.83990E+03	 1.87667E+03
 2.84332E+03	 1.97343E+03
 2.84673E+03	 2.02757E+03
 2.85014E+03	 2.09697E+03
 2.85354E+03	 2.16923E+03
 2.85695E+03	 2.27910E+03
 2.86036E+03	 2.38543E+03
 2.86376E+03	 2.53440E+03
 2.86716E+03	 2.66183E+03
 2.87056E+03	 2.81143E+03
 2.87396E+03	 2.98483E+03
 2.87736E+03	 3.24410E+03
 2.88075E+03	 3.60847E+03
 2.88414E+03	 3.82700E+03
 2.88754E+03	 4.15557E+03
 2.89093E+03	 4.46523E+03
 2.89431E+03	 4.69563E+03
 2.89770E+03	 4.83677E+03
 2.90109E+03	 4.97187E+03
 2.90447E+03	 4.98320E+03
 2.90785E+03	 4.85930E+03
 2.91123E+03	 4.65740E+03
 2.91461E+03	 4.63060E+03
 2.91799E+03	 4.57173E+03
 2.92137E+03	 4.54853E+03
 2.92474E+03	 4.45487E+03
 2.92811E+03	 4.46053E+03
 2.93149E+03	 4.45540E+03
 2.93486E+03	 4.47223E+03
 2.93822E+03	 4.60003E+03
 2.94159E+03	 4.76213E+03
 2.94496E+03	 4.78743E+03
 2.94832E+03	 4.75043E+03
 2.95168E+03	 4.88853E+03
 2.95504E+03	 4.92177E+03
 2.95840E+03	 4.82283E+03
 2.96176E+03	 4.92957E+03
 2.96511E+03	 4.67560E+03
 2.96847E+03	 4.47423E+03
 2.97182E+03	 4.36190E+03
 2.97517E+03	 4.15920E+03
 2.97852E+03	 4.02167E+03
 2.98187E+03	 3.69653E+03
 2.98521E+03	 3.43260E+03
 2.98856E+03	 3.13523E+03
 2.99190E+03	 2.82140E+03
 2.99524E+03	 2.54393E+03
 2.99858E+03	 2.26307E+03
 3.00192E+03	 2.08387E+03
 3.00526E+03	 1.94420E+03
 3.00859E+03	 1.79597E+03
 3.01193E+03	 1.68013E+03
 3.01526E+03	 1.58183E+03
 3.01859E+03	 1.49770E+03
 3.02192E+03	 1.41907E+03
 3.02525E+03	 1.41183E+03
 3.02857E+03	 1.36613E+03
 3.03190E+03	 1.34053E+03
 3.03522E+03	 1.31370E+03
 3.03854E+03	 1.28827E+03
 3.04186E+03	 1.27190E+03
 3.04518E+03	 1.25803E+03
 3.04850E+03	 1.25677E+03
 3.05181E+03	 1.24653E+03
 3.05512E+03	 1.22647E+03
 3.05844E+03	 1.23043E+03
 3.06175E+03	 1.22690E+03
 3.06506E+03	 1.22703E+03
 3.06836E+03	 1.21750E+03
 3.07167E+03	 1.22603E+03
 3.07497E+03	 1.21577E+03
 3.07828E+03	 1.22433E+03
 3.08158E+03	 1.21260E+03
 3.08488E+03	 1.21583E+03
 3.08818E+03	 1.23020E+03
 3.09147E+03	 1.21220E+03
 3.09477E+03	 1.21753E+03
 3.09806E+03	 1.23160E+03
 3.10135E+03	 1.22287E+03
 3.10464E+03	 1.24440E+03
 3.10793E+03	 1.25530E+03
 3.11122E+03	 1.24367E+03
 3.11451E+03	 1.25410E+03
 3.11779E+03	 1.25580E+03
 3.12107E+03	 1.26203E+03
 3.12436E+03	 1.28160E+03
 3.12764E+03	 1.27183E+03
 3.13091E+03	 1.29560E+03
 3.13419E+03	 1.29080E+03
 3.13747E+03	 1.30533E+03
 3.14074E+03	 1.29690E+03
 3.14401E+03	 1.31170E+03
 3.14728E+03	 1.32717E+03
 3.15055E+03	 1.33063E+03
 3.15382E+03	 1.35957E+03
 3.15709E+03	 1.36193E+03
 3.16035E+03	 1.36880E+03
 3.16362E+03	 1.35840E+03
 3.16688E+03	 1.37143E+03
 3.17014E+03	 1.39633E+03
 3.17340E+03	 1.39490E+03
 3.17665E+03	 1.40250E+03
 3.17991E+03	 1.40467E+03
 3.18316E+03	 1.41057E+03
 3.18642E+03	 1.43667E+03
 3.18967E+03	 1.44640E+03
 3.19292E+03	 1.45937E+03
 3.19617E+03	 1.47100E+03
 3.19941E+03	 1.47567E+03
 3.20266E+03	 1.46713E+03
 3.20590E+03	 1.50697E+03
 3.20914E+03	 1.50090E+03
 3.21238E+03	 1.49140E+03
 3.21562E+03	 1.52803E+03
 3.21886E+03	 1.52483E+03
 3.22210E+03	 1.51527E+03
 3.22533E+03	 1.53057E+03
 3.22857E+03	 1.56693E+03
 3.23180E+03	 1.56523E+03
 3.23503E+03	 1.57920E+03
 3.23826E+03	 1.60440E+03
 3.24148E+03	 1.56867E+03
 3.24471E+03	 1.61180E+03
 3.24793E+03	 1.60180E+03
 3.25116E+03	 1.60273E+03
 3.25438E+03	 1.61543E+03
 3.25760E+03	 1.60523E+03
 3.26082E+03	 1.63383E+03
 3.26403E+03	 1.63790E+03
 3.26725E+03	 1.64820E+03
 3.27046E+03	 1.65713E+03
 3.27368E+03	 1.66133E+03
 3.27689E+03	 1.66260E+03
 3.28010E+03	 1.65760E+03
 3.28331E+03	 1.64840E+03
 3.28651E+03	 1.65363E+03
 3.28972E+03	 1.67033E+03
 3.29292E+03	 1.64440E+03
 3.29612E+03	 1.64477E+03
 3.29932E+03	 1.66677E+03
 3.30252E+03	 1.69630E+03
 3.30572E+03	 1.68947E+03
 3.30892E+03	 1.67113E+03
 3.31211E+03	 1.67630E+03
 3.31531E+03	 1.68693E+03
 3.31850E+03	 1.68807E+03
 3.32169E+03	 1.68083E+03
 3.32488E+03	 1.65257E+03
 3.32807E+03	 1.67520E+03
 3.33125E+03	 1.65813E+03
 3.33444E+03	 1.69497E+03
 3.33762E+03	 1.69737E+03
 3.34080E+03	 1.71023E+03
 3.34398E+03	 1.69290E+03
 3.34716E+03	 1.66870E+03
 3.35034E+03	 1.67520E+03
 3.35351E+03	 1.69667E+03
 3.35669E+03	 1.72007E+03
 3.35986E+03	 1.71210E+03
 3.36303E+03	 1.71453E+03
 3.36620E+03	 1.70037E+03
 3.36937E+03	 1.70063E+03
 3.37254E+03	 1.69917E+03
 3.37570E+03	 1.71187E+03
 3.37887E+03	 1.70897E+03
 3.38203E+03	 1.69350E+03
 3.38519E+03	 1.70083E+03
 3.38835E+03	 1.70020E+03
 3.39151E+03	 1.68427E+03
 3.39467E+03	 1.70313E+03
 3.39782E+03	 1.69207E+03
 3.40098E+03	 1.67383E+03
 3.40413E+03	 1.68183E+03
 3.40728E+03	 1.66517E+03
 3.41043E+03	 1.67683E+03
 3.41358E+03	 1.66830E+03
 3.41673E+03	 1.67500E+03
 3.41987E+03	 1.66000E+03
 3.42302E+03	 1.66633E+03
 3.42616E+03	 1.63027E+03
 3.42930E+03	 1.63260E+03
 3.43244E+03	 1.63710E+03
 3.43558E+03	 1.65833E+03
 3.43872E+03	 1.61493E+03
 3.44185E+03	 1.61060E+03
 3.44499E+03	 1.60710E+03
 3.44812E+03	 1.60630E+03
 3.45125E+03	 1.58860E+03
 3.45438E+03	 1.59497E+03
 3.45751E+03	 1.59420E+03
 3.46064E+03	 1.58380E+03
 3.46376E+03	 1.56163E+03
 3.46689E+03	 1.53480E+03
 3.47001E+03	 1.56440E+03
 3.47313E+03	 1.55697E+03
 3.47625E+03	 1.53640E+03
 3.47937E+03	 1.53180E+03
 3.48249E+03	 1.51190E+03
 3.48560E+03	 1.50223E+03
 3.48872E+03	 1.50733E+03
 3.49183E+03	 1.48473E+03
 3.49494E+03	 1.47430E+03
 3.49805E+03	 1.45743E+03
 3.50116E+03	 1.42477E+03
 3.50427E+03	 1.42783E+03
 3.50737E+03	 1.41133E+03
 3.51048E+03	 1.40277E+03
 3.51358E+03	 1.38610E+03
 3.51668E+03	 1.39520E+03
 3.51978E+03	 1.37180E+03
 3.52288E+03	 1.37043E+03
 3.52598E+03	 1.35527E+03
 3.52907E+03	 1.32773E+03
 3.53217E+03	 1.31057E+03
 3.53526E+03	 1.31823E+03
 3.53835E+03	 1.30793E+03
 3.54144E+03	 1.28133E+03
 3.54453E+03	 1.28070E+03
 3.54762E+03	 1.27410E+03
 3.55071E+03	 1.26570E+03
 3.55379E+03	 1.24597E+03
 3.55687E+03	 1.24147E+03
 3.55996E+03	 1.23180E+03
 3.56304E+03	 1.22100E+03
 3.56612E+03	 1.20700E+03
 3.56919E+03	 1.20350E+03
 3.57227E+03	 1.19340E+03
 3.57535E+03	 1.17853E+03
 3.57842E+03	 1.18610E+03
 3.58149E+03	 1.16973E+03
 3.58456E+03	 1.16040E+03
 3.58763E+03	 1.15743E+03
 3.59070E+03	 1.14503E+03
 3.59377E+03	 1.13987E+03
 3.59683E+03	 1.12913E+03
 3.59990E+03	 1.11970E+03
 3.60296E+03	 1.11287E+03
 3.60602E+03	 1.09740E+03
 3.60908E+03	 1.10023E+03
 3.61214E+03	 1.09037E+03
 3.61519E+03	 1.07650E+03
 3.61825E+03	 1.06403E+03
 3.62130E+03	 1.07367E+03
 3.62436E+03	 1.06180E+03
 3.62741E+03	 1.05620E+03
 3.63046E+03	 1.04480E+03
 3.63351E+03	 1.03940E+03
 3.63656E+03	 1.03593E+03
 3.63960E+03	 1.02537E+03
 3.64265E+03	 1.02070E+03
 3.64569E+03	 1.01693E+03
 3.64873E+03	 1.00977E+03
 3.65177E+03	 1.00317E+03
 3.65481E+03	 1.00297E+03
 3.65785E+03	 9.96033E+02
 3.66089E+03	 9.97500E+02
 3.66392E+03	 9.88367E+02
 3.66695E+03	 9.86367E+02
 3.66999E+03	 9.86933E+02
 3.67302E+03	 9.85867E+02
 3.67605E+03	 9.82500E+02
 3.67908E+03	 9.78100E+02
 3.68210E+03	 9.75000E+02
 3.68513E+03	 9.72333E+02
 3.68815E+03	 9.68967E+02
 3.69117E+03	 9.72500E+02
 3.69420E+03	 9.69800E+02
 3.69722E+03	 9.70433E+02
 3.70023E+03	 9.66000E+02
 3.70325E+03	 9.62500E+02
 3.70627E+03	 9.61833E+02
 3.70928E+03	 9.56567E+02
 3.71230E+03	 9.58567E+02
 3.71531E+03	 9.60567E+02
 3.71832E+03	 9.57200E+02
 3.72133E+03	 9.57467E+02
 3.72434E+03	 9.54367E+02
 3.72734E+03	 9.54333E+02
 3.73035E+03	 9.50400E+02
 3.73335E+03	 9.52133E+02
 3.73635E+03	 9.51100E+02
 3.73936E+03	 9.51733E+02
 3.74236E+03	 9.52800E+02
 3.74535E+03	 9.49567E+02
 3.74835E+03	 9.46800E+02
 3.75135E+03	 9.45500E+02
 3.75434E+03	 9.45733E+02
 3.75733E+03	 9.47733E+02
 3.76033E+03	 9.44367E+02
 3.76332E+03	 9.45400E+02
 3.76631E+03	 9.44467E+02
 3.76929E+03	 9.45167E+02
 3.77228E+03	 9.43100E+02
 3.77527E+03	 9.45133E+02
 3.77825E+03	 9.44567E+02
 3.78123E+03	 9.43733E+02
 3.78421E+03	 9.45200E+02
 3.78719E+03	 9.41433E+02
