-1.40382E+02	 9.06200E+02
-1.35457E+02	 9.06733E+02
-1.30535E+02	 9.06733E+02
-1.25616E+02	 9.06500E+02
-1.20700E+02	 9.07133E+02
-1.15786E+02	 9.07300E+02
-1.10875E+02	 9.06833E+02
-1.05967E+02	 9.07500E+02
-1.01061E+02	 9.06733E+02
-9.61580E+01	 9.08600E+02
-9.12576E+01	 9.07900E+02
-8.63599E+01	 9.07033E+02
-8.14648E+01	 9.09067E+02
-7.65724E+01	 9.07467E+02
-7.16827E+01	 9.07500E+02
-6.67956E+01	 9.10233E+02
-6.19111E+01	 9.09267E+02
-5.70293E+01	 9.06867E+02
-5.21502E+01	 9.09567E+02
-4.72737E+01	 9.08867E+02
-4.23998E+01	 9.09400E+02
-3.75286E+01	 9.11300E+02
-3.26600E+01	 9.11267E+02
-2.77941E+01	 9.11867E+02
-2.29308E+01	 9.11833E+02
-1.80701E+01	 9.14233E+02
-1.32121E+01	 9.17733E+02
-8.35667E+00	 9.22233E+02
-3.50389E+00	 9.27600E+02
 1.34626E+00	 9.57333E+02
 6.19379E+00	 1.37010E+03
 1.10387E+01	 5.65497E+03
 1.58810E+01	 8.81960E+03
 2.07207E+01	 4.18880E+03
 2.55577E+01	 1.20020E+03
 3.03922E+01	 9.39600E+02
 3.52240E+01	 9.22800E+02
 4.00532E+01	 9.16533E+02
 4.48798E+01	 9.13400E+02
 4.97038E+01	 9.12300E+02
 5.45252E+01	 9.11400E+02
 5.93440E+01	 9.11567E+02
 6.41602E+01	 9.12600E+02
 6.89738E+01	 9.13033E+02
 7.37848E+01	 9.18733E+02
 7.85932E+01	 9.35300E+02
 8.33991E+01	 9.88700E+02
 8.82023E+01	 1.09120E+03
 9.30029E+01	 1.21090E+03
 9.78010E+01	 1.29623E+03
 1.02596E+02	 1.32773E+03
 1.07389E+02	 1.34573E+03
 1.12180E+02	 1.35140E+03
 1.16967E+02	 1.34203E+03
 1.21753E+02	 1.31060E+03
 1.26535E+02	 1.28230E+03
 1.31315E+02	 1.27163E+03
 1.36093E+02	 1.27010E+03
 1.40867E+02	 1.26547E+03
 1.45640E+02	 1.25710E+03
 1.50409E+02	 1.24350E+03
 1.55177E+02	 1.23410E+03
 1.59941E+02	 1.21313E+03
 1.64703E+02	 1.20237E+03
 1.69463E+02	 1.20113E+03
 1.74220E+02	 1.19867E+03
 1.78974E+02	 1.18730E+03
 1.83726E+02	 1.16363E+03
 1.88475E+02	 1.16397E+03
 1.93222E+02	 1.16173E+03
 1.97966E+02	 1.15267E+03
 2.02708E+02	 1.14960E+03
 2.07447E+02	 1.14387E+03
 2.12184E+02	 1.14200E+03
 2.16918E+02	 1.13917E+03
 2.21649E+02	 1.13293E+03
 2.26378E+02	 1.12577E+03
 2.31105E+02	 1.11690E+03
 2.35829E+02	 1.11363E+03
 2.40550E+02	 1.11600E+03
 2.45269E+02	 1.10857E+03
 2.49985E+02	 1.10357E+03
 2.54699E+02	 1.10753E+03
 2.59410E+02	 1.09887E+03
 2.64119E+02	 1.09717E+03
 2.68825E+02	 1.10093E+03
 2.73529E+02	 1.09643E+03
 2.78230E+02	 1.09950E+03
 2.82929E+02	 1.08560E+03
 2.87625E+02	 1.09123E+03
 2.92319E+02	 1.08153E+03
 2.97010E+02	 1.07853E+03
 3.01699E+02	 1.07543E+03
 3.06385E+02	 1.07903E+03
 3.11069E+02	 1.07987E+03
 3.15750E+02	 1.07593E+03
 3.20428E+02	 1.08083E+03
 3.25105E+02	 1.08183E+03
 3.29778E+02	 1.07763E+03
 3.34450E+02	 1.07893E+03
 3.39118E+02	 1.07487E+03
 3.43785E+02	 1.07197E+03
 3.48448E+02	 1.07630E+03
 3.53110E+02	 1.07070E+03
 3.57768E+02	 1.07237E+03
 3.62425E+02	 1.06970E+03
 3.67079E+02	 1.06110E+03
 3.71730E+02	 1.05523E+03
 3.76379E+02	 1.05433E+03
 3.81025E+02	 1.05260E+03
 3.85669E+02	 1.05773E+03
 3.90311E+02	 1.07043E+03
 3.94950E+02	 1.07260E+03
 3.99586E+02	 1.07090E+03
 4.04220E+02	 1.07597E+03
 4.08852E+02	 1.07363E+03
 4.13481E+02	 1.08477E+03
 4.18108E+02	 1.09567E+03
 4.22732E+02	 1.11190E+03
 4.27354E+02	 1.13587E+03
 4.31973E+02	 1.15503E+03
 4.36590E+02	 1.15420E+03
 4.41205E+02	 1.14057E+03
 4.45817E+02	 1.11677E+03
 4.50426E+02	 1.10083E+03
 4.55034E+02	 1.08907E+03
 4.59638E+02	 1.08653E+03
 4.64241E+02	 1.07453E+03
 4.68840E+02	 1.06823E+03
 4.73438E+02	 1.06653E+03
 4.78033E+02	 1.07887E+03
 4.82625E+02	 1.09743E+03
 4.87215E+02	 1.13063E+03
 4.91803E+02	 1.17313E+03
 4.96388E+02	 1.21587E+03
 5.00971E+02	 1.23353E+03
 5.05552E+02	 1.23943E+03
 5.10129E+02	 1.21643E+03
 5.14705E+02	 1.18270E+03
 5.19278E+02	 1.14053E+03
 5.23849E+02	 1.10180E+03
 5.28417E+02	 1.07723E+03
 5.32983E+02	 1.06400E+03
 5.37547E+02	 1.05977E+03
 5.42108E+02	 1.05360E+03
 5.46666E+02	 1.05033E+03
 5.51223E+02	 1.05400E+03
 5.55777E+02	 1.06070E+03
 5.60328E+02	 1.06267E+03
 5.64877E+02	 1.07197E+03
 5.69424E+02	 1.07093E+03
 5.73968E+02	 1.06647E+03
 5.78510E+02	 1.06130E+03
 5.83049E+02	 1.05240E+03
 5.87587E+02	 1.05273E+03
 5.92121E+02	 1.04667E+03
 5.96654E+02	 1.04280E+03
 6.01184E+02	 1.03433E+03
 6.05711E+02	 1.03140E+03
 6.10236E+02	 1.03180E+03
 6.14759E+02	 1.03033E+03
 6.19280E+02	 1.03410E+03
 6.23798E+02	 1.03603E+03
 6.28313E+02	 1.03023E+03
 6.32827E+02	 1.03037E+03
 6.37338E+02	 1.02840E+03
 6.41846E+02	 1.02650E+03
 6.46352E+02	 1.03257E+03
 6.50856E+02	 1.03520E+03
 6.55358E+02	 1.03363E+03
 6.59857E+02	 1.04470E+03
 6.64354E+02	 1.04877E+03
 6.68848E+02	 1.05213E+03
 6.73340E+02	 1.06030E+03
 6.77830E+02	 1.06627E+03
 6.82317E+02	 1.07403E+03
 6.86802E+02	 1.09143E+03
 6.91285E+02	 1.09763E+03
 6.95765E+02	 1.09237E+03
 7.00243E+02	 1.07880E+03
 7.04718E+02	 1.06793E+03
 7.09192E+02	 1.04697E+03
 7.13663E+02	 1.04340E+03
 7.18131E+02	 1.03217E+03
 7.22597E+02	 1.03090E+03
 7.27061E+02	 1.02310E+03
 7.31523E+02	 1.02397E+03
 7.35982E+02	 1.01953E+03
 7.40439E+02	 1.01907E+03
 7.44894E+02	 1.01927E+03
 7.49346E+02	 1.01967E+03
 7.53796E+02	 1.01730E+03
 7.58243E+02	 1.01770E+03
 7.62689E+02	 1.01520E+03
 7.67132E+02	 1.01467E+03
 7.71572E+02	 1.01710E+03
 7.76011E+02	 1.02163E+03
 7.80447E+02	 1.01537E+03
 7.84880E+02	 1.02183E+03
 7.89312E+02	 1.02490E+03
 7.93741E+02	 1.02780E+03
 7.98167E+02	 1.03110E+03
 8.02592E+02	 1.03837E+03
 8.07014E+02	 1.04197E+03
 8.11434E+02	 1.04110E+03
 8.15851E+02	 1.04027E+03
 8.20267E+02	 1.05393E+03
 8.24680E+02	 1.08023E+03
 8.29090E+02	 1.11760E+03
 8.33499E+02	 1.17327E+03
 8.37905E+02	 1.19867E+03
 8.42309E+02	 1.20083E+03
 8.46710E+02	 1.18963E+03
 8.51109E+02	 1.18577E+03
 8.55506E+02	 1.22583E+03
 8.59901E+02	 1.28423E+03
 8.64293E+02	 1.34777E+03
 8.68683E+02	 1.36773E+03
 8.73071E+02	 1.35213E+03
 8.77456E+02	 1.30427E+03
 8.81840E+02	 1.27740E+03
 8.86221E+02	 1.22940E+03
 8.90599E+02	 1.18183E+03
 8.94976E+02	 1.12073E+03
 8.99350E+02	 1.08283E+03
 9.03722E+02	 1.05740E+03
 9.08091E+02	 1.04927E+03
 9.12459E+02	 1.05660E+03
 9.16824E+02	 1.07250E+03
 9.21187E+02	 1.09640E+03
 9.25547E+02	 1.12203E+03
 9.29905E+02	 1.14533E+03
 9.34261E+02	 1.18227E+03
 9.38615E+02	 1.19843E+03
 9.42967E+02	 1.19790E+03
 9.47316E+02	 1.19100E+03
 9.51663E+02	 1.15203E+03
 9.56008E+02	 1.09610E+03
 9.60350E+02	 1.06227E+03
 9.64691E+02	 1.03557E+03
 9.69029E+02	 1.02870E+03
 9.73364E+02	 1.02860E+03
 9.77698E+02	 1.03170E+03
 9.82029E+02	 1.04613E+03
 9.86358E+02	 1.06530E+03
 9.90685E+02	 1.08247E+03
 9.95010E+02	 1.09663E+03
 9.99332E+02	 1.08340E+03
 1.00365E+03	 1.06693E+03
 1.00797E+03	 1.05073E+03
 1.01229E+03	 1.04097E+03
 1.01660E+03	 1.03663E+03
 1.02091E+03	 1.03963E+03
 1.02522E+03	 1.03947E+03
 1.02953E+03	 1.04707E+03
 1.03383E+03	 1.05847E+03
 1.03813E+03	 1.07717E+03
 1.04243E+03	 1.11417E+03
 1.04673E+03	 1.15903E+03
 1.05103E+03	 1.19953E+03
 1.05532E+03	 1.25540E+03
 1.05961E+03	 1.31007E+03
 1.06390E+03	 1.35013E+03
 1.06819E+03	 1.38900E+03
 1.07247E+03	 1.37613E+03
 1.07676E+03	 1.37453E+03
 1.08104E+03	 1.37263E+03
 1.08531E+03	 1.35460E+03
 1.08959E+03	 1.31803E+03
 1.09386E+03	 1.29550E+03
 1.09813E+03	 1.29050E+03
 1.10240E+03	 1.28430E+03
 1.10667E+03	 1.28367E+03
 1.11094E+03	 1.27223E+03
 1.11520E+03	 1.26347E+03
 1.11946E+03	 1.24967E+03
 1.12372E+03	 1.25000E+03
 1.12797E+03	 1.26113E+03
 1.13223E+03	 1.25920E+03
 1.13648E+03	 1.23113E+03
 1.14073E+03	 1.18817E+03
 1.14498E+03	 1.13797E+03
 1.14922E+03	 1.09457E+03
 1.15347E+03	 1.06473E+03
 1.15771E+03	 1.04130E+03
 1.16194E+03	 1.03320E+03
 1.16618E+03	 1.02503E+03
 1.17042E+03	 1.02233E+03
 1.17465E+03	 1.02230E+03
 1.17888E+03	 1.02037E+03
 1.18311E+03	 1.02087E+03
 1.18733E+03	 1.02163E+03
 1.19156E+03	 1.01867E+03
 1.19578E+03	 1.02330E+03
 1.20000E+03	 1.03083E+03
 1.20421E+03	 1.04257E+03
 1.20843E+03	 1.05133E+03
 1.21264E+03	 1.05973E+03
 1.21685E+03	 1.06867E+03
 1.22106E+03	 1.07610E+03
 1.22527E+03	 1.09510E+03
 1.22947E+03	 1.10357E+03
 1.23367E+03	 1.09963E+03
 1.23787E+03	 1.10990E+03
 1.24207E+03	 1.12320E+03
 1.24627E+03	 1.13017E+03
 1.25046E+03	 1.13830E+03
 1.25465E+03	 1.15637E+03
 1.25884E+03	 1.16993E+03
 1.26303E+03	 1.18273E+03
 1.26721E+03	 1.19447E+03
 1.27140E+03	 1.20213E+03
 1.27558E+03	 1.18597E+03
 1.27975E+03	 1.19493E+03
 1.28393E+03	 1.19097E+03
 1.28811E+03	 1.17773E+03
 1.29228E+03	 1.18223E+03
 1.29645E+03	 1.16747E+03
 1.30062E+03	 1.15337E+03
 1.30478E+03	 1.14523E+03
 1.30895E+03	 1.13717E+03
 1.31311E+03	 1.13103E+03
 1.31727E+03	 1.13633E+03
 1.32142E+03	 1.13327E+03
 1.32558E+03	 1.14047E+03
 1.32973E+03	 1.15357E+03
 1.33388E+03	 1.14490E+03
 1.33803E+03	 1.14183E+03
 1.34218E+03	 1.14673E+03
 1.34632E+03	 1.14463E+03
 1.35047E+03	 1.13753E+03
 1.35461E+03	 1.13140E+03
 1.35875E+03	 1.14007E+03
 1.36288E+03	 1.14980E+03
 1.36702E+03	 1.15383E+03
 1.37115E+03	 1.14297E+03
 1.37528E+03	 1.14110E+03
 1.37941E+03	 1.13510E+03
 1.38353E+03	 1.12827E+03
 1.38766E+03	 1.12703E+03
 1.39178E+03	 1.13617E+03
 1.39590E+03	 1.12157E+03
 1.40001E+03	 1.12787E+03
 1.40413E+03	 1.12160E+03
 1.40824E+03	 1.12443E+03
 1.41235E+03	 1.11857E+03
 1.41646E+03	 1.11607E+03
 1.42057E+03	 1.11230E+03
 1.42468E+03	 1.11477E+03
 1.42878E+03	 1.11223E+03
 1.43288E+03	 1.11460E+03
 1.43698E+03	 1.11053E+03
 1.44107E+03	 1.11240E+03
 1.44517E+03	 1.10393E+03
 1.44926E+03	 1.10380E+03
 1.45335E+03	 1.10613E+03
 1.45744E+03	 1.11607E+03
 1.46153E+03	 1.14047E+03
 1.46561E+03	 1.18720E+03
 1.46969E+03	 1.24100E+03
 1.47377E+03	 1.32113E+03
 1.47785E+03	 1.36013E+03
 1.48193E+03	 1.40127E+03
 1.48600E+03	 1.40350E+03
 1.49007E+03	 1.36930E+03
 1.49414E+03	 1.28357E+03
 1.49821E+03	 1.21307E+03
 1.50228E+03	 1.13550E+03
 1.50634E+03	 1.07767E+03
 1.51040E+03	 1.04783E+03
 1.51446E+03	 1.02863E+03
 1.51852E+03	 1.01887E+03
 1.52258E+03	 1.01080E+03
 1.52663E+03	 1.00603E+03
 1.53068E+03	 1.00537E+03
 1.53473E+03	 1.00250E+03
 1.53878E+03	 1.00013E+03
 1.54282E+03	 9.95767E+02
 1.54687E+03	 9.96033E+02
 1.55091E+03	 9.97800E+02
 1.55495E+03	 9.96767E+02
 1.55899E+03	 9.98033E+02
 1.56302E+03	 9.93200E+02
 1.56705E+03	 9.95667E+02
 1.57109E+03	 9.95767E+02
 1.57512E+03	 9.93467E+02
 1.57914E+03	 9.93833E+02
 1.58317E+03	 9.92567E+02
 1.58719E+03	 9.96233E+02
 1.59121E+03	 9.91100E+02
 1.59523E+03	 9.93400E+02
 1.59925E+03	 9.91500E+02
 1.60326E+03	 9.89933E+02
 1.60728E+03	 9.92133E+02
 1.61129E+03	 9.89233E+02
 1.61530E+03	 9.90267E+02
 1.61930E+03	 9.90833E+02
 1.62331E+03	 9.91400E+02
 1.62731E+03	 9.86800E+02
 1.63131E+03	 9.91433E+02
 1.63531E+03	 9.86400E+02
 1.63931E+03	 9.87533E+02
 1.64330E+03	 9.86900E+02
 1.64730E+03	 9.89667E+02
 1.65129E+03	 9.87200E+02
 1.65528E+03	 9.88100E+02
 1.65926E+03	 9.87233E+02
 1.66325E+03	 9.87800E+02
 1.66723E+03	 9.90400E+02
 1.67121E+03	 9.89000E+02
 1.67519E+03	 9.84000E+02
 1.67917E+03	 9.86200E+02
 1.68314E+03	 9.87867E+02
 1.68712E+03	 9.86267E+02
 1.69109E+03	 9.82633E+02
 1.69506E+03	 9.84500E+02
 1.69903E+03	 9.86700E+02
 1.70299E+03	 9.77833E+02
 1.70695E+03	 9.81167E+02
 1.71092E+03	 9.81167E+02
 1.71487E+03	 9.81433E+02
 1.71883E+03	 9.81467E+02
 1.72279E+03	 9.79133E+02
 1.72674E+03	 9.77633E+02
 1.73069E+03	 9.79300E+02
 1.73464E+03	 9.78133E+02
 1.73859E+03	 9.79133E+02
 1.74253E+03	 9.77533E+02
 1.74648E+03	 9.77333E+02
 1.75042E+03	 9.77633E+02
 1.75436E+03	 9.76733E+02
 1.75830E+03	 9.76067E+02
 1.76223E+03	 9.75867E+02
 1.76617E+03	 9.75233E+02
 1.77010E+03	 9.75900E+02
 1.77403E+03	 9.75233E+02
 1.77796E+03	 9.74333E+02
 1.78188E+03	 9.74267E+02
 1.78581E+03	 9.74467E+02
 1.78973E+03	 9.72233E+02
 1.79365E+03	 9.73733E+02
 1.79757E+03	 9.74767E+02
 1.80148E+03	 9.76267E+02
 1.80540E+03	 9.74033E+02
 1.80931E+03	 9.76667E+02
 1.81322E+03	 9.73800E+02
 1.81713E+03	 9.71833E+02
 1.82104E+03	 9.73000E+02
 1.82494E+03	 9.72733E+02
 1.82884E+03	 9.71900E+02
 1.83274E+03	 9.72033E+02
 1.83664E+03	 9.72433E+02
 1.84054E+03	 9.72767E+02
 1.84443E+03	 9.73433E+02
 1.84833E+03	 9.72833E+02
 1.85222E+03	 9.73167E+02
 1.85611E+03	 9.70500E+02
 1.85999E+03	 9.72767E+02
 1.86388E+03	 9.70300E+02
 1.86776E+03	 9.71967E+02
 1.87164E+03	 9.67433E+02
 1.87552E+03	 9.70233E+02
 1.87940E+03	 9.71533E+02
 1.88328E+03	 9.71933E+02
 1.88715E+03	 9.70733E+02
 1.89102E+03	 9.68333E+02
 1.89489E+03	 9.67967E+02
 1.89876E+03	 9.69700E+02
 1.90263E+03	 9.70267E+02
 1.90649E+03	 9.70767E+02
 1.91035E+03	 9.71100E+02
 1.91421E+03	 9.70467E+02
 1.91807E+03	 9.70233E+02
 1.92193E+03	 9.70833E+02
 1.92578E+03	 9.67567E+02
 1.92964E+03	 9.70467E+02
 1.93349E+03	 9.70933E+02
 1.93734E+03	 9.71533E+02
 1.94118E+03	 9.67400E+02
 1.94503E+03	 9.70800E+02
 1.94887E+03	 9.70267E+02
 1.95271E+03	 9.68400E+02
 1.95655E+03	 9.71200E+02
 1.96039E+03	 9.68833E+02
 1.96423E+03	 9.69067E+02
 1.96806E+03	 9.68600E+02
 1.97189E+03	 9.65767E+02
 1.97572E+03	 9.71833E+02
 1.97955E+03	 9.71200E+02
 1.98338E+03	 9.67867E+02
 1.98720E+03	 9.68133E+02
 1.99103E+03	 9.68367E+02
 1.99485E+03	 9.67967E+02
 1.99866E+03	 9.66567E+02
 2.00248E+03	 9.69133E+02
 2.00630E+03	 9.68767E+02
 2.01011E+03	 9.67367E+02
 2.01392E+03	 9.68233E+02
 2.01773E+03	 9.71400E+02
 2.02154E+03	 9.67900E+02
 2.02534E+03	 9.66233E+02
 2.02915E+03	 9.66700E+02
 2.03295E+03	 9.70567E+02
 2.03675E+03	 9.69933E+02
 2.04055E+03	 9.66033E+02
 2.04435E+03	 9.68233E+02
 2.04814E+03	 9.69667E+02
 2.05193E+03	 9.67967E+02
 2.05572E+03	 9.67167E+02
 2.05951E+03	 9.67700E+02
 2.06330E+03	 9.69033E+02
 2.06708E+03	 9.68633E+02
 2.07087E+03	 9.66767E+02
 2.07465E+03	 9.65067E+02
 2.07843E+03	 9.67800E+02
 2.08221E+03	 9.69900E+02
 2.08598E+03	 9.70567E+02
 2.08976E+03	 9.66000E+02
 2.09353E+03	 9.68200E+02
 2.09730E+03	 9.68133E+02
 2.10107E+03	 9.68600E+02
 2.10484E+03	 9.68933E+02
 2.10860E+03	 9.67967E+02
 2.11236E+03	 9.67333E+02
 2.11613E+03	 9.69267E+02
 2.11989E+03	 9.69400E+02
 2.12364E+03	 9.67733E+02
 2.12740E+03	 9.68333E+02
 2.13115E+03	 9.70433E+02
 2.13490E+03	 9.68067E+02
 2.13866E+03	 9.69833E+02
 2.14240E+03	 9.68667E+02
 2.14615E+03	 9.67767E+02
 2.14990E+03	 9.66400E+02
 2.15364E+03	 9.68900E+02
 2.15738E+03	 9.71167E+02
 2.16112E+03	 9.69000E+02
 2.16486E+03	 9.67167E+02
 2.16859E+03	 9.69633E+02
 2.17233E+03	 9.70133E+02
 2.17606E+03	 9.68567E+02
 2.17979E+03	 9.69800E+02
 2.18352E+03	 9.65967E+02
 2.18724E+03	 9.67533E+02
 2.19097E+03	 9.67533E+02
 2.19469E+03	 9.66333E+02
 2.19841E+03	 9.67467E+02
 2.20213E+03	 9.68767E+02
 2.20585E+03	 9.67467E+02
 2.20956E+03	 9.66533E+02
 2.21328E+03	 9.64567E+02
 2.21699E+03	 9.66167E+02
 2.22070E+03	 9.68200E+02
 2.22441E+03	 9.66267E+02
 2.22812E+03	 9.65433E+02
 2.23182E+03	 9.67700E+02
 2.23552E+03	 9.66000E+02
 2.23923E+03	 9.64567E+02
 2.24293E+03	 9.65500E+02
 2.24662E+03	 9.68433E+02
 2.25032E+03	 9.65933E+02
 2.25401E+03	 9.65700E+02
 2.25771E+03	 9.64733E+02
 2.26140E+03	 9.67167E+02
 2.26509E+03	 9.64667E+02
 2.26877E+03	 9.64733E+02
 2.27246E+03	 9.62233E+02
 2.27614E+03	 9.64300E+02
 2.27982E+03	 9.66167E+02
 2.28350E+03	 9.64400E+02
 2.28718E+03	 9.63933E+02
 2.29086E+03	 9.64067E+02
 2.29453E+03	 9.64600E+02
 2.29820E+03	 9.63667E+02
 2.30188E+03	 9.67067E+02
 2.30555E+03	 9.62467E+02
 2.30921E+03	 9.63667E+02
 2.31288E+03	 9.66367E+02
 2.31654E+03	 9.66500E+02
 2.32020E+03	 9.63633E+02
 2.32386E+03	 9.63967E+02
 2.32752E+03	 9.64133E+02
 2.33118E+03	 9.66000E+02
 2.33484E+03	 9.67100E+02
 2.33849E+03	 9.69033E+02
 2.34214E+03	 9.68033E+02
 2.34579E+03	 9.70233E+02
 2.34944E+03	 9.67567E+02
 2.35308E+03	 9.68133E+02
 2.35673E+03	 9.65600E+02
 2.36037E+03	 9.65367E+02
 2.36401E+03	 9.66433E+02
 2.36765E+03	 9.68500E+02
 2.37129E+03	 9.66767E+02
 2.37492E+03	 9.70067E+02
 2.37856E+03	 9.68900E+02
 2.38219E+03	 9.70800E+02
 2.38582E+03	 9.68367E+02
 2.38945E+03	 9.70133E+02
 2.39308E+03	 9.69300E+02
 2.39670E+03	 9.71333E+02
 2.40033E+03	 9.69833E+02
 2.40395E+03	 9.68133E+02
 2.40757E+03	 9.67800E+02
 2.41119E+03	 9.67700E+02
 2.41480E+03	 9.69067E+02
 2.41842E+03	 9.67833E+02
 2.42203E+03	 9.66667E+02
 2.42564E+03	 9.69400E+02
 2.42925E+03	 9.66967E+02
 2.43286E+03	 9.67633E+02
 2.43647E+03	 9.69100E+02
 2.44007E+03	 9.67767E+02
 2.44367E+03	 9.64733E+02
 2.44727E+03	 9.71567E+02
 2.45087E+03	 9.69867E+02
 2.45447E+03	 9.68100E+02
 2.45807E+03	 9.69633E+02
 2.46166E+03	 9.68800E+02
 2.46525E+03	 9.69800E+02
 2.46884E+03	 9.70600E+02
 2.47243E+03	 9.71100E+02
 2.47602E+03	 9.68500E+02
 2.47960E+03	 9.71800E+02
 2.48319E+03	 9.70467E+02
 2.48677E+03	 9.72867E+02
 2.49035E+03	 9.68933E+02
 2.49393E+03	 9.71867E+02
 2.49751E+03	 9.72300E+02
 2.50108E+03	 9.71467E+02
 2.50465E+03	 9.71600E+02
 2.50823E+03	 9.75933E+02
 2.51180E+03	 9.76867E+02
 2.51536E+03	 9.73933E+02
 2.51893E+03	 9.76000E+02
 2.52250E+03	 9.75700E+02
 2.52606E+03	 9.76267E+02
 2.52962E+03	 9.73000E+02
 2.53318E+03	 9.77800E+02
 2.53674E+03	 9.80067E+02
 2.54029E+03	 9.79767E+02
 2.54385E+03	 9.77767E+02
 2.54740E+03	 9.78967E+02
 2.55095E+03	 9.79700E+02
 2.55450E+03	 9.80667E+02
 2.55805E+03	 9.80233E+02
 2.56160E+03	 9.77400E+02
 2.56514E+03	 9.79933E+02
 2.56868E+03	 9.83300E+02
 2.57222E+03	 9.82133E+02
 2.57576E+03	 9.79400E+02
 2.57930E+03	 9.81033E+02
 2.58284E+03	 9.81100E+02
 2.58637E+03	 9.81267E+02
 2.58991E+03	 9.82033E+02
 2.59344E+03	 9.80133E+02
 2.59697E+03	 9.83100E+02
 2.60049E+03	 9.84700E+02
 2.60402E+03	 9.84533E+02
 2.60754E+03	 9.83033E+02
 2.61107E+03	 9.83467E+02
 2.61459E+03	 9.81900E+02
 2.61811E+03	 9.84000E+02
 2.62162E+03	 9.86267E+02
 2.62514E+03	 9.83500E+02
 2.62865E+03	 9.86533E+02
 2.63217E+03	 9.84567E+02
 2.63568E+03	 9.85333E+02
 2.63919E+03	 9.87433E+02
 2.64269E+03	 9.87267E+02
 2.64620E+03	 9.89167E+02
 2.64970E+03	 9.89700E+02
 2.65321E+03	 9.93400E+02
 2.65671E+03	 9.90933E+02
 2.66021E+03	 9.95467E+02
 2.66370E+03	 9.93767E+02
 2.66720E+03	 9.97133E+02
 2.67069E+03	 1.00100E+03
 2.67419E+03	 9.97067E+02
 2.67768E+03	 9.99600E+02
 2.68117E+03	 1.00453E+03
 2.68466E+03	 1.00477E+03
 2.68814E+03	 1.01080E+03
 2.69163E+03	 1.01227E+03
 2.69511E+03	 1.01277E+03
 2.69859E+03	 1.01987E+03
 2.70207E+03	 1.01803E+03
 2.70555E+03	 1.02283E+03
 2.70902E+03	 1.01990E+03
 2.71250E+03	 1.02487E+03
 2.71597E+03	 1.02903E+03
 2.71944E+03	 1.03247E+03
 2.72291E+03	 1.03757E+03
 2.72638E+03	 1.04873E+03
 2.72984E+03	 1.05407E+03
 2.73331E+03	 1.05330E+03
 2.73677E+03	 1.06867E+03
 2.74023E+03	 1.07237E+03
 2.74369E+03	 1.07603E+03
 2.74715E+03	 1.08180E+03
 2.75061E+03	 1.08160E+03
 2.75406E+03	 1.09303E+03
 2.75752E+03	 1.09393E+03
 2.76097E+03	 1.09413E+03
 2.76442E+03	 1.08787E+03
 2.76786E+03	 1.09490E+03
 2.77131E+03	 1.09933E+03
 2.77476E+03	 1.09127E+03
 2.77820E+03	 1.07960E+03
 2.78164E+03	 1.07903E+03
 2.78508E+03	 1.09140E+03
 2.78852E+03	 1.08550E+03
 2.79196E+03	 1.09490E+03
 2.79539E+03	 1.09037E+03
 2.79883E+03	 1.08687E+03
 2.80226E+03	 1.10627E+03
 2.80569E+03	 1.10380E+03
 2.80912E+03	 1.10820E+03
 2.81254E+03	 1.11457E+03
 2.81597E+03	 1.12227E+03
 2.81939E+03	 1.13920E+03
 2.82282E+03	 1.15220E+03
 2.82624E+03	 1.14993E+03
 2.82966E+03	 1.16213E+03
 2.83307E+03	 1.17950E+03
 2.83649E+03	 1.20110E+03
 2.83990E+03	 1.21443E+03
 2.84332E+03	 1.23420E+03
 2.84673E+03	 1.27263E+03
 2.85014E+03	 1.27303E+03
 2.85354E+03	 1.30527E+03
 2.85695E+03	 1.34533E+03
 2.86036E+03	 1.37890E+03
 2.86376E+03	 1.41637E+03
 2.86716E+03	 1.44513E+03
 2.87056E+03	 1.47377E+03
 2.87396E+03	 1.57020E+03
 2.87736E+03	 1.65410E+03
 2.88075E+03	 1.73363E+03
 2.88414E+03	 1.80667E+03
 2.88754E+03	 1.89423E+03
 2.89093E+03	 2.00250E+03
 2.89431E+03	 2.05640E+03
 2.89770E+03	 2.14703E+03
 2.90109E+03	 2.17447E+03
 2.90447E+03	 2.14973E+03
 2.90785E+03	 2.14190E+03
 2.91123E+03	 2.05907E+03
 2.91461E+03	 2.02067E+03
 2.91799E+03	 2.00673E+03
 2.92137E+03	 1.98550E+03
 2.92474E+03	 1.96597E+03
 2.92811E+03	 1.99623E+03
 2.93149E+03	 1.99663E+03
 2.93486E+03	 2.02657E+03
 2.93822E+03	 2.02887E+03
 2.94159E+03	 2.02197E+03
 2.94496E+03	 2.09293E+03
 2.94832E+03	 2.10307E+03
 2.95168E+03	 2.10720E+03
 2.95504E+03	 2.10413E+03
 2.95840E+03	 2.09877E+03
 2.96176E+03	 2.07253E+03
 2.96511E+03	 2.02973E+03
 2.96847E+03	 2.03637E+03
 2.97182E+03	 1.94673E+03
 2.97517E+03	 1.86807E+03
 2.97852E+03	 1.80213E+03
 2.98187E+03	 1.77537E+03
 2.98521E+03	 1.70890E+03
 2.98856E+03	 1.57243E+03
 2.99190E+03	 1.48790E+03
 2.99524E+03	 1.41487E+03
 2.99858E+03	 1.33323E+03
 3.00192E+03	 1.27690E+03
 3.00526E+03	 1.23203E+03
 3.00859E+03	 1.19970E+03
 3.01193E+03	 1.15147E+03
 3.01526E+03	 1.12187E+03
 3.01859E+03	 1.10447E+03
 3.02192E+03	 1.08523E+03
 3.02525E+03	 1.06940E+03
 3.02857E+03	 1.06473E+03
 3.03190E+03	 1.05207E+03
 3.03522E+03	 1.03960E+03
 3.03854E+03	 1.03650E+03
 3.04186E+03	 1.03940E+03
 3.04518E+03	 1.03423E+03
 3.04850E+03	 1.02950E+03
 3.05181E+03	 1.02017E+03
 3.05512E+03	 1.02197E+03
 3.05844E+03	 1.02473E+03
 3.06175E+03	 1.01853E+03
 3.06506E+03	 1.02033E+03
 3.06836E+03	 1.02390E+03
 3.07167E+03	 1.01547E+03
 3.07497E+03	 1.01970E+03
 3.07828E+03	 1.01583E+03
 3.08158E+03	 1.01750E+03
 3.08488E+03	 1.01407E+03
 3.08818E+03	 1.02050E+03
 3.09147E+03	 1.01987E+03
 3.09477E+03	 1.01763E+03
 3.09806E+03	 1.02097E+03
 3.10135E+03	 1.02277E+03
 3.10464E+03	 1.02357E+03
 3.10793E+03	 1.01980E+03
 3.11122E+03	 1.02287E+03
 3.11451E+03	 1.02597E+03
 3.11779E+03	 1.03453E+03
 3.12107E+03	 1.03187E+03
 3.12436E+03	 1.03407E+03
 3.12764E+03	 1.04147E+03
 3.13091E+03	 1.03750E+03
 3.13419E+03	 1.03633E+03
 3.13747E+03	 1.04347E+03
 3.14074E+03	 1.04743E+03
 3.14401E+03	 1.04397E+03
 3.14728E+03	 1.04987E+03
 3.15055E+03	 1.05270E+03
 3.15382E+03	 1.04917E+03
 3.15709E+03	 1.05990E+03
 3.16035E+03	 1.06340E+03
 3.16362E+03	 1.06477E+03
 3.16688E+03	 1.07103E+03
 3.17014E+03	 1.06490E+03
 3.17340E+03	 1.07370E+03
 3.17665E+03	 1.07727E+03
 3.17991E+03	 1.07983E+03
 3.18316E+03	 1.07433E+03
 3.18642E+03	 1.08487E+03
 3.18967E+03	 1.08467E+03
 3.19292E+03	 1.08693E+03
 3.19617E+03	 1.09053E+03
 3.19941E+03	 1.10410E+03
 3.20266E+03	 1.09847E+03
 3.20590E+03	 1.09883E+03
 3.20914E+03	 1.10777E+03
 3.21238E+03	 1.10370E+03
 3.21562E+03	 1.11617E+03
 3.21886E+03	 1.11293E+03
 3.22210E+03	 1.10937E+03
 3.22533E+03	 1.11923E+03
 3.22857E+03	 1.13180E+03
 3.23180E+03	 1.12110E+03
 3.23503E+03	 1.13507E+03
 3.23826E+03	 1.12887E+03
 3.24148E+03	 1.14190E+03
 3.24471E+03	 1.14203E+03
 3.24793E+03	 1.13897E+03
 3.25116E+03	 1.14597E+03
 3.25438E+03	 1.15553E+03
 3.25760E+03	 1.14937E+03
 3.26082E+03	 1.14603E+03
 3.26403E+03	 1.15133E+03
 3.26725E+03	 1.15840E+03
 3.27046E+03	 1.14923E+03
 3.27368E+03	 1.15027E+03
 3.27689E+03	 1.16303E+03
 3.28010E+03	 1.16577E+03
 3.28331E+03	 1.16370E+03
 3.28651E+03	 1.16633E+03
 3.28972E+03	 1.16187E+03
 3.29292E+03	 1.16633E+03
 3.29612E+03	 1.16260E+03
 3.29932E+03	 1.16613E+03
 3.30252E+03	 1.15820E+03
 3.30572E+03	 1.16633E+03
 3.30892E+03	 1.16263E+03
 3.31211E+03	 1.16337E+03
 3.31531E+03	 1.16823E+03
 3.31850E+03	 1.15943E+03
 3.32169E+03	 1.15933E+03
 3.32488E+03	 1.17930E+03
 3.32807E+03	 1.17370E+03
 3.33125E+03	 1.17333E+03
 3.33444E+03	 1.16567E+03
 3.33762E+03	 1.18237E+03
 3.34080E+03	 1.17697E+03
 3.34398E+03	 1.17340E+03
 3.34716E+03	 1.17947E+03
 3.35034E+03	 1.16630E+03
 3.35351E+03	 1.17663E+03
 3.35669E+03	 1.19337E+03
 3.35986E+03	 1.19260E+03
 3.36303E+03	 1.18183E+03
 3.36620E+03	 1.16903E+03
 3.36937E+03	 1.18627E+03
 3.37254E+03	 1.18227E+03
 3.37570E+03	 1.18267E+03
 3.37887E+03	 1.17127E+03
 3.38203E+03	 1.17153E+03
 3.38519E+03	 1.18570E+03
 3.38835E+03	 1.18317E+03
 3.39151E+03	 1.18780E+03
 3.39467E+03	 1.19773E+03
 3.39782E+03	 1.19667E+03
 3.40098E+03	 1.18937E+03
 3.40413E+03	 1.15650E+03
 3.40728E+03	 1.16363E+03
 3.41043E+03	 1.19297E+03
 3.41358E+03	 1.19393E+03
 3.41673E+03	 1.18447E+03
 3.41987E+03	 1.18117E+03
 3.42302E+03	 1.18000E+03
 3.42616E+03	 1.17570E+03
 3.42930E+03	 1.16377E+03
 3.43244E+03	 1.16100E+03
 3.43558E+03	 1.15643E+03
 3.43872E+03	 1.16903E+03
 3.44185E+03	 1.17437E+03
 3.44499E+03	 1.17413E+03
 3.44812E+03	 1.15917E+03
 3.45125E+03	 1.15610E+03
 3.45438E+03	 1.14123E+03
 3.45751E+03	 1.15277E+03
 3.46064E+03	 1.13920E+03
 3.46376E+03	 1.14420E+03
 3.46689E+03	 1.13690E+03
 3.47001E+03	 1.14870E+03
 3.47313E+03	 1.14577E+03
 3.47625E+03	 1.13023E+03
 3.47937E+03	 1.12727E+03
 3.48249E+03	 1.12223E+03
 3.48560E+03	 1.12783E+03
 3.48872E+03	 1.11263E+03
 3.49183E+03	 1.11700E+03
 3.49494E+03	 1.11470E+03
 3.49805E+03	 1.10493E+03
 3.50116E+03	 1.09923E+03
 3.50427E+03	 1.10603E+03
 3.50737E+03	 1.09107E+03
 3.51048E+03	 1.08843E+03
 3.51358E+03	 1.09093E+03
 3.51668E+03	 1.06983E+03
 3.51978E+03	 1.07487E+03
 3.52288E+03	 1.08833E+03
 3.52598E+03	 1.06557E+03
 3.52907E+03	 1.05600E+03
 3.53217E+03	 1.06293E+03
 3.53526E+03	 1.06073E+03
 3.53835E+03	 1.04853E+03
 3.54144E+03	 1.04350E+03
 3.54453E+03	 1.04293E+03
 3.54762E+03	 1.03887E+03
 3.55071E+03	 1.03953E+03
 3.55379E+03	 1.03353E+03
 3.55687E+03	 1.03187E+03
 3.55996E+03	 1.03033E+03
 3.56304E+03	 1.02520E+03
 3.56612E+03	 1.01887E+03
 3.56919E+03	 1.02473E+03
 3.57227E+03	 1.02247E+03
 3.57535E+03	 1.01227E+03
 3.57842E+03	 1.01153E+03
 3.58149E+03	 1.00923E+03
 3.58456E+03	 1.00310E+03
 3.58763E+03	 9.98100E+02
 3.59070E+03	 9.96367E+02
 3.59377E+03	 9.87000E+02
 3.59683E+03	 9.89100E+02
 3.59990E+03	 9.91033E+02
 3.60296E+03	 9.90067E+02
 3.60602E+03	 9.83800E+02
 3.60908E+03	 9.80500E+02
 3.61214E+03	 9.76400E+02
 3.61519E+03	 9.71300E+02
 3.61825E+03	 9.72467E+02
 3.62130E+03	 9.69867E+02
 3.62436E+03	 9.67367E+02
 3.62741E+03	 9.66633E+02
 3.63046E+03	 9.65833E+02
 3.63351E+03	 9.57267E+02
 3.63656E+03	 9.56300E+02
 3.63960E+03	 9.59667E+02
 3.64265E+03	 9.56833E+02
 3.64569E+03	 9.56400E+02
 3.64873E+03	 9.50933E+02
 3.65177E+03	 9.50367E+02
 3.65481E+03	 9.45467E+02
 3.65785E+03	 9.44667E+02
 3.66089E+03	 9.46267E+02
 3.66392E+03	 9.46933E+02
 3.66695E+03	 9.43000E+02
 3.66999E+03	 9.43533E+02
 3.67302E+03	 9.42300E+02
 3.67605E+03	 9.41267E+02
 3.67908E+03	 9.40800E+02
 3.68210E+03	 9.39033E+02
 3.68513E+03	 9.37300E+02
 3.68815E+03	 9.36200E+02
 3.69117E+03	 9.38033E+02
 3.69420E+03	 9.36467E+02
 3.69722E+03	 9.34133E+02
 3.70023E+03	 9.33733E+02
 3.70325E+03	 9.36067E+02
 3.70627E+03	 9.32733E+02
 3.70928E+03	 9.34933E+02
 3.71230E+03	 9.35500E+02
 3.71531E+03	 9.33700E+02
 3.71832E+03	 9.30633E+02
 3.72133E+03	 9.30567E+02
 3.72434E+03	 9.32367E+02
 3.72734E+03	 9.31200E+02
 3.73035E+03	 9.28833E+02
 3.73335E+03	 9.31400E+02
 3.73635E+03	 9.29700E+02
 3.73936E+03	 9.29333E+02
 3.74236E+03	 9.29833E+02
 3.74535E+03	 9.30000E+02
 3.74835E+03	 9.28767E+02
 3.75135E+03	 9.26567E+02
 3.75434E+03	 9.27333E+02
 3.75733E+03	 9.28400E+02
 3.76033E+03	 9.26900E+02
 3.76332E+03	 9.27067E+02
 3.76631E+03	 9.25733E+02
 3.76929E+03	 9.27100E+02
 3.77228E+03	 9.26167E+02
 3.77527E+03	 9.26867E+02
 3.77825E+03	 9.25600E+02
 3.78123E+03	 9.25233E+02
 3.78421E+03	 9.27433E+02
 3.78719E+03	 9.24500E+02
