-1.40382E+02	 9.05133E+02
-1.35457E+02	 9.06567E+02
-1.30535E+02	 9.05433E+02
-1.25616E+02	 9.06533E+02
-1.20700E+02	 9.07067E+02
-1.15786E+02	 9.06300E+02
-1.10875E+02	 9.06133E+02
-1.05967E+02	 9.07133E+02
-1.01061E+02	 9.06200E+02
-9.61580E+01	 9.07900E+02
-9.12576E+01	 9.08433E+02
-8.63599E+01	 9.07300E+02
-8.14648E+01	 9.07900E+02
-7.65724E+01	 9.07400E+02
-7.16827E+01	 9.06733E+02
-6.67956E+01	 9.09633E+02
-6.19111E+01	 9.08833E+02
-5.70293E+01	 9.09467E+02
-5.21502E+01	 9.10733E+02
-4.72737E+01	 9.08967E+02
-4.23998E+01	 9.11367E+02
-3.75286E+01	 9.11067E+02
-3.26600E+01	 9.11433E+02
-2.77941E+01	 9.12467E+02
-2.29308E+01	 9.13067E+02
-1.80701E+01	 9.15067E+02
-1.32121E+01	 9.17933E+02
-8.35667E+00	 9.24000E+02
-3.50389E+00	 9.32400E+02
 1.34626E+00	 9.71467E+02
 6.19379E+00	 1.44067E+03
 1.10387E+01	 6.20870E+03
 1.58810E+01	 1.10888E+04
 2.07207E+01	 5.36200E+03
 2.55577E+01	 1.38610E+03
 3.03922E+01	 9.50333E+02
 3.52240E+01	 9.25467E+02
 4.00532E+01	 9.18633E+02
 4.48798E+01	 9.16600E+02
 4.97038E+01	 9.14800E+02
 5.45252E+01	 9.13400E+02
 5.93440E+01	 9.13733E+02
 6.41602E+01	 9.15133E+02
 6.89738E+01	 9.18700E+02
 7.37848E+01	 9.33900E+02
 7.85932E+01	 9.83667E+02
 8.33991E+01	 1.13447E+03
 8.82023E+01	 1.44210E+03
 9.30029E+01	 1.74640E+03
 9.78010E+01	 1.92823E+03
 1.02596E+02	 2.00207E+03
 1.07389E+02	 2.00747E+03
 1.12180E+02	 1.97853E+03
 1.16967E+02	 1.91397E+03
 1.21753E+02	 1.85777E+03
 1.26535E+02	 1.80657E+03
 1.31315E+02	 1.78117E+03
 1.36093E+02	 1.76603E+03
 1.40867E+02	 1.76360E+03
 1.45640E+02	 1.73250E+03
 1.50409E+02	 1.68757E+03
 1.55177E+02	 1.68127E+03
 1.59941E+02	 1.63980E+03
 1.64703E+02	 1.62533E+03
 1.69463E+02	 1.56460E+03
 1.74220E+02	 1.56210E+03
 1.78974E+02	 1.54127E+03
 1.83726E+02	 1.53837E+03
 1.88475E+02	 1.51403E+03
 1.93222E+02	 1.49573E+03
 1.97966E+02	 1.48990E+03
 2.02708E+02	 1.48020E+03
 2.07447E+02	 1.45033E+03
 2.12184E+02	 1.44500E+03
 2.16918E+02	 1.43227E+03
 2.21649E+02	 1.39703E+03
 2.26378E+02	 1.40083E+03
 2.31105E+02	 1.39260E+03
 2.35829E+02	 1.37997E+03
 2.40550E+02	 1.36873E+03
 2.45269E+02	 1.36650E+03
 2.49985E+02	 1.36000E+03
 2.54699E+02	 1.34450E+03
 2.59410E+02	 1.35130E+03
 2.64119E+02	 1.32383E+03
 2.68825E+02	 1.31353E+03
 2.73529E+02	 1.31853E+03
 2.78230E+02	 1.31587E+03
 2.82929E+02	 1.31323E+03
 2.87625E+02	 1.30263E+03
 2.92319E+02	 1.30807E+03
 2.97010E+02	 1.29703E+03
 3.01699E+02	 1.30437E+03
 3.06385E+02	 1.28957E+03
 3.11069E+02	 1.27603E+03
 3.15750E+02	 1.28067E+03
 3.20428E+02	 1.28880E+03
 3.25105E+02	 1.28313E+03
 3.29778E+02	 1.27977E+03
 3.34450E+02	 1.28397E+03
 3.39118E+02	 1.28343E+03
 3.43785E+02	 1.28797E+03
 3.48448E+02	 1.28463E+03
 3.53110E+02	 1.28687E+03
 3.57768E+02	 1.25867E+03
 3.62425E+02	 1.25693E+03
 3.67079E+02	 1.23913E+03
 3.71730E+02	 1.23467E+03
 3.76379E+02	 1.22477E+03
 3.81025E+02	 1.23067E+03
 3.85669E+02	 1.24520E+03
 3.90311E+02	 1.26113E+03
 3.94950E+02	 1.27917E+03
 3.99586E+02	 1.29050E+03
 4.04220E+02	 1.28410E+03
 4.08852E+02	 1.28443E+03
 4.13481E+02	 1.30487E+03
 4.18108E+02	 1.35623E+03
 4.22732E+02	 1.41137E+03
 4.27354E+02	 1.45550E+03
 4.31973E+02	 1.50067E+03
 4.36590E+02	 1.48853E+03
 4.41205E+02	 1.45720E+03
 4.45817E+02	 1.41240E+03
 4.50426E+02	 1.37583E+03
 4.55034E+02	 1.34100E+03
 4.59638E+02	 1.31260E+03
 4.64241E+02	 1.28117E+03
 4.68840E+02	 1.26933E+03
 4.73438E+02	 1.28293E+03
 4.78033E+02	 1.29297E+03
 4.82625E+02	 1.33207E+03
 4.87215E+02	 1.43633E+03
 4.91803E+02	 1.54257E+03
 4.96388E+02	 1.65667E+03
 5.00971E+02	 1.72870E+03
 5.05552E+02	 1.72687E+03
 5.10129E+02	 1.68367E+03
 5.14705E+02	 1.58847E+03
 5.19278E+02	 1.47827E+03
 5.23849E+02	 1.37027E+03
 5.28417E+02	 1.30890E+03
 5.32983E+02	 1.26000E+03
 5.37547E+02	 1.25807E+03
 5.42108E+02	 1.23957E+03
 5.46666E+02	 1.23427E+03
 5.51223E+02	 1.23200E+03
 5.55777E+02	 1.24590E+03
 5.60328E+02	 1.27183E+03
 5.64877E+02	 1.28490E+03
 5.69424E+02	 1.29153E+03
 5.73968E+02	 1.27497E+03
 5.78510E+02	 1.26047E+03
 5.83049E+02	 1.24873E+03
 5.87587E+02	 1.23480E+03
 5.92121E+02	 1.21280E+03
 5.96654E+02	 1.20627E+03
 6.01184E+02	 1.19527E+03
 6.05711E+02	 1.19097E+03
 6.10236E+02	 1.18540E+03
 6.14759E+02	 1.17913E+03
 6.19280E+02	 1.17933E+03
 6.23798E+02	 1.18087E+03
 6.28313E+02	 1.16943E+03
 6.32827E+02	 1.17280E+03
 6.37338E+02	 1.18593E+03
 6.41846E+02	 1.18783E+03
 6.46352E+02	 1.18913E+03
 6.50856E+02	 1.18557E+03
 6.55358E+02	 1.19167E+03
 6.59857E+02	 1.19803E+03
 6.64354E+02	 1.21033E+03
 6.68848E+02	 1.24207E+03
 6.73340E+02	 1.25750E+03
 6.77830E+02	 1.25753E+03
 6.82317E+02	 1.29863E+03
 6.86802E+02	 1.31513E+03
 6.91285E+02	 1.34420E+03
 6.95765E+02	 1.33200E+03
 7.00243E+02	 1.31487E+03
 7.04718E+02	 1.27000E+03
 7.09192E+02	 1.22403E+03
 7.13663E+02	 1.20197E+03
 7.18131E+02	 1.18470E+03
 7.22597E+02	 1.17753E+03
 7.27061E+02	 1.17307E+03
 7.31523E+02	 1.16923E+03
 7.35982E+02	 1.14650E+03
 7.40439E+02	 1.15323E+03
 7.44894E+02	 1.15593E+03
 7.49346E+02	 1.15493E+03
 7.53796E+02	 1.15170E+03
 7.58243E+02	 1.14807E+03
 7.62689E+02	 1.14397E+03
 7.67132E+02	 1.14497E+03
 7.71572E+02	 1.14467E+03
 7.76011E+02	 1.14587E+03
 7.80447E+02	 1.14897E+03
 7.84880E+02	 1.15737E+03
 7.89312E+02	 1.15907E+03
 7.93741E+02	 1.16920E+03
 7.98167E+02	 1.17270E+03
 8.02592E+02	 1.20153E+03
 8.07014E+02	 1.19990E+03
 8.11434E+02	 1.19573E+03
 8.15851E+02	 1.21367E+03
 8.20267E+02	 1.23977E+03
 8.24680E+02	 1.30240E+03
 8.29090E+02	 1.42567E+03
 8.33499E+02	 1.52310E+03
 8.37905E+02	 1.59653E+03
 8.42309E+02	 1.61673E+03
 8.46710E+02	 1.56730E+03
 8.51109E+02	 1.56210E+03
 8.55506E+02	 1.63420E+03
 8.59901E+02	 1.80360E+03
 8.64293E+02	 1.94907E+03
 8.68683E+02	 2.01543E+03
 8.73071E+02	 1.96320E+03
 8.77456E+02	 1.87923E+03
 8.81840E+02	 1.79617E+03
 8.86221E+02	 1.64243E+03
 8.90599E+02	 1.52810E+03
 8.94976E+02	 1.41480E+03
 8.99350E+02	 1.30810E+03
 9.03722E+02	 1.24753E+03
 9.08091E+02	 1.21807E+03
 9.12459E+02	 1.24047E+03
 9.16824E+02	 1.28240E+03
 9.21187E+02	 1.34040E+03
 9.25547E+02	 1.40677E+03
 9.29905E+02	 1.46860E+03
 9.34261E+02	 1.52237E+03
 9.38615E+02	 1.59140E+03
 9.42967E+02	 1.61180E+03
 9.47316E+02	 1.56067E+03
 9.51663E+02	 1.47933E+03
 9.56008E+02	 1.36810E+03
 9.60350E+02	 1.26813E+03
 9.64691E+02	 1.20853E+03
 9.69029E+02	 1.18000E+03
 9.73364E+02	 1.17183E+03
 9.77698E+02	 1.19163E+03
 9.82029E+02	 1.22443E+03
 9.86358E+02	 1.26693E+03
 9.90685E+02	 1.31973E+03
 9.95010E+02	 1.34457E+03
 9.99332E+02	 1.32830E+03
 1.00365E+03	 1.27563E+03
 1.00797E+03	 1.22727E+03
 1.01229E+03	 1.20193E+03
 1.01660E+03	 1.20290E+03
 1.02091E+03	 1.20527E+03
 1.02522E+03	 1.21090E+03
 1.02953E+03	 1.21877E+03
 1.03383E+03	 1.25757E+03
 1.03813E+03	 1.32143E+03
 1.04243E+03	 1.40383E+03
 1.04673E+03	 1.48487E+03
 1.05103E+03	 1.58590E+03
 1.05532E+03	 1.73910E+03
 1.05961E+03	 1.87650E+03
 1.06390E+03	 1.95940E+03
 1.06819E+03	 2.07353E+03
 1.07247E+03	 2.09657E+03
 1.07676E+03	 2.04957E+03
 1.08104E+03	 2.05020E+03
 1.08531E+03	 2.00363E+03
 1.08959E+03	 1.94677E+03
 1.09386E+03	 1.85450E+03
 1.09813E+03	 1.80587E+03
 1.10240E+03	 1.78847E+03
 1.10667E+03	 1.77787E+03
 1.11094E+03	 1.76273E+03
 1.11520E+03	 1.76803E+03
 1.11946E+03	 1.73687E+03
 1.12372E+03	 1.75117E+03
 1.12797E+03	 1.78407E+03
 1.13223E+03	 1.77923E+03
 1.13648E+03	 1.71240E+03
 1.14073E+03	 1.59067E+03
 1.14498E+03	 1.45300E+03
 1.14922E+03	 1.34820E+03
 1.15347E+03	 1.27193E+03
 1.15771E+03	 1.22320E+03
 1.16194E+03	 1.19443E+03
 1.16618E+03	 1.17833E+03
 1.17042E+03	 1.16870E+03
 1.17465E+03	 1.16980E+03
 1.17888E+03	 1.16147E+03
 1.18311E+03	 1.16783E+03
 1.18733E+03	 1.17450E+03
 1.19156E+03	 1.17010E+03
 1.19578E+03	 1.17597E+03
 1.20000E+03	 1.19793E+03
 1.20421E+03	 1.20843E+03
 1.20843E+03	 1.23207E+03
 1.21264E+03	 1.26797E+03
 1.21685E+03	 1.30280E+03
 1.22106E+03	 1.32633E+03
 1.22527E+03	 1.34660E+03
 1.22947E+03	 1.36540E+03
 1.23367E+03	 1.37573E+03
 1.23787E+03	 1.40330E+03
 1.24207E+03	 1.42793E+03
 1.24627E+03	 1.46330E+03
 1.25046E+03	 1.48340E+03
 1.25465E+03	 1.50260E+03
 1.25884E+03	 1.54327E+03
 1.26303E+03	 1.57473E+03
 1.26721E+03	 1.59313E+03
 1.27140E+03	 1.59967E+03
 1.27558E+03	 1.63177E+03
 1.27975E+03	 1.60083E+03
 1.28393E+03	 1.58453E+03
 1.28811E+03	 1.57013E+03
 1.29228E+03	 1.57920E+03
 1.29645E+03	 1.53617E+03
 1.30062E+03	 1.49927E+03
 1.30478E+03	 1.48787E+03
 1.30895E+03	 1.47607E+03
 1.31311E+03	 1.47003E+03
 1.31727E+03	 1.46150E+03
 1.32142E+03	 1.47130E+03
 1.32558E+03	 1.47607E+03
 1.32973E+03	 1.47167E+03
 1.33388E+03	 1.50097E+03
 1.33803E+03	 1.49910E+03
 1.34218E+03	 1.48813E+03
 1.34632E+03	 1.46477E+03
 1.35047E+03	 1.47723E+03
 1.35461E+03	 1.47127E+03
 1.35875E+03	 1.49623E+03
 1.36288E+03	 1.51583E+03
 1.36702E+03	 1.52333E+03
 1.37115E+03	 1.52103E+03
 1.37528E+03	 1.48913E+03
 1.37941E+03	 1.47753E+03
 1.38353E+03	 1.46720E+03
 1.38766E+03	 1.46030E+03
 1.39178E+03	 1.44680E+03
 1.39590E+03	 1.44873E+03
 1.40001E+03	 1.44433E+03
 1.40413E+03	 1.42083E+03
 1.40824E+03	 1.42400E+03
 1.41235E+03	 1.41533E+03
 1.41646E+03	 1.41447E+03
 1.42057E+03	 1.41700E+03
 1.42468E+03	 1.41537E+03
 1.42878E+03	 1.40277E+03
 1.43288E+03	 1.39937E+03
 1.43698E+03	 1.40347E+03
 1.44107E+03	 1.39363E+03
 1.44517E+03	 1.38017E+03
 1.44926E+03	 1.38367E+03
 1.45335E+03	 1.39950E+03
 1.45744E+03	 1.42223E+03
 1.46153E+03	 1.48377E+03
 1.46561E+03	 1.58737E+03
 1.46969E+03	 1.75493E+03
 1.47377E+03	 1.93647E+03
 1.47785E+03	 2.08950E+03
 1.48193E+03	 2.15610E+03
 1.48600E+03	 2.15650E+03
 1.49007E+03	 2.05547E+03
 1.49414E+03	 1.84760E+03
 1.49821E+03	 1.65850E+03
 1.50228E+03	 1.45350E+03
 1.50634E+03	 1.32747E+03
 1.51040E+03	 1.24050E+03
 1.51446E+03	 1.19750E+03
 1.51852E+03	 1.17067E+03
 1.52258E+03	 1.15253E+03
 1.52663E+03	 1.14417E+03
 1.53068E+03	 1.13463E+03
 1.53473E+03	 1.13093E+03
 1.53878E+03	 1.12950E+03
 1.54282E+03	 1.12070E+03
 1.54687E+03	 1.11923E+03
 1.55091E+03	 1.11307E+03
 1.55495E+03	 1.11717E+03
 1.55899E+03	 1.11433E+03
 1.56302E+03	 1.11343E+03
 1.56705E+03	 1.11293E+03
 1.57109E+03	 1.10930E+03
 1.57512E+03	 1.11503E+03
 1.57914E+03	 1.11160E+03
 1.58317E+03	 1.10097E+03
 1.58719E+03	 1.10697E+03
 1.59121E+03	 1.10680E+03
 1.59523E+03	 1.11003E+03
 1.59925E+03	 1.10393E+03
 1.60326E+03	 1.10683E+03
 1.60728E+03	 1.10403E+03
 1.61129E+03	 1.10200E+03
 1.61530E+03	 1.10497E+03
 1.61930E+03	 1.09997E+03
 1.62331E+03	 1.09947E+03
 1.62731E+03	 1.09657E+03
 1.63131E+03	 1.09627E+03
 1.63531E+03	 1.09947E+03
 1.63931E+03	 1.09770E+03
 1.64330E+03	 1.08990E+03
 1.64730E+03	 1.09157E+03
 1.65129E+03	 1.10047E+03
 1.65528E+03	 1.09880E+03
 1.65926E+03	 1.09670E+03
 1.66325E+03	 1.09630E+03
 1.66723E+03	 1.09463E+03
 1.67121E+03	 1.09643E+03
 1.67519E+03	 1.09367E+03
 1.67917E+03	 1.08960E+03
 1.68314E+03	 1.09870E+03
 1.68712E+03	 1.08950E+03
 1.69109E+03	 1.08907E+03
 1.69506E+03	 1.08497E+03
 1.69903E+03	 1.08677E+03
 1.70299E+03	 1.08727E+03
 1.70695E+03	 1.07797E+03
 1.71092E+03	 1.08227E+03
 1.71487E+03	 1.07833E+03
 1.71883E+03	 1.07830E+03
 1.72279E+03	 1.08003E+03
 1.72674E+03	 1.07677E+03
 1.73069E+03	 1.07440E+03
 1.73464E+03	 1.07333E+03
 1.73859E+03	 1.07093E+03
 1.74253E+03	 1.07753E+03
 1.74648E+03	 1.07090E+03
 1.75042E+03	 1.05930E+03
 1.75436E+03	 1.06973E+03
 1.75830E+03	 1.06897E+03
 1.76223E+03	 1.07140E+03
 1.76617E+03	 1.06500E+03
 1.77010E+03	 1.06567E+03
 1.77403E+03	 1.06293E+03
 1.77796E+03	 1.06333E+03
 1.78188E+03	 1.06530E+03
 1.78581E+03	 1.07043E+03
 1.78973E+03	 1.06867E+03
 1.79365E+03	 1.06033E+03
 1.79757E+03	 1.05480E+03
 1.80148E+03	 1.06090E+03
 1.80540E+03	 1.06137E+03
 1.80931E+03	 1.06367E+03
 1.81322E+03	 1.05887E+03
 1.81713E+03	 1.06397E+03
 1.82104E+03	 1.06157E+03
 1.82494E+03	 1.05833E+03
 1.82884E+03	 1.06420E+03
 1.83274E+03	 1.06313E+03
 1.83664E+03	 1.05797E+03
 1.84054E+03	 1.06000E+03
 1.84443E+03	 1.05677E+03
 1.84833E+03	 1.05710E+03
 1.85222E+03	 1.05527E+03
 1.85611E+03	 1.05760E+03
 1.85999E+03	 1.06010E+03
 1.86388E+03	 1.06240E+03
 1.86776E+03	 1.05690E+03
 1.87164E+03	 1.05537E+03
 1.87552E+03	 1.05527E+03
 1.87940E+03	 1.05007E+03
 1.88328E+03	 1.05340E+03
 1.88715E+03	 1.05493E+03
 1.89102E+03	 1.05383E+03
 1.89489E+03	 1.05213E+03
 1.89876E+03	 1.05270E+03
 1.90263E+03	 1.05603E+03
 1.90649E+03	 1.05333E+03
 1.91035E+03	 1.04937E+03
 1.91421E+03	 1.05337E+03
 1.91807E+03	 1.05187E+03
 1.92193E+03	 1.04657E+03
 1.92578E+03	 1.05507E+03
 1.92964E+03	 1.05383E+03
 1.93349E+03	 1.05060E+03
 1.93734E+03	 1.05783E+03
 1.94118E+03	 1.04807E+03
 1.94503E+03	 1.05587E+03
 1.94887E+03	 1.05143E+03
 1.95271E+03	 1.05273E+03
 1.95655E+03	 1.05133E+03
 1.96039E+03	 1.04943E+03
 1.96423E+03	 1.05507E+03
 1.96806E+03	 1.05207E+03
 1.97189E+03	 1.04580E+03
 1.97572E+03	 1.05133E+03
 1.97955E+03	 1.04870E+03
 1.98338E+03	 1.04230E+03
 1.98720E+03	 1.05147E+03
 1.99103E+03	 1.05010E+03
 1.99485E+03	 1.04220E+03
 1.99866E+03	 1.04843E+03
 2.00248E+03	 1.05093E+03
 2.00630E+03	 1.04690E+03
 2.01011E+03	 1.04510E+03
 2.01392E+03	 1.03933E+03
 2.01773E+03	 1.04597E+03
 2.02154E+03	 1.04910E+03
 2.02534E+03	 1.04757E+03
 2.02915E+03	 1.05110E+03
 2.03295E+03	 1.04220E+03
 2.03675E+03	 1.04547E+03
 2.04055E+03	 1.04430E+03
 2.04435E+03	 1.05083E+03
 2.04814E+03	 1.04843E+03
 2.05193E+03	 1.04553E+03
 2.05572E+03	 1.04650E+03
 2.05951E+03	 1.04377E+03
 2.06330E+03	 1.03923E+03
 2.06708E+03	 1.04747E+03
 2.07087E+03	 1.04643E+03
 2.07465E+03	 1.04260E+03
 2.07843E+03	 1.04040E+03
 2.08221E+03	 1.04610E+03
 2.08598E+03	 1.04240E+03
 2.08976E+03	 1.04283E+03
 2.09353E+03	 1.04203E+03
 2.09730E+03	 1.04213E+03
 2.10107E+03	 1.04350E+03
 2.10484E+03	 1.04417E+03
 2.10860E+03	 1.04320E+03
 2.11236E+03	 1.04457E+03
 2.11613E+03	 1.03797E+03
 2.11989E+03	 1.04167E+03
 2.12364E+03	 1.04043E+03
 2.12740E+03	 1.04430E+03
 2.13115E+03	 1.04240E+03
 2.13490E+03	 1.04447E+03
 2.13866E+03	 1.04007E+03
 2.14240E+03	 1.04223E+03
 2.14615E+03	 1.04230E+03
 2.14990E+03	 1.03963E+03
 2.15364E+03	 1.04123E+03
 2.15738E+03	 1.04437E+03
 2.16112E+03	 1.04093E+03
 2.16486E+03	 1.04200E+03
 2.16859E+03	 1.04063E+03
 2.17233E+03	 1.03757E+03
 2.17606E+03	 1.03873E+03
 2.17979E+03	 1.03640E+03
 2.18352E+03	 1.03517E+03
 2.18724E+03	 1.03807E+03
 2.19097E+03	 1.04150E+03
 2.19469E+03	 1.03703E+03
 2.19841E+03	 1.04223E+03
 2.20213E+03	 1.03657E+03
 2.20585E+03	 1.03600E+03
 2.20956E+03	 1.03693E+03
 2.21328E+03	 1.03417E+03
 2.21699E+03	 1.03047E+03
 2.22070E+03	 1.03440E+03
 2.22441E+03	 1.03750E+03
 2.22812E+03	 1.03703E+03
 2.23182E+03	 1.03670E+03
 2.23552E+03	 1.02940E+03
 2.23923E+03	 1.03487E+03
 2.24293E+03	 1.03873E+03
 2.24662E+03	 1.03227E+03
 2.25032E+03	 1.02857E+03
 2.25401E+03	 1.03243E+03
 2.25771E+03	 1.03377E+03
 2.26140E+03	 1.02870E+03
 2.26509E+03	 1.02857E+03
 2.26877E+03	 1.02597E+03
 2.27246E+03	 1.03123E+03
 2.27614E+03	 1.03153E+03
 2.27982E+03	 1.03273E+03
 2.28350E+03	 1.02943E+03
 2.28718E+03	 1.02633E+03
 2.29086E+03	 1.02820E+03
 2.29453E+03	 1.03097E+03
 2.29820E+03	 1.03273E+03
 2.30188E+03	 1.02807E+03
 2.30555E+03	 1.02610E+03
 2.30921E+03	 1.03243E+03
 2.31288E+03	 1.03043E+03
 2.31654E+03	 1.02777E+03
 2.32020E+03	 1.03103E+03
 2.32386E+03	 1.03123E+03
 2.32752E+03	 1.03260E+03
 2.33118E+03	 1.02963E+03
 2.33484E+03	 1.03263E+03
 2.33849E+03	 1.03770E+03
 2.34214E+03	 1.03560E+03
 2.34579E+03	 1.02707E+03
 2.34944E+03	 1.03193E+03
 2.35308E+03	 1.03263E+03
 2.35673E+03	 1.03083E+03
 2.36037E+03	 1.03143E+03
 2.36401E+03	 1.03680E+03
 2.36765E+03	 1.03610E+03
 2.37129E+03	 1.03637E+03
 2.37492E+03	 1.03870E+03
 2.37856E+03	 1.04263E+03
 2.38219E+03	 1.04510E+03
 2.38582E+03	 1.03973E+03
 2.38945E+03	 1.04200E+03
 2.39308E+03	 1.04100E+03
 2.39670E+03	 1.04193E+03
 2.40033E+03	 1.04163E+03
 2.40395E+03	 1.04120E+03
 2.40757E+03	 1.04060E+03
 2.41119E+03	 1.03897E+03
 2.41480E+03	 1.03783E+03
 2.41842E+03	 1.04083E+03
 2.42203E+03	 1.03340E+03
 2.42564E+03	 1.03510E+03
 2.42925E+03	 1.03807E+03
 2.43286E+03	 1.03977E+03
 2.43647E+03	 1.03520E+03
 2.44007E+03	 1.03737E+03
 2.44367E+03	 1.03440E+03
 2.44727E+03	 1.03833E+03
 2.45087E+03	 1.04277E+03
 2.45447E+03	 1.04787E+03
 2.45807E+03	 1.04987E+03
 2.46166E+03	 1.03760E+03
 2.46525E+03	 1.04247E+03
 2.46884E+03	 1.04230E+03
 2.47243E+03	 1.04410E+03
 2.47602E+03	 1.04413E+03
 2.47960E+03	 1.04423E+03
 2.48319E+03	 1.04897E+03
 2.48677E+03	 1.04513E+03
 2.49035E+03	 1.04500E+03
 2.49393E+03	 1.04423E+03
 2.49751E+03	 1.04847E+03
 2.50108E+03	 1.04790E+03
 2.50465E+03	 1.04463E+03
 2.50823E+03	 1.05403E+03
 2.51180E+03	 1.05200E+03
 2.51536E+03	 1.05220E+03
 2.51893E+03	 1.05797E+03
 2.52250E+03	 1.05710E+03
 2.52606E+03	 1.05317E+03
 2.52962E+03	 1.05977E+03
 2.53318E+03	 1.06377E+03
 2.53674E+03	 1.06500E+03
 2.54029E+03	 1.06217E+03
 2.54385E+03	 1.07097E+03
 2.54740E+03	 1.06640E+03
 2.55095E+03	 1.06270E+03
 2.55450E+03	 1.06973E+03
 2.55805E+03	 1.06783E+03
 2.56160E+03	 1.06890E+03
 2.56514E+03	 1.06920E+03
 2.56868E+03	 1.06797E+03
 2.57222E+03	 1.07047E+03
 2.57576E+03	 1.06990E+03
 2.57930E+03	 1.06820E+03
 2.58284E+03	 1.06757E+03
 2.58637E+03	 1.07467E+03
 2.58991E+03	 1.07397E+03
 2.59344E+03	 1.06787E+03
 2.59697E+03	 1.07030E+03
 2.60049E+03	 1.07233E+03
 2.60402E+03	 1.07477E+03
 2.60754E+03	 1.07547E+03
 2.61107E+03	 1.06997E+03
 2.61459E+03	 1.07323E+03
 2.61811E+03	 1.07733E+03
 2.62162E+03	 1.07327E+03
 2.62514E+03	 1.07767E+03
 2.62865E+03	 1.07837E+03
 2.63217E+03	 1.08573E+03
 2.63568E+03	 1.08470E+03
 2.63919E+03	 1.08720E+03
 2.64269E+03	 1.08570E+03
 2.64620E+03	 1.09323E+03
 2.64970E+03	 1.09310E+03
 2.65321E+03	 1.10200E+03
 2.65671E+03	 1.10180E+03
 2.66021E+03	 1.09983E+03
 2.66370E+03	 1.10223E+03
 2.66720E+03	 1.10700E+03
 2.67069E+03	 1.11427E+03
 2.67419E+03	 1.11580E+03
 2.67768E+03	 1.12383E+03
 2.68117E+03	 1.12937E+03
 2.68466E+03	 1.12800E+03
 2.68814E+03	 1.13383E+03
 2.69163E+03	 1.14047E+03
 2.69511E+03	 1.14613E+03
 2.69859E+03	 1.15860E+03
 2.70207E+03	 1.16550E+03
 2.70555E+03	 1.16553E+03
 2.70902E+03	 1.17613E+03
 2.71250E+03	 1.18750E+03
 2.71597E+03	 1.18897E+03
 2.71944E+03	 1.20243E+03
 2.72291E+03	 1.21497E+03
 2.72638E+03	 1.23890E+03
 2.72984E+03	 1.25263E+03
 2.73331E+03	 1.27447E+03
 2.73677E+03	 1.28207E+03
 2.74023E+03	 1.29130E+03
 2.74369E+03	 1.30720E+03
 2.74715E+03	 1.32080E+03
 2.75061E+03	 1.32130E+03
 2.75406E+03	 1.33817E+03
 2.75752E+03	 1.33263E+03
 2.76097E+03	 1.35940E+03
 2.76442E+03	 1.36277E+03
 2.76786E+03	 1.35547E+03
 2.77131E+03	 1.33963E+03
 2.77476E+03	 1.32493E+03
 2.77820E+03	 1.33763E+03
 2.78164E+03	 1.34620E+03
 2.78508E+03	 1.33590E+03
 2.78852E+03	 1.33277E+03
 2.79196E+03	 1.34787E+03
 2.79539E+03	 1.34453E+03
 2.79883E+03	 1.35403E+03
 2.80226E+03	 1.35487E+03
 2.80569E+03	 1.37223E+03
 2.80912E+03	 1.40397E+03
 2.81254E+03	 1.40963E+03
 2.81597E+03	 1.42843E+03
 2.81939E+03	 1.46513E+03
 2.82282E+03	 1.49237E+03
 2.82624E+03	 1.50527E+03
 2.82966E+03	 1.55047E+03
 2.83307E+03	 1.58430E+03
 2.83649E+03	 1.60513E+03
 2.83990E+03	 1.67393E+03
 2.84332E+03	 1.74960E+03
 2.84673E+03	 1.76873E+03
 2.85014E+03	 1.83803E+03
 2.85354E+03	 1.88987E+03
 2.85695E+03	 1.97663E+03
 2.86036E+03	 2.05427E+03
 2.86376E+03	 2.16897E+03
 2.86716E+03	 2.25747E+03
 2.87056E+03	 2.37227E+03
 2.87396E+03	 2.50343E+03
 2.87736E+03	 2.71227E+03
 2.88075E+03	 2.97470E+03
 2.88414E+03	 3.11523E+03
 2.88754E+03	 3.36820E+03
 2.89093E+03	 3.58353E+03
 2.89431E+03	 3.78590E+03
 2.89770E+03	 3.91707E+03
 2.90109E+03	 3.99693E+03
 2.90447E+03	 4.01747E+03
 2.90785E+03	 3.90587E+03
 2.91123E+03	 3.73417E+03
 2.91461E+03	 3.73950E+03
 2.91799E+03	 3.68557E+03
 2.92137E+03	 3.63733E+03
 2.92474E+03	 3.54673E+03
 2.92811E+03	 3.61310E+03
 2.93149E+03	 3.62100E+03
 2.93486E+03	 3.61500E+03
 2.93822E+03	 3.70347E+03
 2.94159E+03	 3.81237E+03
 2.94496E+03	 3.84127E+03
 2.94832E+03	 3.81873E+03
 2.95168E+03	 3.96020E+03
 2.95504E+03	 3.93090E+03
 2.95840E+03	 3.86557E+03
 2.96176E+03	 3.94670E+03
 2.96511E+03	 3.73553E+03
 2.96847E+03	 3.59603E+03
 2.97182E+03	 3.53213E+03
 2.97517E+03	 3.34803E+03
 2.97852E+03	 3.27180E+03
 2.98187E+03	 3.01630E+03
 2.98521E+03	 2.83873E+03
 2.98856E+03	 2.59913E+03
 2.99190E+03	 2.36833E+03
 2.99524E+03	 2.13590E+03
 2.99858E+03	 1.94607E+03
 3.00192E+03	 1.81457E+03
 3.00526E+03	 1.71483E+03
 3.00859E+03	 1.60913E+03
 3.01193E+03	 1.51773E+03
 3.01526E+03	 1.44347E+03
 3.01859E+03	 1.37310E+03
 3.02192E+03	 1.32407E+03
 3.02525E+03	 1.32070E+03
 3.02857E+03	 1.28103E+03
 3.03190E+03	 1.26130E+03
 3.03522E+03	 1.24427E+03
 3.03854E+03	 1.21680E+03
 3.04186E+03	 1.21440E+03
 3.04518E+03	 1.20337E+03
 3.04850E+03	 1.20323E+03
 3.05181E+03	 1.18953E+03
 3.05512E+03	 1.17487E+03
 3.05844E+03	 1.18100E+03
 3.06175E+03	 1.17940E+03
 3.06506E+03	 1.17387E+03
 3.06836E+03	 1.17087E+03
 3.07167E+03	 1.17403E+03
 3.07497E+03	 1.16833E+03
 3.07828E+03	 1.17633E+03
 3.08158E+03	 1.16197E+03
 3.08488E+03	 1.16837E+03
 3.08818E+03	 1.17363E+03
 3.09147E+03	 1.16097E+03
 3.09477E+03	 1.16967E+03
 3.09806E+03	 1.17730E+03
 3.10135E+03	 1.17553E+03
 3.10464E+03	 1.18450E+03
 3.10793E+03	 1.19530E+03
 3.11122E+03	 1.18440E+03
 3.11451E+03	 1.19827E+03
 3.11779E+03	 1.19903E+03
 3.12107E+03	 1.19913E+03
 3.12436E+03	 1.21980E+03
 3.12764E+03	 1.20670E+03
 3.13091E+03	 1.22900E+03
 3.13419E+03	 1.22600E+03
 3.13747E+03	 1.23820E+03
 3.14074E+03	 1.24120E+03
 3.14401E+03	 1.24367E+03
 3.14728E+03	 1.25330E+03
 3.15055E+03	 1.25333E+03
 3.15382E+03	 1.27433E+03
 3.15709E+03	 1.28220E+03
 3.16035E+03	 1.28603E+03
 3.16362E+03	 1.28380E+03
 3.16688E+03	 1.28967E+03
 3.17014E+03	 1.31383E+03
 3.17340E+03	 1.30507E+03
 3.17665E+03	 1.31397E+03
 3.17991E+03	 1.31050E+03
 3.18316E+03	 1.31537E+03
 3.18642E+03	 1.34047E+03
 3.18967E+03	 1.34970E+03
 3.19292E+03	 1.35113E+03
 3.19617E+03	 1.36233E+03
 3.19941E+03	 1.37473E+03
 3.20266E+03	 1.36617E+03
 3.20590E+03	 1.39710E+03
 3.20914E+03	 1.38593E+03
 3.21238E+03	 1.38430E+03
 3.21562E+03	 1.40970E+03
 3.21886E+03	 1.41353E+03
 3.22210E+03	 1.39630E+03
 3.22533E+03	 1.41897E+03
 3.22857E+03	 1.45677E+03
 3.23180E+03	 1.44863E+03
 3.23503E+03	 1.45483E+03
 3.23826E+03	 1.48053E+03
 3.24148E+03	 1.45303E+03
 3.24471E+03	 1.48283E+03
 3.24793E+03	 1.48867E+03
 3.25116E+03	 1.48350E+03
 3.25438E+03	 1.49887E+03
 3.25760E+03	 1.47893E+03
 3.26082E+03	 1.50263E+03
 3.26403E+03	 1.51060E+03
 3.26725E+03	 1.53733E+03
 3.27046E+03	 1.53670E+03
 3.27368E+03	 1.53423E+03
 3.27689E+03	 1.52783E+03
 3.28010E+03	 1.53667E+03
 3.28331E+03	 1.51807E+03
 3.28651E+03	 1.53263E+03
 3.28972E+03	 1.53683E+03
 3.29292E+03	 1.51523E+03
 3.29612E+03	 1.52460E+03
 3.29932E+03	 1.55017E+03
 3.30252E+03	 1.56403E+03
 3.30572E+03	 1.55803E+03
 3.30892E+03	 1.53383E+03
 3.31211E+03	 1.55837E+03
 3.31531E+03	 1.56763E+03
 3.31850E+03	 1.56617E+03
 3.32169E+03	 1.56350E+03
 3.32488E+03	 1.53277E+03
 3.32807E+03	 1.55200E+03
 3.33125E+03	 1.54290E+03
 3.33444E+03	 1.57593E+03
 3.33762E+03	 1.57080E+03
 3.34080E+03	 1.57493E+03
 3.34398E+03	 1.57560E+03
 3.34716E+03	 1.53300E+03
 3.35034E+03	 1.55507E+03
 3.35351E+03	 1.57243E+03
 3.35669E+03	 1.59773E+03
 3.35986E+03	 1.59013E+03
 3.36303E+03	 1.58103E+03
 3.36620E+03	 1.58527E+03
 3.36937E+03	 1.57910E+03
 3.37254E+03	 1.58833E+03
 3.37570E+03	 1.60677E+03
 3.37887E+03	 1.57723E+03
 3.38203E+03	 1.58150E+03
 3.38519E+03	 1.58167E+03
 3.38835E+03	 1.57557E+03
 3.39151E+03	 1.57017E+03
 3.39467E+03	 1.59307E+03
 3.39782E+03	 1.56833E+03
 3.40098E+03	 1.55020E+03
 3.40413E+03	 1.57060E+03
 3.40728E+03	 1.54327E+03
 3.41043E+03	 1.56933E+03
 3.41358E+03	 1.55833E+03
 3.41673E+03	 1.54937E+03
 3.41987E+03	 1.54757E+03
 3.42302E+03	 1.54310E+03
 3.42616E+03	 1.52227E+03
 3.42930E+03	 1.52713E+03
 3.43244E+03	 1.51650E+03
 3.43558E+03	 1.53390E+03
 3.43872E+03	 1.50063E+03
 3.44185E+03	 1.50540E+03
 3.44499E+03	 1.50543E+03
 3.44812E+03	 1.50253E+03
 3.45125E+03	 1.47020E+03
 3.45438E+03	 1.47563E+03
 3.45751E+03	 1.49070E+03
 3.46064E+03	 1.47827E+03
 3.46376E+03	 1.46327E+03
 3.46689E+03	 1.43000E+03
 3.47001E+03	 1.45880E+03
 3.47313E+03	 1.45943E+03
 3.47625E+03	 1.44387E+03
 3.47937E+03	 1.42953E+03
 3.48249E+03	 1.41660E+03
 3.48560E+03	 1.40777E+03
 3.48872E+03	 1.40907E+03
 3.49183E+03	 1.38690E+03
 3.49494E+03	 1.38513E+03
 3.49805E+03	 1.36490E+03
 3.50116E+03	 1.34163E+03
 3.50427E+03	 1.34200E+03
 3.50737E+03	 1.33440E+03
 3.51048E+03	 1.32110E+03
 3.51358E+03	 1.30810E+03
 3.51668E+03	 1.31883E+03
 3.51978E+03	 1.29180E+03
 3.52288E+03	 1.30037E+03
 3.52598E+03	 1.28230E+03
 3.52907E+03	 1.25560E+03
 3.53217E+03	 1.24950E+03
 3.53526E+03	 1.25823E+03
 3.53835E+03	 1.24520E+03
 3.54144E+03	 1.22443E+03
 3.54453E+03	 1.22557E+03
 3.54762E+03	 1.21103E+03
 3.55071E+03	 1.20703E+03
 3.55379E+03	 1.19337E+03
 3.55687E+03	 1.18500E+03
 3.55996E+03	 1.17830E+03
 3.56304E+03	 1.17337E+03
 3.56612E+03	 1.16160E+03
 3.56919E+03	 1.15723E+03
 3.57227E+03	 1.15093E+03
 3.57535E+03	 1.14047E+03
 3.57842E+03	 1.14403E+03
 3.58149E+03	 1.12580E+03
 3.58456E+03	 1.12423E+03
 3.58763E+03	 1.12237E+03
 3.59070E+03	 1.11033E+03
 3.59377E+03	 1.10883E+03
 3.59683E+03	 1.08903E+03
 3.59990E+03	 1.08563E+03
 3.60296E+03	 1.07920E+03
 3.60602E+03	 1.07237E+03
 3.60908E+03	 1.07047E+03
 3.61214E+03	 1.06263E+03
 3.61519E+03	 1.05320E+03
 3.61825E+03	 1.04370E+03
 3.62130E+03	 1.05077E+03
 3.62436E+03	 1.04287E+03
 3.62741E+03	 1.03440E+03
 3.63046E+03	 1.02363E+03
 3.63351E+03	 1.02140E+03
 3.63656E+03	 1.01487E+03
 3.63960E+03	 1.00727E+03
 3.64265E+03	 1.01217E+03
 3.64569E+03	 1.00453E+03
 3.64873E+03	 9.97933E+02
 3.65177E+03	 9.95533E+02
 3.65481E+03	 9.94400E+02
 3.65785E+03	 9.91033E+02
 3.66089E+03	 9.85967E+02
 3.66392E+03	 9.78500E+02
 3.66695E+03	 9.81167E+02
 3.66999E+03	 9.80333E+02
 3.67302E+03	 9.75700E+02
 3.67605E+03	 9.77367E+02
 3.67908E+03	 9.71933E+02
 3.68210E+03	 9.67733E+02
 3.68513E+03	 9.66567E+02
 3.68815E+03	 9.67867E+02
 3.69117E+03	 9.68767E+02
 3.69420E+03	 9.65933E+02
 3.69722E+03	 9.66733E+02
 3.70023E+03	 9.62900E+02
 3.70325E+03	 9.63167E+02
 3.70627E+03	 9.58400E+02
 3.70928E+03	 9.55100E+02
 3.71230E+03	 9.57033E+02
 3.71531E+03	 9.60133E+02
 3.71832E+03	 9.56567E+02
 3.72133E+03	 9.56833E+02
 3.72434E+03	 9.53967E+02
 3.72734E+03	 9.54467E+02
 3.73035E+03	 9.49700E+02
 3.73335E+03	 9.54167E+02
 3.73635E+03	 9.50667E+02
 3.73936E+03	 9.51567E+02
 3.74236E+03	 9.52967E+02
 3.74535E+03	 9.49167E+02
 3.74835E+03	 9.46900E+02
 3.75135E+03	 9.45000E+02
 3.75434E+03	 9.44967E+02
 3.75733E+03	 9.48733E+02
 3.76033E+03	 9.45900E+02
 3.76332E+03	 9.45567E+02
 3.76631E+03	 9.46400E+02
 3.76929E+03	 9.45367E+02
 3.77228E+03	 9.45300E+02
 3.77527E+03	 9.45500E+02
 3.77825E+03	 9.44800E+02
 3.78123E+03	 9.43033E+02
 3.78421E+03	 9.44633E+02
 3.78719E+03	 9.42300E+02
