-1.40382E+02	 9.06967E+02
-1.35457E+02	 9.06433E+02
-1.30535E+02	 9.07000E+02
-1.25616E+02	 9.06433E+02
-1.20700E+02	 9.08133E+02
-1.15786E+02	 9.07667E+02
-1.10875E+02	 9.07633E+02
-1.05967E+02	 9.06400E+02
-1.01061E+02	 9.06567E+02
-9.61580E+01	 9.08133E+02
-9.12576E+01	 9.08467E+02
-8.63599E+01	 9.08833E+02
-8.14648E+01	 9.07267E+02
-7.65724E+01	 9.07233E+02
-7.16827E+01	 9.07033E+02
-6.67956E+01	 9.08133E+02
-6.19111E+01	 9.08467E+02
-5.70293E+01	 9.06833E+02
-5.21502E+01	 9.08567E+02
-4.72737E+01	 9.08167E+02
-4.23998E+01	 9.08333E+02
-3.75286E+01	 9.07533E+02
-3.26600E+01	 9.08033E+02
-2.77941E+01	 9.08133E+02
-2.29308E+01	 9.08433E+02
-1.80701E+01	 9.09300E+02
-1.32121E+01	 9.10133E+02
-8.35667E+00	 9.11633E+02
-3.50389E+00	 9.13667E+02
 1.34626E+00	 9.21600E+02
 6.19379E+00	 1.01563E+03
 1.10387E+01	 2.01060E+03
 1.58810E+01	 3.02330E+03
 2.07207E+01	 2.02790E+03
 2.55577E+01	 9.90933E+02
 3.03922E+01	 9.15533E+02
 3.52240E+01	 9.10733E+02
 4.00532E+01	 9.09167E+02
 4.48798E+01	 9.09067E+02
 4.97038E+01	 9.09367E+02
 5.45252E+01	 9.08233E+02
 5.93440E+01	 9.08667E+02
 6.41602E+01	 9.08867E+02
 6.89738E+01	 9.09000E+02
 7.37848E+01	 9.12833E+02
 7.85932E+01	 9.25667E+02
 8.33991E+01	 9.63200E+02
 8.82023E+01	 1.05313E+03
 9.30029E+01	 1.16580E+03
 9.78010E+01	 1.23407E+03
 1.02596E+02	 1.26670E+03
 1.07389E+02	 1.27560E+03
 1.12180E+02	 1.25330E+03
 1.16967E+02	 1.25177E+03
 1.21753E+02	 1.22907E+03
 1.26535E+02	 1.19370E+03
 1.31315E+02	 1.19230E+03
 1.36093E+02	 1.17283E+03
 1.40867E+02	 1.16257E+03
 1.45640E+02	 1.15923E+03
 1.50409E+02	 1.12533E+03
 1.55177E+02	 1.11410E+03
 1.59941E+02	 1.10890E+03
 1.64703E+02	 1.11007E+03
 1.69463E+02	 1.09690E+03
 1.74220E+02	 1.07777E+03
 1.78974E+02	 1.07873E+03
 1.83726E+02	 1.06727E+03
 1.88475E+02	 1.06293E+03
 1.93222E+02	 1.05780E+03
 1.97966E+02	 1.05083E+03
 2.02708E+02	 1.05400E+03
 2.07447E+02	 1.05440E+03
 2.12184E+02	 1.04487E+03
 2.16918E+02	 1.04457E+03
 2.21649E+02	 1.04450E+03
 2.26378E+02	 1.03357E+03
 2.31105E+02	 1.03030E+03
 2.35829E+02	 1.02990E+03
 2.40550E+02	 1.02217E+03
 2.45269E+02	 1.01840E+03
 2.49985E+02	 1.01803E+03
 2.54699E+02	 1.01690E+03
 2.59410E+02	 1.01470E+03
 2.64119E+02	 1.01353E+03
 2.68825E+02	 1.01383E+03
 2.73529E+02	 1.01203E+03
 2.78230E+02	 1.01020E+03
 2.82929E+02	 1.00463E+03
 2.87625E+02	 1.00297E+03
 2.92319E+02	 1.00220E+03
 2.97010E+02	 1.00207E+03
 3.01699E+02	 1.00553E+03
 3.06385E+02	 1.00443E+03
 3.11069E+02	 1.00143E+03
 3.15750E+02	 9.99367E+02
 3.20428E+02	 9.96500E+02
 3.25105E+02	 9.95500E+02
 3.29778E+02	 9.98700E+02
 3.34450E+02	 9.95167E+02
 3.39118E+02	 9.93200E+02
 3.43785E+02	 9.94767E+02
 3.48448E+02	 9.94067E+02
 3.53110E+02	 9.92567E+02
 3.57768E+02	 9.96700E+02
 3.62425E+02	 9.95600E+02
 3.67079E+02	 9.92067E+02
 3.71730E+02	 9.89633E+02
 3.76379E+02	 9.85533E+02
 3.81025E+02	 9.91667E+02
 3.85669E+02	 9.90833E+02
 3.90311E+02	 9.93133E+02
 3.94950E+02	 9.92100E+02
 3.99586E+02	 9.91833E+02
 4.04220E+02	 9.92967E+02
 4.08852E+02	 9.95767E+02
 4.13481E+02	 9.96367E+02
 4.18108E+02	 1.00170E+03
 4.22732E+02	 1.00107E+03
 4.27354E+02	 1.00980E+03
 4.31973E+02	 1.01783E+03
 4.36590E+02	 1.01887E+03
 4.41205E+02	 1.01500E+03
 4.45817E+02	 1.00750E+03
 4.50426E+02	 1.00193E+03
 4.55034E+02	 9.96600E+02
 4.59638E+02	 9.97567E+02
 4.64241E+02	 9.93067E+02
 4.68840E+02	 9.93100E+02
 4.73438E+02	 9.94633E+02
 4.78033E+02	 9.94100E+02
 4.82625E+02	 1.00017E+03
 4.87215E+02	 1.00293E+03
 4.91803E+02	 1.01530E+03
 4.96388E+02	 1.02367E+03
 5.00971E+02	 1.03437E+03
 5.05552E+02	 1.03070E+03
 5.10129E+02	 1.02600E+03
 5.14705E+02	 1.01913E+03
 5.19278E+02	 1.00753E+03
 5.23849E+02	 1.00153E+03
 5.28417E+02	 9.94367E+02
 5.32983E+02	 9.91633E+02
 5.37547E+02	 9.89567E+02
 5.42108E+02	 9.88400E+02
 5.46666E+02	 9.86867E+02
 5.51223E+02	 9.86667E+02
 5.55777E+02	 9.94300E+02
 5.60328E+02	 9.90967E+02
 5.64877E+02	 9.91867E+02
 5.69424E+02	 9.93500E+02
 5.73968E+02	 9.94633E+02
 5.78510E+02	 9.90267E+02
 5.83049E+02	 9.88933E+02
 5.87587E+02	 9.87533E+02
 5.92121E+02	 9.85333E+02
 5.96654E+02	 9.86167E+02
 6.01184E+02	 9.85033E+02
 6.05711E+02	 9.85167E+02
 6.10236E+02	 9.83600E+02
 6.14759E+02	 9.82467E+02
 6.19280E+02	 9.81300E+02
 6.23798E+02	 9.83500E+02
 6.28313E+02	 9.82700E+02
 6.32827E+02	 9.85133E+02
 6.37338E+02	 9.82800E+02
 6.41846E+02	 9.85600E+02
 6.46352E+02	 9.81100E+02
 6.50856E+02	 9.81933E+02
 6.55358E+02	 9.87033E+02
 6.59857E+02	 9.88033E+02
 6.64354E+02	 9.90733E+02
 6.68848E+02	 9.91767E+02
 6.73340E+02	 9.97567E+02
 6.77830E+02	 9.95900E+02
 6.82317E+02	 9.97400E+02
 6.86802E+02	 1.00067E+03
 6.91285E+02	 1.00427E+03
 6.95765E+02	 1.00397E+03
 7.00243E+02	 9.96367E+02
 7.04718E+02	 9.92367E+02
 7.09192E+02	 9.91867E+02
 7.13663E+02	 9.87300E+02
 7.18131E+02	 9.83267E+02
 7.22597E+02	 9.86333E+02
 7.27061E+02	 9.83733E+02
 7.31523E+02	 9.83333E+02
 7.35982E+02	 9.85633E+02
 7.40439E+02	 9.88433E+02
 7.44894E+02	 9.85067E+02
 7.49346E+02	 9.83467E+02
 7.53796E+02	 9.78967E+02
 7.58243E+02	 9.79400E+02
 7.62689E+02	 9.77233E+02
 7.67132E+02	 9.78433E+02
 7.71572E+02	 9.78833E+02
 7.76011E+02	 9.79067E+02
 7.80447E+02	 9.80000E+02
 7.84880E+02	 9.81467E+02
 7.89312E+02	 9.78200E+02
 7.93741E+02	 9.84400E+02
 7.98167E+02	 9.82200E+02
 8.02592E+02	 9.85900E+02
 8.07014E+02	 9.88800E+02
 8.11434E+02	 9.87067E+02
 8.15851E+02	 9.88333E+02
 8.20267E+02	 9.88767E+02
 8.24680E+02	 9.91800E+02
 8.29090E+02	 9.98500E+02
 8.33499E+02	 1.01290E+03
 8.37905E+02	 1.02097E+03
 8.42309E+02	 1.01923E+03
 8.46710E+02	 1.01683E+03
 8.51109E+02	 1.01557E+03
 8.55506E+02	 1.02237E+03
 8.59901E+02	 1.03623E+03
 8.64293E+02	 1.05607E+03
 8.68683E+02	 1.06827E+03
 8.73071E+02	 1.06040E+03
 8.77456E+02	 1.05993E+03
 8.81840E+02	 1.04470E+03
 8.86221E+02	 1.02707E+03
 8.90599E+02	 1.01573E+03
 8.94976E+02	 1.00603E+03
 8.99350E+02	 9.95767E+02
 9.03722E+02	 9.89533E+02
 9.08091E+02	 9.83967E+02
 9.12459E+02	 9.86033E+02
 9.16824E+02	 9.93133E+02
 9.21187E+02	 9.99467E+02
 9.25547E+02	 1.00577E+03
 9.29905E+02	 1.01337E+03
 9.34261E+02	 1.02433E+03
 9.38615E+02	 1.03097E+03
 9.42967E+02	 1.03880E+03
 9.47316E+02	 1.03620E+03
 9.51663E+02	 1.03110E+03
 9.56008E+02	 1.00907E+03
 9.60350E+02	 9.96233E+02
 9.64691E+02	 9.87933E+02
 9.69029E+02	 9.83900E+02
 9.73364E+02	 9.82133E+02
 9.77698E+02	 9.82400E+02
 9.82029E+02	 9.82633E+02
 9.86358E+02	 9.86533E+02
 9.90685E+02	 9.94033E+02
 9.95010E+02	 9.97667E+02
 9.99332E+02	 9.95533E+02
 1.00365E+03	 9.95267E+02
 1.00797E+03	 9.87733E+02
 1.01229E+03	 9.84300E+02
 1.01660E+03	 9.86400E+02
 1.02091E+03	 9.88033E+02
 1.02522E+03	 9.83900E+02
 1.02953E+03	 9.85033E+02
 1.03383E+03	 9.88700E+02
 1.03813E+03	 9.95133E+02
 1.04243E+03	 9.99567E+02
 1.04673E+03	 1.01203E+03
 1.05103E+03	 1.02577E+03
 1.05532E+03	 1.05270E+03
 1.05961E+03	 1.11180E+03
 1.06390E+03	 1.17360E+03
 1.06819E+03	 1.20200E+03
 1.07247E+03	 1.17877E+03
 1.07676E+03	 1.12850E+03
 1.08104E+03	 1.10150E+03
 1.08531E+03	 1.08310E+03
 1.08959E+03	 1.06513E+03
 1.09386E+03	 1.06230E+03
 1.09813E+03	 1.05257E+03
 1.10240E+03	 1.04593E+03
 1.10667E+03	 1.04323E+03
 1.11094E+03	 1.03837E+03
 1.11520E+03	 1.03140E+03
 1.11946E+03	 1.03020E+03
 1.12372E+03	 1.03300E+03
 1.12797E+03	 1.03110E+03
 1.13223E+03	 1.03077E+03
 1.13648E+03	 1.02497E+03
 1.14073E+03	 1.01480E+03
 1.14498E+03	 1.00497E+03
 1.14922E+03	 9.97567E+02
 1.15347E+03	 9.89267E+02
 1.15771E+03	 9.80900E+02
 1.16194E+03	 9.79600E+02
 1.16618E+03	 9.74667E+02
 1.17042E+03	 9.76567E+02
 1.17465E+03	 9.76667E+02
 1.17888E+03	 9.75467E+02
 1.18311E+03	 9.72933E+02
 1.18733E+03	 9.76600E+02
 1.19156E+03	 9.74567E+02
 1.19578E+03	 9.79333E+02
 1.20000E+03	 9.77467E+02
 1.20421E+03	 9.77900E+02
 1.20843E+03	 9.80867E+02
 1.21264E+03	 9.83800E+02
 1.21685E+03	 9.83267E+02
 1.22106E+03	 9.87867E+02
 1.22527E+03	 9.88833E+02
 1.22947E+03	 9.89333E+02
 1.23367E+03	 9.97700E+02
 1.23787E+03	 9.95967E+02
 1.24207E+03	 1.00027E+03
 1.24627E+03	 1.00150E+03
 1.25046E+03	 1.00263E+03
 1.25465E+03	 1.01020E+03
 1.25884E+03	 1.01063E+03
 1.26303E+03	 1.01520E+03
 1.26721E+03	 1.01387E+03
 1.27140E+03	 1.01597E+03
 1.27558E+03	 1.01187E+03
 1.27975E+03	 1.01230E+03
 1.28393E+03	 1.01320E+03
 1.28811E+03	 1.01247E+03
 1.29228E+03	 1.01157E+03
 1.29645E+03	 1.00893E+03
 1.30062E+03	 1.00960E+03
 1.30478E+03	 1.00317E+03
 1.30895E+03	 1.00023E+03
 1.31311E+03	 9.99367E+02
 1.31727E+03	 1.00517E+03
 1.32142E+03	 1.00300E+03
 1.32558E+03	 1.00283E+03
 1.32973E+03	 1.00293E+03
 1.33388E+03	 1.00693E+03
 1.33803E+03	 1.00640E+03
 1.34218E+03	 1.00650E+03
 1.34632E+03	 1.00713E+03
 1.35047E+03	 1.00697E+03
 1.35461E+03	 1.01410E+03
 1.35875E+03	 1.01853E+03
 1.36288E+03	 1.02743E+03
 1.36702E+03	 1.02520E+03
 1.37115E+03	 1.02427E+03
 1.37528E+03	 1.02113E+03
 1.37941E+03	 1.01237E+03
 1.38353E+03	 1.01050E+03
 1.38766E+03	 1.00753E+03
 1.39178E+03	 1.00847E+03
 1.39590E+03	 1.00887E+03
 1.40001E+03	 1.00860E+03
 1.40413E+03	 1.00613E+03
 1.40824E+03	 1.00603E+03
 1.41235E+03	 1.00520E+03
 1.41646E+03	 1.00643E+03
 1.42057E+03	 1.01087E+03
 1.42468E+03	 1.01007E+03
 1.42878E+03	 1.00887E+03
 1.43288E+03	 1.00743E+03
 1.43698E+03	 1.00727E+03
 1.44107E+03	 1.00067E+03
 1.44517E+03	 1.00507E+03
 1.44926E+03	 1.00137E+03
 1.45335E+03	 1.00220E+03
 1.45744E+03	 1.00220E+03
 1.46153E+03	 1.00137E+03
 1.46561E+03	 1.01200E+03
 1.46969E+03	 1.02160E+03
 1.47377E+03	 1.03870E+03
 1.47785E+03	 1.04413E+03
 1.48193E+03	 1.05297E+03
 1.48600E+03	 1.04843E+03
 1.49007E+03	 1.03903E+03
 1.49414E+03	 1.02970E+03
 1.49821E+03	 1.01163E+03
 1.50228E+03	 9.95933E+02
 1.50634E+03	 9.86833E+02
 1.51040E+03	 9.78433E+02
 1.51446E+03	 9.74633E+02
 1.51852E+03	 9.71700E+02
 1.52258E+03	 9.70967E+02
 1.52663E+03	 9.70067E+02
 1.53068E+03	 9.66900E+02
 1.53473E+03	 9.66400E+02
 1.53878E+03	 9.68033E+02
 1.54282E+03	 9.64667E+02
 1.54687E+03	 9.67867E+02
 1.55091E+03	 9.67033E+02
 1.55495E+03	 9.67067E+02
 1.55899E+03	 9.66533E+02
 1.56302E+03	 9.66167E+02
 1.56705E+03	 9.66467E+02
 1.57109E+03	 9.66033E+02
 1.57512E+03	 9.65900E+02
 1.57914E+03	 9.65367E+02
 1.58317E+03	 9.62967E+02
 1.58719E+03	 9.64400E+02
 1.59121E+03	 9.66200E+02
 1.59523E+03	 9.66900E+02
 1.59925E+03	 9.63367E+02
 1.60326E+03	 9.64800E+02
 1.60728E+03	 9.64700E+02
 1.61129E+03	 9.65833E+02
 1.61530E+03	 9.63333E+02
 1.61930E+03	 9.65500E+02
 1.62331E+03	 9.64667E+02
 1.62731E+03	 9.63733E+02
 1.63131E+03	 9.64033E+02
 1.63531E+03	 9.61600E+02
 1.63931E+03	 9.63667E+02
 1.64330E+03	 9.61400E+02
 1.64730E+03	 9.64533E+02
 1.65129E+03	 9.64033E+02
 1.65528E+03	 9.62633E+02
 1.65926E+03	 9.61300E+02
 1.66325E+03	 9.58767E+02
 1.66723E+03	 9.64933E+02
 1.67121E+03	 9.59733E+02
 1.67519E+03	 9.62767E+02
 1.67917E+03	 9.60733E+02
 1.68314E+03	 9.62600E+02
 1.68712E+03	 9.63067E+02
 1.69109E+03	 9.61400E+02
 1.69506E+03	 9.59800E+02
 1.69903E+03	 9.61800E+02
 1.70299E+03	 9.57867E+02
 1.70695E+03	 9.58667E+02
 1.71092E+03	 9.58300E+02
 1.71487E+03	 9.61167E+02
 1.71883E+03	 9.57867E+02
 1.72279E+03	 9.57333E+02
 1.72674E+03	 9.56367E+02
 1.73069E+03	 9.58400E+02
 1.73464E+03	 9.56967E+02
 1.73859E+03	 9.57033E+02
 1.74253E+03	 9.57833E+02
 1.74648E+03	 9.57967E+02
 1.75042E+03	 9.55933E+02
 1.75436E+03	 9.55300E+02
 1.75830E+03	 9.53967E+02
 1.76223E+03	 9.56767E+02
 1.76617E+03	 9.57133E+02
 1.77010E+03	 9.56433E+02
 1.77403E+03	 9.55267E+02
 1.77796E+03	 9.55600E+02
 1.78188E+03	 9.53767E+02
 1.78581E+03	 9.55533E+02
 1.78973E+03	 9.56100E+02
 1.79365E+03	 9.57767E+02
 1.79757E+03	 9.56067E+02
 1.80148E+03	 9.55800E+02
 1.80540E+03	 9.53900E+02
 1.80931E+03	 9.54267E+02
 1.81322E+03	 9.56200E+02
 1.81713E+03	 9.55333E+02
 1.82104E+03	 9.54400E+02
 1.82494E+03	 9.54233E+02
 1.82884E+03	 9.54167E+02
 1.83274E+03	 9.55367E+02
 1.83664E+03	 9.51367E+02
 1.84054E+03	 9.52300E+02
 1.84443E+03	 9.53367E+02
 1.84833E+03	 9.53833E+02
 1.85222E+03	 9.53633E+02
 1.85611E+03	 9.52367E+02
 1.85999E+03	 9.53033E+02
 1.86388E+03	 9.52367E+02
 1.86776E+03	 9.52367E+02
 1.87164E+03	 9.52067E+02
 1.87552E+03	 9.53800E+02
 1.87940E+03	 9.51833E+02
 1.88328E+03	 9.52733E+02
 1.88715E+03	 9.51833E+02
 1.89102E+03	 9.52700E+02
 1.89489E+03	 9.52800E+02
 1.89876E+03	 9.53667E+02
 1.90263E+03	 9.52467E+02
 1.90649E+03	 9.50600E+02
 1.91035E+03	 9.51667E+02
 1.91421E+03	 9.53367E+02
 1.91807E+03	 9.55867E+02
 1.92193E+03	 9.54700E+02
 1.92578E+03	 9.53567E+02
 1.92964E+03	 9.52667E+02
 1.93349E+03	 9.52867E+02
 1.93734E+03	 9.52733E+02
 1.94118E+03	 9.51967E+02
 1.94503E+03	 9.51267E+02
 1.94887E+03	 9.51500E+02
 1.95271E+03	 9.51633E+02
 1.95655E+03	 9.52733E+02
 1.96039E+03	 9.52133E+02
 1.96423E+03	 9.50067E+02
 1.96806E+03	 9.52600E+02
 1.97189E+03	 9.50333E+02
 1.97572E+03	 9.49900E+02
 1.97955E+03	 9.49600E+02
 1.98338E+03	 9.53033E+02
 1.98720E+03	 9.51467E+02
 1.99103E+03	 9.52367E+02
 1.99485E+03	 9.48233E+02
 1.99866E+03	 9.50233E+02
 2.00248E+03	 9.51933E+02
 2.00630E+03	 9.49600E+02
 2.01011E+03	 9.50267E+02
 2.01392E+03	 9.49433E+02
 2.01773E+03	 9.48167E+02
 2.02154E+03	 9.50333E+02
 2.02534E+03	 9.50367E+02
 2.02915E+03	 9.50000E+02
 2.03295E+03	 9.50667E+02
 2.03675E+03	 9.50767E+02
 2.04055E+03	 9.48967E+02
 2.04435E+03	 9.51733E+02
 2.04814E+03	 9.51933E+02
 2.05193E+03	 9.49933E+02
 2.05572E+03	 9.48567E+02
 2.05951E+03	 9.51333E+02
 2.06330E+03	 9.49767E+02
 2.06708E+03	 9.51167E+02
 2.07087E+03	 9.50167E+02
 2.07465E+03	 9.49233E+02
 2.07843E+03	 9.50967E+02
 2.08221E+03	 9.50600E+02
 2.08598E+03	 9.49767E+02
 2.08976E+03	 9.48700E+02
 2.09353E+03	 9.50267E+02
 2.09730E+03	 9.48300E+02
 2.10107E+03	 9.49067E+02
 2.10484E+03	 9.49233E+02
 2.10860E+03	 9.48067E+02
 2.11236E+03	 9.49400E+02
 2.11613E+03	 9.49467E+02
 2.11989E+03	 9.51733E+02
 2.12364E+03	 9.49400E+02
 2.12740E+03	 9.49767E+02
 2.13115E+03	 9.48667E+02
 2.13490E+03	 9.51067E+02
 2.13866E+03	 9.49933E+02
 2.14240E+03	 9.48233E+02
 2.14615E+03	 9.49867E+02
 2.14990E+03	 9.48233E+02
 2.15364E+03	 9.50000E+02
 2.15738E+03	 9.50433E+02
 2.16112E+03	 9.48333E+02
 2.16486E+03	 9.49300E+02
 2.16859E+03	 9.49767E+02
 2.17233E+03	 9.48833E+02
 2.17606E+03	 9.48833E+02
 2.17979E+03	 9.49400E+02
 2.18352E+03	 9.50100E+02
 2.18724E+03	 9.47900E+02
 2.19097E+03	 9.49200E+02
 2.19469E+03	 9.48933E+02
 2.19841E+03	 9.47967E+02
 2.20213E+03	 9.48767E+02
 2.20585E+03	 9.46233E+02
 2.20956E+03	 9.48167E+02
 2.21328E+03	 9.48033E+02
 2.21699E+03	 9.47267E+02
 2.22070E+03	 9.47167E+02
 2.22441E+03	 9.47133E+02
 2.22812E+03	 9.48667E+02
 2.23182E+03	 9.48967E+02
 2.23552E+03	 9.49400E+02
 2.23923E+03	 9.46467E+02
 2.24293E+03	 9.47100E+02
 2.24662E+03	 9.46833E+02
 2.25032E+03	 9.47500E+02
 2.25401E+03	 9.48233E+02
 2.25771E+03	 9.48300E+02
 2.26140E+03	 9.47633E+02
 2.26509E+03	 9.47733E+02
 2.26877E+03	 9.47533E+02
 2.27246E+03	 9.46167E+02
 2.27614E+03	 9.47533E+02
 2.27982E+03	 9.47667E+02
 2.28350E+03	 9.45200E+02
 2.28718E+03	 9.48033E+02
 2.29086E+03	 9.48533E+02
 2.29453E+03	 9.46967E+02
 2.29820E+03	 9.45333E+02
 2.30188E+03	 9.46300E+02
 2.30555E+03	 9.45533E+02
 2.30921E+03	 9.47900E+02
 2.31288E+03	 9.47633E+02
 2.31654E+03	 9.46833E+02
 2.32020E+03	 9.46100E+02
 2.32386E+03	 9.46167E+02
 2.32752E+03	 9.48267E+02
 2.33118E+03	 9.47200E+02
 2.33484E+03	 9.46233E+02
 2.33849E+03	 9.46867E+02
 2.34214E+03	 9.47867E+02
 2.34579E+03	 9.49733E+02
 2.34944E+03	 9.47300E+02
 2.35308E+03	 9.47567E+02
 2.35673E+03	 9.44600E+02
 2.36037E+03	 9.45367E+02
 2.36401E+03	 9.45033E+02
 2.36765E+03	 9.46300E+02
 2.37129E+03	 9.45467E+02
 2.37492E+03	 9.46233E+02
 2.37856E+03	 9.48467E+02
 2.38219E+03	 9.46533E+02
 2.38582E+03	 9.46400E+02
 2.38945E+03	 9.47133E+02
 2.39308E+03	 9.48633E+02
 2.39670E+03	 9.46900E+02
 2.40033E+03	 9.47433E+02
 2.40395E+03	 9.46067E+02
 2.40757E+03	 9.44867E+02
 2.41119E+03	 9.45633E+02
 2.41480E+03	 9.45167E+02
 2.41842E+03	 9.46867E+02
 2.42203E+03	 9.46133E+02
 2.42564E+03	 9.45300E+02
 2.42925E+03	 9.46533E+02
 2.43286E+03	 9.45500E+02
 2.43647E+03	 9.46467E+02
 2.44007E+03	 9.45567E+02
 2.44367E+03	 9.44133E+02
 2.44727E+03	 9.46000E+02
 2.45087E+03	 9.47600E+02
 2.45447E+03	 9.46867E+02
 2.45807E+03	 9.47033E+02
 2.46166E+03	 9.45100E+02
 2.46525E+03	 9.46867E+02
 2.46884E+03	 9.46833E+02
 2.47243E+03	 9.43500E+02
 2.47602E+03	 9.47000E+02
 2.47960E+03	 9.47667E+02
 2.48319E+03	 9.44767E+02
 2.48677E+03	 9.44900E+02
 2.49035E+03	 9.45600E+02
 2.49393E+03	 9.47067E+02
 2.49751E+03	 9.46100E+02
 2.50108E+03	 9.45600E+02
 2.50465E+03	 9.47333E+02
 2.50823E+03	 9.48000E+02
 2.51180E+03	 9.44133E+02
 2.51536E+03	 9.43800E+02
 2.51893E+03	 9.46300E+02
 2.52250E+03	 9.47533E+02
 2.52606E+03	 9.47800E+02
 2.52962E+03	 9.46433E+02
 2.53318E+03	 9.46367E+02
 2.53674E+03	 9.46200E+02
 2.54029E+03	 9.47100E+02
 2.54385E+03	 9.48033E+02
 2.54740E+03	 9.47100E+02
 2.55095E+03	 9.45800E+02
 2.55450E+03	 9.50633E+02
 2.55805E+03	 9.46467E+02
 2.56160E+03	 9.49533E+02
 2.56514E+03	 9.45833E+02
 2.56868E+03	 9.46833E+02
 2.57222E+03	 9.48367E+02
 2.57576E+03	 9.47067E+02
 2.57930E+03	 9.44700E+02
 2.58284E+03	 9.48033E+02
 2.58637E+03	 9.43967E+02
 2.58991E+03	 9.49533E+02
 2.59344E+03	 9.45367E+02
 2.59697E+03	 9.45500E+02
 2.60049E+03	 9.47133E+02
 2.60402E+03	 9.48567E+02
 2.60754E+03	 9.47667E+02
 2.61107E+03	 9.44433E+02
 2.61459E+03	 9.44667E+02
 2.61811E+03	 9.46633E+02
 2.62162E+03	 9.48700E+02
 2.62514E+03	 9.46000E+02
 2.62865E+03	 9.48600E+02
 2.63217E+03	 9.47633E+02
 2.63568E+03	 9.48467E+02
 2.63919E+03	 9.49200E+02
 2.64269E+03	 9.46800E+02
 2.64620E+03	 9.47933E+02
 2.64970E+03	 9.45533E+02
 2.65321E+03	 9.48633E+02
 2.65671E+03	 9.46400E+02
 2.66021E+03	 9.47633E+02
 2.66370E+03	 9.47667E+02
 2.66720E+03	 9.50967E+02
 2.67069E+03	 9.48733E+02
 2.67419E+03	 9.47367E+02
 2.67768E+03	 9.49400E+02
 2.68117E+03	 9.53533E+02
 2.68466E+03	 9.50967E+02
 2.68814E+03	 9.52167E+02
 2.69163E+03	 9.51100E+02
 2.69511E+03	 9.51567E+02
 2.69859E+03	 9.50833E+02
 2.70207E+03	 9.52700E+02
 2.70555E+03	 9.51767E+02
 2.70902E+03	 9.55100E+02
 2.71250E+03	 9.53733E+02
 2.71597E+03	 9.55067E+02
 2.71944E+03	 9.55667E+02
 2.72291E+03	 9.57033E+02
 2.72638E+03	 9.55833E+02
 2.72984E+03	 9.56500E+02
 2.73331E+03	 9.60500E+02
 2.73677E+03	 9.60700E+02
 2.74023E+03	 9.62067E+02
 2.74369E+03	 9.61133E+02
 2.74715E+03	 9.62733E+02
 2.75061E+03	 9.65267E+02
 2.75406E+03	 9.62933E+02
 2.75752E+03	 9.62700E+02
 2.76097E+03	 9.64833E+02
 2.76442E+03	 9.66100E+02
 2.76786E+03	 9.65067E+02
 2.77131E+03	 9.64300E+02
 2.77476E+03	 9.64200E+02
 2.77820E+03	 9.62933E+02
 2.78164E+03	 9.63567E+02
 2.78508E+03	 9.64467E+02
 2.78852E+03	 9.61333E+02
 2.79196E+03	 9.62967E+02
 2.79539E+03	 9.66333E+02
 2.79883E+03	 9.64767E+02
 2.80226E+03	 9.65600E+02
 2.80569E+03	 9.67267E+02
 2.80912E+03	 9.68633E+02
 2.81254E+03	 9.69633E+02
 2.81597E+03	 9.68800E+02
 2.81939E+03	 9.69767E+02
 2.82282E+03	 9.73000E+02
 2.82624E+03	 9.73267E+02
 2.82966E+03	 9.77333E+02
 2.83307E+03	 9.77700E+02
 2.83649E+03	 9.83233E+02
 2.83990E+03	 9.83600E+02
 2.84332E+03	 9.87400E+02
 2.84673E+03	 9.90167E+02
 2.85014E+03	 9.97067E+02
 2.85354E+03	 1.00210E+03
 2.85695E+03	 1.00153E+03
 2.86036E+03	 1.00900E+03
 2.86376E+03	 1.01220E+03
 2.86716E+03	 1.01770E+03
 2.87056E+03	 1.02790E+03
 2.87396E+03	 1.03577E+03
 2.87736E+03	 1.04610E+03
 2.88075E+03	 1.05980E+03
 2.88414E+03	 1.06420E+03
 2.88754E+03	 1.07883E+03
 2.89093E+03	 1.09550E+03
 2.89431E+03	 1.11173E+03
 2.89770E+03	 1.11447E+03
 2.90109E+03	 1.12567E+03
 2.90447E+03	 1.12207E+03
 2.90785E+03	 1.10927E+03
 2.91123E+03	 1.11410E+03
 2.91461E+03	 1.11770E+03
 2.91799E+03	 1.10573E+03
 2.92137E+03	 1.10383E+03
 2.92474E+03	 1.10777E+03
 2.92811E+03	 1.11547E+03
 2.93149E+03	 1.11337E+03
 2.93486E+03	 1.11470E+03
 2.93822E+03	 1.12197E+03
 2.94159E+03	 1.13477E+03
 2.94496E+03	 1.13407E+03
 2.94832E+03	 1.13293E+03
 2.95168E+03	 1.14923E+03
 2.95504E+03	 1.14850E+03
 2.95840E+03	 1.12773E+03
 2.96176E+03	 1.12740E+03
 2.96511E+03	 1.12070E+03
 2.96847E+03	 1.11380E+03
 2.97182E+03	 1.10157E+03
 2.97517E+03	 1.09620E+03
 2.97852E+03	 1.08630E+03
 2.98187E+03	 1.07853E+03
 2.98521E+03	 1.06620E+03
 2.98856E+03	 1.04530E+03
 2.99190E+03	 1.03693E+03
 2.99524E+03	 1.01890E+03
 2.99858E+03	 1.00740E+03
 3.00192E+03	 1.00457E+03
 3.00526E+03	 9.91800E+02
 3.00859E+03	 9.80000E+02
 3.01193E+03	 9.79800E+02
 3.01526E+03	 9.71533E+02
 3.01859E+03	 9.69867E+02
 3.02192E+03	 9.67567E+02
 3.02525E+03	 9.65633E+02
 3.02857E+03	 9.59633E+02
 3.03190E+03	 9.56967E+02
 3.03522E+03	 9.57867E+02
 3.03854E+03	 9.58533E+02
 3.04186E+03	 9.57933E+02
 3.04518E+03	 9.54167E+02
 3.04850E+03	 9.53500E+02
 3.05181E+03	 9.51100E+02
 3.05512E+03	 9.52100E+02
 3.05844E+03	 9.51933E+02
 3.06175E+03	 9.50800E+02
 3.06506E+03	 9.51133E+02
 3.06836E+03	 9.51900E+02
 3.07167E+03	 9.49567E+02
 3.07497E+03	 9.50133E+02
 3.07828E+03	 9.50667E+02
 3.08158E+03	 9.50533E+02
 3.08488E+03	 9.48700E+02
 3.08818E+03	 9.48300E+02
 3.09147E+03	 9.51767E+02
 3.09477E+03	 9.49967E+02
 3.09806E+03	 9.52733E+02
 3.10135E+03	 9.51600E+02
 3.10464E+03	 9.50767E+02
 3.10793E+03	 9.50967E+02
 3.11122E+03	 9.52100E+02
 3.11451E+03	 9.51300E+02
 3.11779E+03	 9.51867E+02
 3.12107E+03	 9.51867E+02
 3.12436E+03	 9.49900E+02
 3.12764E+03	 9.51767E+02
 3.13091E+03	 9.52867E+02
 3.13419E+03	 9.55000E+02
 3.13747E+03	 9.54067E+02
 3.14074E+03	 9.52567E+02
 3.14401E+03	 9.53400E+02
 3.14728E+03	 9.54100E+02
 3.15055E+03	 9.52300E+02
 3.15382E+03	 9.58900E+02
 3.15709E+03	 9.54500E+02
 3.16035E+03	 9.53667E+02
 3.16362E+03	 9.56900E+02
 3.16688E+03	 9.56500E+02
 3.17014E+03	 9.56600E+02
 3.17340E+03	 9.54167E+02
 3.17665E+03	 9.57333E+02
 3.17991E+03	 9.56233E+02
 3.18316E+03	 9.57067E+02
 3.18642E+03	 9.58900E+02
 3.18967E+03	 9.57733E+02
 3.19292E+03	 9.58500E+02
 3.19617E+03	 9.56967E+02
 3.19941E+03	 9.58300E+02
 3.20266E+03	 9.58400E+02
 3.20590E+03	 9.60100E+02
 3.20914E+03	 9.59200E+02
 3.21238E+03	 9.61267E+02
 3.21562E+03	 9.62600E+02
 3.21886E+03	 9.61800E+02
 3.22210E+03	 9.57867E+02
 3.22533E+03	 9.61700E+02
 3.22857E+03	 9.62900E+02
 3.23180E+03	 9.64167E+02
 3.23503E+03	 9.63100E+02
 3.23826E+03	 9.67333E+02
 3.24148E+03	 9.67533E+02
 3.24471E+03	 9.62833E+02
 3.24793E+03	 9.68567E+02
 3.25116E+03	 9.66800E+02
 3.25438E+03	 9.66100E+02
 3.25760E+03	 9.67233E+02
 3.26082E+03	 9.65800E+02
 3.26403E+03	 9.68067E+02
 3.26725E+03	 9.69733E+02
 3.27046E+03	 9.70433E+02
 3.27368E+03	 9.67533E+02
 3.27689E+03	 9.72233E+02
 3.28010E+03	 9.70867E+02
 3.28331E+03	 9.67267E+02
 3.28651E+03	 9.65700E+02
 3.28972E+03	 9.69900E+02
 3.29292E+03	 9.69900E+02
 3.29612E+03	 9.70900E+02
 3.29932E+03	 9.68467E+02
 3.30252E+03	 9.69233E+02
 3.30572E+03	 9.71167E+02
 3.30892E+03	 9.71400E+02
 3.31211E+03	 9.72433E+02
 3.31531E+03	 9.77167E+02
 3.31850E+03	 9.73400E+02
 3.32169E+03	 9.71800E+02
 3.32488E+03	 9.68300E+02
 3.32807E+03	 9.75200E+02
 3.33125E+03	 9.71133E+02
 3.33444E+03	 9.70533E+02
 3.33762E+03	 9.71300E+02
 3.34080E+03	 9.72333E+02
 3.34398E+03	 9.74400E+02
 3.34716E+03	 9.76333E+02
 3.35034E+03	 9.74933E+02
 3.35351E+03	 9.73467E+02
 3.35669E+03	 9.76033E+02
 3.35986E+03	 9.74733E+02
 3.36303E+03	 9.71000E+02
 3.36620E+03	 9.78100E+02
 3.36937E+03	 9.76200E+02
 3.37254E+03	 9.75400E+02
 3.37570E+03	 9.73267E+02
 3.37887E+03	 9.73833E+02
 3.38203E+03	 9.74433E+02
 3.38519E+03	 9.75333E+02
 3.38835E+03	 9.75900E+02
 3.39151E+03	 9.77600E+02
 3.39467E+03	 9.74067E+02
 3.39782E+03	 9.72833E+02
 3.40098E+03	 9.77567E+02
 3.40413E+03	 9.76833E+02
 3.40728E+03	 9.76233E+02
 3.41043E+03	 9.76367E+02
 3.41358E+03	 9.73900E+02
 3.41673E+03	 9.73867E+02
 3.41987E+03	 9.76867E+02
 3.42302E+03	 9.75133E+02
 3.42616E+03	 9.76533E+02
 3.42930E+03	 9.74600E+02
 3.43244E+03	 9.77067E+02
 3.43558E+03	 9.74767E+02
 3.43872E+03	 9.73433E+02
 3.44185E+03	 9.71467E+02
 3.44499E+03	 9.71800E+02
 3.44812E+03	 9.73800E+02
 3.45125E+03	 9.72800E+02
 3.45438E+03	 9.70667E+02
 3.45751E+03	 9.71367E+02
 3.46064E+03	 9.69967E+02
 3.46376E+03	 9.69200E+02
 3.46689E+03	 9.70767E+02
 3.47001E+03	 9.71467E+02
 3.47313E+03	 9.70133E+02
 3.47625E+03	 9.68633E+02
 3.47937E+03	 9.67400E+02
 3.48249E+03	 9.66000E+02
 3.48560E+03	 9.68100E+02
 3.48872E+03	 9.65500E+02
 3.49183E+03	 9.63600E+02
 3.49494E+03	 9.66067E+02
 3.49805E+03	 9.65033E+02
 3.50116E+03	 9.64167E+02
 3.50427E+03	 9.63633E+02
 3.50737E+03	 9.61767E+02
 3.51048E+03	 9.58400E+02
 3.51358E+03	 9.58600E+02
 3.51668E+03	 9.61533E+02
 3.51978E+03	 9.62900E+02
 3.52288E+03	 9.59100E+02
 3.52598E+03	 9.56400E+02
 3.52907E+03	 9.58433E+02
 3.53217E+03	 9.55933E+02
 3.53526E+03	 9.54867E+02
 3.53835E+03	 9.54300E+02
 3.54144E+03	 9.54233E+02
 3.54453E+03	 9.54333E+02
 3.54762E+03	 9.51367E+02
 3.55071E+03	 9.50367E+02
 3.55379E+03	 9.47367E+02
 3.55687E+03	 9.49300E+02
 3.55996E+03	 9.46600E+02
 3.56304E+03	 9.48633E+02
 3.56612E+03	 9.48133E+02
 3.56919E+03	 9.47867E+02
 3.57227E+03	 9.47533E+02
 3.57535E+03	 9.47867E+02
 3.57842E+03	 9.44667E+02
 3.58149E+03	 9.45300E+02
 3.58456E+03	 9.44767E+02
 3.58763E+03	 9.43067E+02
 3.59070E+03	 9.44267E+02
 3.59377E+03	 9.43700E+02
 3.59683E+03	 9.42433E+02
 3.59990E+03	 9.41400E+02
 3.60296E+03	 9.42300E+02
 3.60602E+03	 9.42533E+02
 3.60908E+03	 9.38733E+02
 3.61214E+03	 9.38133E+02
 3.61519E+03	 9.38267E+02
 3.61825E+03	 9.39067E+02
 3.62130E+03	 9.36933E+02
 3.62436E+03	 9.37333E+02
 3.62741E+03	 9.35533E+02
 3.63046E+03	 9.36500E+02
 3.63351E+03	 9.34900E+02
 3.63656E+03	 9.33700E+02
 3.63960E+03	 9.33467E+02
 3.64265E+03	 9.34467E+02
 3.64569E+03	 9.34333E+02
 3.64873E+03	 9.32300E+02
 3.65177E+03	 9.30667E+02
 3.65481E+03	 9.31800E+02
 3.65785E+03	 9.30900E+02
 3.66089E+03	 9.29800E+02
 3.66392E+03	 9.31233E+02
 3.66695E+03	 9.32233E+02
 3.66999E+03	 9.32167E+02
 3.67302E+03	 9.28367E+02
 3.67605E+03	 9.30567E+02
 3.67908E+03	 9.30933E+02
 3.68210E+03	 9.31667E+02
 3.68513E+03	 9.29633E+02
 3.68815E+03	 9.27467E+02
 3.69117E+03	 9.28400E+02
 3.69420E+03	 9.27233E+02
 3.69722E+03	 9.26267E+02
 3.70023E+03	 9.27933E+02
 3.70325E+03	 9.29033E+02
 3.70627E+03	 9.26900E+02
 3.70928E+03	 9.27267E+02
 3.71230E+03	 9.26033E+02
 3.71531E+03	 9.26667E+02
 3.71832E+03	 9.28433E+02
 3.72133E+03	 9.26767E+02
 3.72434E+03	 9.27167E+02
 3.72734E+03	 9.27033E+02
 3.73035E+03	 9.24667E+02
 3.73335E+03	 9.26467E+02
 3.73635E+03	 9.26167E+02
 3.73936E+03	 9.25867E+02
 3.74236E+03	 9.27867E+02
 3.74535E+03	 9.25333E+02
 3.74835E+03	 9.25900E+02
 3.75135E+03	 9.23933E+02
 3.75434E+03	 9.26367E+02
 3.75733E+03	 9.26567E+02
 3.76033E+03	 9.24233E+02
 3.76332E+03	 9.25100E+02
 3.76631E+03	 9.26933E+02
 3.76929E+03	 9.25833E+02
 3.77228E+03	 9.22600E+02
 3.77527E+03	 9.23400E+02
 3.77825E+03	 9.23167E+02
 3.78123E+03	 9.22833E+02
 3.78421E+03	 9.26833E+02
 3.78719E+03	 9.22000E+02
