-1.40382E+02	 9.05900E+02
-1.35457E+02	 9.07333E+02
-1.30535E+02	 9.06900E+02
-1.25616E+02	 9.05767E+02
-1.20700E+02	 9.07067E+02
-1.15786E+02	 9.07700E+02
-1.10875E+02	 9.07633E+02
-1.05967E+02	 9.06267E+02
-1.01061E+02	 9.06467E+02
-9.61580E+01	 9.07867E+02
-9.12576E+01	 9.07567E+02
-8.63599E+01	 9.06700E+02
-8.14648E+01	 9.07733E+02
-7.65724E+01	 9.06767E+02
-7.16827E+01	 9.05600E+02
-6.67956E+01	 9.08267E+02
-6.19111E+01	 9.07700E+02
-5.70293E+01	 9.06700E+02
-5.21502E+01	 9.07767E+02
-4.72737E+01	 9.09033E+02
-4.23998E+01	 9.08033E+02
-3.75286E+01	 9.09367E+02
-3.26600E+01	 9.09167E+02
-2.77941E+01	 9.09700E+02
-2.29308E+01	 9.09233E+02
-1.80701E+01	 9.11500E+02
-1.32121E+01	 9.12667E+02
-8.35667E+00	 9.13767E+02
-3.50389E+00	 9.15933E+02
 1.34626E+00	 9.30667E+02
 6.19379E+00	 1.11837E+03
 1.10387E+01	 3.16650E+03
 1.58810E+01	 4.70853E+03
 2.07207E+01	 2.72257E+03
 2.55577E+01	 1.06890E+03
 3.03922E+01	 9.22867E+02
 3.52240E+01	 9.15233E+02
 4.00532E+01	 9.11400E+02
 4.48798E+01	 9.10033E+02
 4.97038E+01	 9.09400E+02
 5.45252E+01	 9.09900E+02
 5.93440E+01	 9.10100E+02
 6.41602E+01	 9.08867E+02
 6.89738E+01	 9.10467E+02
 7.37848E+01	 9.15867E+02
 7.85932E+01	 9.30500E+02
 8.33991E+01	 9.73000E+02
 8.82023E+01	 1.06213E+03
 9.30029E+01	 1.17143E+03
 9.78010E+01	 1.22937E+03
 1.02596E+02	 1.25673E+03
 1.07389E+02	 1.26037E+03
 1.12180E+02	 1.25647E+03
 1.16967E+02	 1.24817E+03
 1.21753E+02	 1.22987E+03
 1.26535E+02	 1.21377E+03
 1.31315E+02	 1.20037E+03
 1.36093E+02	 1.20090E+03
 1.40867E+02	 1.18587E+03
 1.45640E+02	 1.17993E+03
 1.50409E+02	 1.16863E+03
 1.55177E+02	 1.15840E+03
 1.59941E+02	 1.14567E+03
 1.64703E+02	 1.15290E+03
 1.69463E+02	 1.13603E+03
 1.74220E+02	 1.11913E+03
 1.78974E+02	 1.11983E+03
 1.83726E+02	 1.12177E+03
 1.88475E+02	 1.11773E+03
 1.93222E+02	 1.11570E+03
 1.97966E+02	 1.10277E+03
 2.02708E+02	 1.10597E+03
 2.07447E+02	 1.11170E+03
 2.12184E+02	 1.09623E+03
 2.16918E+02	 1.08940E+03
 2.21649E+02	 1.09150E+03
 2.26378E+02	 1.08970E+03
 2.31105E+02	 1.08570E+03
 2.35829E+02	 1.08780E+03
 2.40550E+02	 1.08130E+03
 2.45269E+02	 1.07653E+03
 2.49985E+02	 1.08187E+03
 2.54699E+02	 1.07060E+03
 2.59410E+02	 1.07083E+03
 2.64119E+02	 1.06667E+03
 2.68825E+02	 1.06650E+03
 2.73529E+02	 1.06957E+03
 2.78230E+02	 1.06777E+03
 2.82929E+02	 1.06633E+03
 2.87625E+02	 1.06173E+03
 2.92319E+02	 1.06727E+03
 2.97010E+02	 1.06277E+03
 3.01699E+02	 1.06493E+03
 3.06385E+02	 1.06923E+03
 3.11069E+02	 1.07553E+03
 3.15750E+02	 1.06830E+03
 3.20428E+02	 1.06180E+03
 3.25105E+02	 1.06297E+03
 3.29778E+02	 1.06380E+03
 3.34450E+02	 1.05933E+03
 3.39118E+02	 1.05480E+03
 3.43785E+02	 1.05573E+03
 3.48448E+02	 1.05373E+03
 3.53110E+02	 1.05890E+03
 3.57768E+02	 1.05173E+03
 3.62425E+02	 1.05330E+03
 3.67079E+02	 1.05473E+03
 3.71730E+02	 1.05600E+03
 3.76379E+02	 1.05213E+03
 3.81025E+02	 1.05127E+03
 3.85669E+02	 1.05500E+03
 3.90311E+02	 1.05540E+03
 3.94950E+02	 1.05040E+03
 3.99586E+02	 1.05767E+03
 4.04220E+02	 1.05360E+03
 4.08852E+02	 1.05137E+03
 4.13481E+02	 1.05410E+03
 4.18108E+02	 1.05353E+03
 4.22732E+02	 1.05727E+03
 4.27354E+02	 1.05763E+03
 4.31973E+02	 1.06313E+03
 4.36590E+02	 1.06280E+03
 4.41205E+02	 1.06373E+03
 4.45817E+02	 1.06357E+03
 4.50426E+02	 1.05920E+03
 4.55034E+02	 1.04783E+03
 4.59638E+02	 1.04610E+03
 4.64241E+02	 1.04753E+03
 4.68840E+02	 1.05397E+03
 4.73438E+02	 1.04727E+03
 4.78033E+02	 1.04510E+03
 4.82625E+02	 1.04430E+03
 4.87215E+02	 1.05190E+03
 4.91803E+02	 1.06253E+03
 4.96388E+02	 1.06970E+03
 5.00971E+02	 1.07023E+03
 5.05552E+02	 1.07120E+03
 5.10129E+02	 1.07223E+03
 5.14705E+02	 1.06970E+03
 5.19278E+02	 1.05717E+03
 5.23849E+02	 1.05273E+03
 5.28417E+02	 1.04893E+03
 5.32983E+02	 1.04363E+03
 5.37547E+02	 1.04460E+03
 5.42108E+02	 1.03950E+03
 5.46666E+02	 1.04007E+03
 5.51223E+02	 1.04003E+03
 5.55777E+02	 1.04140E+03
 5.60328E+02	 1.04493E+03
 5.64877E+02	 1.04180E+03
 5.69424E+02	 1.04510E+03
 5.73968E+02	 1.04947E+03
 5.78510E+02	 1.04143E+03
 5.83049E+02	 1.04453E+03
 5.87587E+02	 1.04230E+03
 5.92121E+02	 1.04127E+03
 5.96654E+02	 1.03863E+03
 6.01184E+02	 1.04240E+03
 6.05711E+02	 1.03667E+03
 6.10236E+02	 1.04283E+03
 6.14759E+02	 1.03817E+03
 6.19280E+02	 1.03643E+03
 6.23798E+02	 1.03713E+03
 6.28313E+02	 1.03563E+03
 6.32827E+02	 1.03880E+03
 6.37338E+02	 1.03363E+03
 6.41846E+02	 1.03907E+03
 6.46352E+02	 1.03200E+03
 6.50856E+02	 1.03120E+03
 6.55358E+02	 1.03273E+03
 6.59857E+02	 1.04013E+03
 6.64354E+02	 1.04177E+03
 6.68848E+02	 1.03947E+03
 6.73340E+02	 1.04607E+03
 6.77830E+02	 1.04107E+03
 6.82317E+02	 1.04373E+03
 6.86802E+02	 1.04343E+03
 6.91285E+02	 1.04700E+03
 6.95765E+02	 1.04957E+03
 7.00243E+02	 1.04473E+03
 7.04718E+02	 1.03997E+03
 7.09192E+02	 1.03633E+03
 7.13663E+02	 1.03667E+03
 7.18131E+02	 1.03733E+03
 7.22597E+02	 1.03623E+03
 7.27061E+02	 1.03347E+03
 7.31523E+02	 1.02923E+03
 7.35982E+02	 1.03373E+03
 7.40439E+02	 1.03413E+03
 7.44894E+02	 1.03490E+03
 7.49346E+02	 1.03577E+03
 7.53796E+02	 1.03460E+03
 7.58243E+02	 1.02930E+03
 7.62689E+02	 1.02593E+03
 7.67132E+02	 1.03033E+03
 7.71572E+02	 1.02770E+03
 7.76011E+02	 1.02623E+03
 7.80447E+02	 1.03450E+03
 7.84880E+02	 1.03253E+03
 7.89312E+02	 1.02623E+03
 7.93741E+02	 1.03167E+03
 7.98167E+02	 1.03220E+03
 8.02592E+02	 1.03510E+03
 8.07014E+02	 1.03763E+03
 8.11434E+02	 1.03867E+03
 8.15851E+02	 1.03367E+03
 8.20267E+02	 1.03043E+03
 8.24680E+02	 1.03673E+03
 8.29090E+02	 1.03697E+03
 8.33499E+02	 1.04820E+03
 8.37905E+02	 1.05270E+03
 8.42309E+02	 1.06070E+03
 8.46710E+02	 1.05363E+03
 8.51109E+02	 1.05730E+03
 8.55506E+02	 1.05807E+03
 8.59901E+02	 1.06623E+03
 8.64293E+02	 1.08057E+03
 8.68683E+02	 1.08853E+03
 8.73071E+02	 1.08877E+03
 8.77456E+02	 1.07477E+03
 8.81840E+02	 1.06683E+03
 8.86221E+02	 1.06147E+03
 8.90599E+02	 1.05427E+03
 8.94976E+02	 1.04357E+03
 8.99350E+02	 1.03290E+03
 9.03722E+02	 1.03500E+03
 9.08091E+02	 1.03057E+03
 9.12459E+02	 1.03360E+03
 9.16824E+02	 1.03297E+03
 9.21187E+02	 1.04217E+03
 9.25547E+02	 1.04340E+03
 9.29905E+02	 1.05073E+03
 9.34261E+02	 1.05413E+03
 9.38615E+02	 1.05870E+03
 9.42967E+02	 1.06323E+03
 9.47316E+02	 1.07027E+03
 9.51663E+02	 1.05533E+03
 9.56008E+02	 1.04420E+03
 9.60350E+02	 1.03577E+03
 9.64691E+02	 1.03363E+03
 9.69029E+02	 1.02930E+03
 9.73364E+02	 1.02290E+03
 9.77698E+02	 1.02393E+03
 9.82029E+02	 1.02897E+03
 9.86358E+02	 1.02883E+03
 9.90685E+02	 1.03520E+03
 9.95010E+02	 1.04160E+03
 9.99332E+02	 1.03433E+03
 1.00365E+03	 1.03087E+03
 1.00797E+03	 1.02590E+03
 1.01229E+03	 1.02647E+03
 1.01660E+03	 1.03023E+03
 1.02091E+03	 1.02763E+03
 1.02522E+03	 1.02770E+03
 1.02953E+03	 1.03377E+03
 1.03383E+03	 1.03117E+03
 1.03813E+03	 1.03460E+03
 1.04243E+03	 1.03837E+03
 1.04673E+03	 1.04743E+03
 1.05103E+03	 1.05537E+03
 1.05532E+03	 1.08157E+03
 1.05961E+03	 1.12580E+03
 1.06390E+03	 1.17460E+03
 1.06819E+03	 1.19057E+03
 1.07247E+03	 1.17407E+03
 1.07676E+03	 1.14003E+03
 1.08104E+03	 1.10827E+03
 1.08531E+03	 1.08483E+03
 1.08959E+03	 1.08053E+03
 1.09386E+03	 1.07157E+03
 1.09813E+03	 1.06673E+03
 1.10240E+03	 1.06300E+03
 1.10667E+03	 1.06137E+03
 1.11094E+03	 1.06287E+03
 1.11520E+03	 1.05697E+03
 1.11946E+03	 1.06047E+03
 1.12372E+03	 1.06220E+03
 1.12797E+03	 1.06010E+03
 1.13223E+03	 1.05713E+03
 1.13648E+03	 1.05423E+03
 1.14073E+03	 1.04857E+03
 1.14498E+03	 1.03980E+03
 1.14922E+03	 1.03730E+03
 1.15347E+03	 1.03387E+03
 1.15771E+03	 1.02553E+03
 1.16194E+03	 1.02507E+03
 1.16618E+03	 1.02187E+03
 1.17042E+03	 1.02007E+03
 1.17465E+03	 1.02040E+03
 1.17888E+03	 1.01703E+03
 1.18311E+03	 1.01650E+03
 1.18733E+03	 1.01800E+03
 1.19156E+03	 1.01727E+03
 1.19578E+03	 1.02373E+03
 1.20000E+03	 1.02013E+03
 1.20421E+03	 1.02393E+03
 1.20843E+03	 1.02007E+03
 1.21264E+03	 1.02137E+03
 1.21685E+03	 1.02653E+03
 1.22106E+03	 1.02957E+03
 1.22527E+03	 1.02960E+03
 1.22947E+03	 1.03030E+03
 1.23367E+03	 1.03640E+03
 1.23787E+03	 1.03957E+03
 1.24207E+03	 1.03507E+03
 1.24627E+03	 1.03527E+03
 1.25046E+03	 1.03863E+03
 1.25465E+03	 1.04737E+03
 1.25884E+03	 1.04463E+03
 1.26303E+03	 1.04570E+03
 1.26721E+03	 1.04773E+03
 1.27140E+03	 1.04713E+03
 1.27558E+03	 1.04537E+03
 1.27975E+03	 1.04593E+03
 1.28393E+03	 1.04337E+03
 1.28811E+03	 1.04927E+03
 1.29228E+03	 1.04313E+03
 1.29645E+03	 1.04113E+03
 1.30062E+03	 1.03733E+03
 1.30478E+03	 1.03767E+03
 1.30895E+03	 1.04093E+03
 1.31311E+03	 1.03827E+03
 1.31727E+03	 1.03843E+03
 1.32142E+03	 1.03533E+03
 1.32558E+03	 1.03860E+03
 1.32973E+03	 1.03997E+03
 1.33388E+03	 1.04173E+03
 1.33803E+03	 1.04380E+03
 1.34218E+03	 1.04410E+03
 1.34632E+03	 1.04353E+03
 1.35047E+03	 1.04697E+03
 1.35461E+03	 1.04853E+03
 1.35875E+03	 1.04920E+03
 1.36288E+03	 1.06077E+03
 1.36702E+03	 1.05713E+03
 1.37115E+03	 1.06577E+03
 1.37528E+03	 1.06077E+03
 1.37941E+03	 1.05143E+03
 1.38353E+03	 1.04110E+03
 1.38766E+03	 1.04023E+03
 1.39178E+03	 1.04387E+03
 1.39590E+03	 1.04380E+03
 1.40001E+03	 1.04473E+03
 1.40413E+03	 1.04617E+03
 1.40824E+03	 1.04367E+03
 1.41235E+03	 1.04367E+03
 1.41646E+03	 1.04267E+03
 1.42057E+03	 1.04243E+03
 1.42468E+03	 1.04480E+03
 1.42878E+03	 1.04497E+03
 1.43288E+03	 1.04000E+03
 1.43698E+03	 1.04423E+03
 1.44107E+03	 1.04340E+03
 1.44517E+03	 1.03890E+03
 1.44926E+03	 1.03860E+03
 1.45335E+03	 1.03900E+03
 1.45744E+03	 1.04343E+03
 1.46153E+03	 1.04180E+03
 1.46561E+03	 1.04737E+03
 1.46969E+03	 1.05740E+03
 1.47377E+03	 1.06417E+03
 1.47785E+03	 1.07273E+03
 1.48193E+03	 1.08363E+03
 1.48600E+03	 1.07797E+03
 1.49007E+03	 1.07120E+03
 1.49414E+03	 1.05717E+03
 1.49821E+03	 1.04573E+03
 1.50228E+03	 1.03170E+03
 1.50634E+03	 1.02457E+03
 1.51040E+03	 1.01407E+03
 1.51446E+03	 1.01140E+03
 1.51852E+03	 1.01557E+03
 1.52258E+03	 1.01223E+03
 1.52663E+03	 1.01330E+03
 1.53068E+03	 1.00743E+03
 1.53473E+03	 1.00477E+03
 1.53878E+03	 1.01013E+03
 1.54282E+03	 1.00740E+03
 1.54687E+03	 1.00633E+03
 1.55091E+03	 1.00967E+03
 1.55495E+03	 1.00960E+03
 1.55899E+03	 1.01183E+03
 1.56302E+03	 1.01023E+03
 1.56705E+03	 1.00957E+03
 1.57109E+03	 1.00760E+03
 1.57512E+03	 1.01240E+03
 1.57914E+03	 1.01097E+03
 1.58317E+03	 1.00650E+03
 1.58719E+03	 1.00697E+03
 1.59121E+03	 1.00823E+03
 1.59523E+03	 1.00827E+03
 1.59925E+03	 1.00560E+03
 1.60326E+03	 1.00940E+03
 1.60728E+03	 1.00877E+03
 1.61129E+03	 1.00640E+03
 1.61530E+03	 1.00533E+03
 1.61930E+03	 1.00913E+03
 1.62331E+03	 1.00827E+03
 1.62731E+03	 1.00633E+03
 1.63131E+03	 1.00230E+03
 1.63531E+03	 1.00427E+03
 1.63931E+03	 1.00073E+03
 1.64330E+03	 1.00720E+03
 1.64730E+03	 1.00580E+03
 1.65129E+03	 1.00447E+03
 1.65528E+03	 1.00227E+03
 1.65926E+03	 1.00140E+03
 1.66325E+03	 1.00340E+03
 1.66723E+03	 1.00750E+03
 1.67121E+03	 1.00547E+03
 1.67519E+03	 1.00247E+03
 1.67917E+03	 1.00517E+03
 1.68314E+03	 1.00590E+03
 1.68712E+03	 1.00390E+03
 1.69109E+03	 1.00437E+03
 1.69506E+03	 1.00463E+03
 1.69903E+03	 1.00303E+03
 1.70299E+03	 1.00150E+03
 1.70695E+03	 1.00147E+03
 1.71092E+03	 1.00020E+03
 1.71487E+03	 1.00160E+03
 1.71883E+03	 1.00043E+03
 1.72279E+03	 9.97600E+02
 1.72674E+03	 9.96867E+02
 1.73069E+03	 9.98733E+02
 1.73464E+03	 1.00067E+03
 1.73859E+03	 1.00053E+03
 1.74253E+03	 9.98400E+02
 1.74648E+03	 1.00073E+03
 1.75042E+03	 9.97600E+02
 1.75436E+03	 9.97500E+02
 1.75830E+03	 9.97900E+02
 1.76223E+03	 9.98133E+02
 1.76617E+03	 9.96100E+02
 1.77010E+03	 9.99233E+02
 1.77403E+03	 9.96967E+02
 1.77796E+03	 9.97533E+02
 1.78188E+03	 9.97467E+02
 1.78581E+03	 9.99233E+02
 1.78973E+03	 9.93767E+02
 1.79365E+03	 9.97300E+02
 1.79757E+03	 9.96600E+02
 1.80148E+03	 9.92767E+02
 1.80540E+03	 9.96433E+02
 1.80931E+03	 9.97167E+02
 1.81322E+03	 9.95667E+02
 1.81713E+03	 9.97467E+02
 1.82104E+03	 9.95533E+02
 1.82494E+03	 9.99300E+02
 1.82884E+03	 9.93000E+02
 1.83274E+03	 9.96867E+02
 1.83664E+03	 9.95433E+02
 1.84054E+03	 9.91033E+02
 1.84443E+03	 9.95567E+02
 1.84833E+03	 9.96300E+02
 1.85222E+03	 9.99133E+02
 1.85611E+03	 9.87333E+02
 1.85999E+03	 9.88800E+02
 1.86388E+03	 9.92633E+02
 1.86776E+03	 9.91900E+02
 1.87164E+03	 9.94167E+02
 1.87552E+03	 9.95267E+02
 1.87940E+03	 9.94333E+02
 1.88328E+03	 9.91333E+02
 1.88715E+03	 9.94033E+02
 1.89102E+03	 9.94000E+02
 1.89489E+03	 9.94300E+02
 1.89876E+03	 9.93000E+02
 1.90263E+03	 9.95367E+02
 1.90649E+03	 9.90233E+02
 1.91035E+03	 9.94367E+02
 1.91421E+03	 9.91933E+02
 1.91807E+03	 9.96633E+02
 1.92193E+03	 9.92167E+02
 1.92578E+03	 9.93833E+02
 1.92964E+03	 9.92133E+02
 1.93349E+03	 9.94367E+02
 1.93734E+03	 9.95900E+02
 1.94118E+03	 9.93133E+02
 1.94503E+03	 9.91967E+02
 1.94887E+03	 9.88867E+02
 1.95271E+03	 9.88733E+02
 1.95655E+03	 9.91133E+02
 1.96039E+03	 9.92833E+02
 1.96423E+03	 9.94500E+02
 1.96806E+03	 9.90667E+02
 1.97189E+03	 9.87167E+02
 1.97572E+03	 9.90700E+02
 1.97955E+03	 9.89167E+02
 1.98338E+03	 9.88933E+02
 1.98720E+03	 9.90900E+02
 1.99103E+03	 9.91400E+02
 1.99485E+03	 9.90067E+02
 1.99866E+03	 9.87567E+02
 2.00248E+03	 9.91400E+02
 2.00630E+03	 9.89833E+02
 2.01011E+03	 9.89100E+02
 2.01392E+03	 9.91800E+02
 2.01773E+03	 9.91500E+02
 2.02154E+03	 9.90433E+02
 2.02534E+03	 9.85867E+02
 2.02915E+03	 9.89700E+02
 2.03295E+03	 9.94300E+02
 2.03675E+03	 9.90967E+02
 2.04055E+03	 9.87467E+02
 2.04435E+03	 9.88333E+02
 2.04814E+03	 9.91767E+02
 2.05193E+03	 9.87367E+02
 2.05572E+03	 9.87633E+02
 2.05951E+03	 9.91700E+02
 2.06330E+03	 9.86600E+02
 2.06708E+03	 9.90333E+02
 2.07087E+03	 9.89400E+02
 2.07465E+03	 9.88033E+02
 2.07843E+03	 9.87733E+02
 2.08221E+03	 9.87767E+02
 2.08598E+03	 9.87167E+02
 2.08976E+03	 9.89600E+02
 2.09353E+03	 9.86833E+02
 2.09730E+03	 9.87100E+02
 2.10107E+03	 9.87133E+02
 2.10484E+03	 9.89200E+02
 2.10860E+03	 9.88767E+02
 2.11236E+03	 9.90900E+02
 2.11613E+03	 9.89733E+02
 2.11989E+03	 9.87800E+02
 2.12364E+03	 9.86433E+02
 2.12740E+03	 9.86667E+02
 2.13115E+03	 9.87900E+02
 2.13490E+03	 9.86967E+02
 2.13866E+03	 9.88700E+02
 2.14240E+03	 9.88700E+02
 2.14615E+03	 9.88767E+02
 2.14990E+03	 9.88400E+02
 2.15364E+03	 9.89133E+02
 2.15738E+03	 9.86667E+02
 2.16112E+03	 9.87567E+02
 2.16486E+03	 9.85900E+02
 2.16859E+03	 9.87267E+02
 2.17233E+03	 9.82600E+02
 2.17606E+03	 9.91167E+02
 2.17979E+03	 9.87167E+02
 2.18352E+03	 9.85467E+02
 2.18724E+03	 9.83300E+02
 2.19097E+03	 9.87867E+02
 2.19469E+03	 9.84900E+02
 2.19841E+03	 9.86333E+02
 2.20213E+03	 9.85933E+02
 2.20585E+03	 9.84733E+02
 2.20956E+03	 9.86167E+02
 2.21328E+03	 9.86300E+02
 2.21699E+03	 9.82367E+02
 2.22070E+03	 9.84100E+02
 2.22441E+03	 9.84333E+02
 2.22812E+03	 9.85900E+02
 2.23182E+03	 9.83367E+02
 2.23552E+03	 9.84833E+02
 2.23923E+03	 9.82667E+02
 2.24293E+03	 9.83033E+02
 2.24662E+03	 9.83500E+02
 2.25032E+03	 9.83967E+02
 2.25401E+03	 9.84700E+02
 2.25771E+03	 9.83567E+02
 2.26140E+03	 9.81533E+02
 2.26509E+03	 9.86800E+02
 2.26877E+03	 9.83100E+02
 2.27246E+03	 9.80567E+02
 2.27614E+03	 9.85800E+02
 2.27982E+03	 9.80600E+02
 2.28350E+03	 9.83567E+02
 2.28718E+03	 9.82267E+02
 2.29086E+03	 9.82067E+02
 2.29453E+03	 9.83100E+02
 2.29820E+03	 9.81400E+02
 2.30188E+03	 9.86900E+02
 2.30555E+03	 9.82400E+02
 2.30921E+03	 9.81033E+02
 2.31288E+03	 9.79700E+02
 2.31654E+03	 9.83867E+02
 2.32020E+03	 9.83033E+02
 2.32386E+03	 9.78600E+02
 2.32752E+03	 9.82767E+02
 2.33118E+03	 9.80800E+02
 2.33484E+03	 9.79600E+02
 2.33849E+03	 9.83567E+02
 2.34214E+03	 9.81033E+02
 2.34579E+03	 9.84700E+02
 2.34944E+03	 9.83100E+02
 2.35308E+03	 9.80033E+02
 2.35673E+03	 9.80267E+02
 2.36037E+03	 9.79533E+02
 2.36401E+03	 9.82867E+02
 2.36765E+03	 9.82667E+02
 2.37129E+03	 9.81967E+02
 2.37492E+03	 9.83367E+02
 2.37856E+03	 9.79100E+02
 2.38219E+03	 9.78600E+02
 2.38582E+03	 9.83200E+02
 2.38945E+03	 9.81967E+02
 2.39308E+03	 9.82333E+02
 2.39670E+03	 9.80167E+02
 2.40033E+03	 9.83233E+02
 2.40395E+03	 9.80600E+02
 2.40757E+03	 9.81600E+02
 2.41119E+03	 9.80733E+02
 2.41480E+03	 9.79833E+02
 2.41842E+03	 9.79400E+02
 2.42203E+03	 9.80333E+02
 2.42564E+03	 9.81500E+02
 2.42925E+03	 9.77867E+02
 2.43286E+03	 9.78600E+02
 2.43647E+03	 9.79900E+02
 2.44007E+03	 9.78567E+02
 2.44367E+03	 9.80333E+02
 2.44727E+03	 9.81800E+02
 2.45087E+03	 9.81700E+02
 2.45447E+03	 9.80167E+02
 2.45807E+03	 9.80100E+02
 2.46166E+03	 9.79733E+02
 2.46525E+03	 9.83200E+02
 2.46884E+03	 9.79567E+02
 2.47243E+03	 9.77900E+02
 2.47602E+03	 9.75567E+02
 2.47960E+03	 9.77900E+02
 2.48319E+03	 9.79967E+02
 2.48677E+03	 9.79200E+02
 2.49035E+03	 9.80167E+02
 2.49393E+03	 9.82533E+02
 2.49751E+03	 9.77933E+02
 2.50108E+03	 9.77000E+02
 2.50465E+03	 9.76467E+02
 2.50823E+03	 9.80133E+02
 2.51180E+03	 9.76900E+02
 2.51536E+03	 9.79033E+02
 2.51893E+03	 9.78967E+02
 2.52250E+03	 9.79033E+02
 2.52606E+03	 9.77733E+02
 2.52962E+03	 9.76300E+02
 2.53318E+03	 9.80400E+02
 2.53674E+03	 9.80467E+02
 2.54029E+03	 9.81767E+02
 2.54385E+03	 9.81633E+02
 2.54740E+03	 9.78033E+02
 2.55095E+03	 9.77533E+02
 2.55450E+03	 9.81033E+02
 2.55805E+03	 9.75700E+02
 2.56160E+03	 9.79433E+02
 2.56514E+03	 9.79633E+02
 2.56868E+03	 9.78600E+02
 2.57222E+03	 9.80700E+02
 2.57576E+03	 9.78767E+02
 2.57930E+03	 9.80367E+02
 2.58284E+03	 9.80833E+02
 2.58637E+03	 9.76667E+02
 2.58991E+03	 9.77833E+02
 2.59344E+03	 9.78633E+02
 2.59697E+03	 9.77900E+02
 2.60049E+03	 9.76033E+02
 2.60402E+03	 9.78633E+02
 2.60754E+03	 9.79200E+02
 2.61107E+03	 9.77300E+02
 2.61459E+03	 9.76667E+02
 2.61811E+03	 9.78233E+02
 2.62162E+03	 9.79300E+02
 2.62514E+03	 9.76567E+02
 2.62865E+03	 9.79900E+02
 2.63217E+03	 9.76033E+02
 2.63568E+03	 9.79000E+02
 2.63919E+03	 9.80700E+02
 2.64269E+03	 9.75700E+02
 2.64620E+03	 9.80433E+02
 2.64970E+03	 9.79600E+02
 2.65321E+03	 9.76833E+02
 2.65671E+03	 9.81833E+02
 2.66021E+03	 9.80233E+02
 2.66370E+03	 9.79300E+02
 2.66720E+03	 9.81000E+02
 2.67069E+03	 9.80100E+02
 2.67419E+03	 9.77233E+02
 2.67768E+03	 9.80967E+02
 2.68117E+03	 9.84133E+02
 2.68466E+03	 9.81267E+02
 2.68814E+03	 9.81567E+02
 2.69163E+03	 9.85533E+02
 2.69511E+03	 9.84500E+02
 2.69859E+03	 9.83600E+02
 2.70207E+03	 9.83800E+02
 2.70555E+03	 9.83467E+02
 2.70902E+03	 9.83633E+02
 2.71250E+03	 9.85367E+02
 2.71597E+03	 9.85500E+02
 2.71944E+03	 9.87933E+02
 2.72291E+03	 9.88500E+02
 2.72638E+03	 9.86667E+02
 2.72984E+03	 9.84967E+02
 2.73331E+03	 9.95500E+02
 2.73677E+03	 9.96367E+02
 2.74023E+03	 9.93633E+02
 2.74369E+03	 9.90667E+02
 2.74715E+03	 9.95567E+02
 2.75061E+03	 9.97367E+02
 2.75406E+03	 9.99300E+02
 2.75752E+03	 9.96533E+02
 2.76097E+03	 9.98167E+02
 2.76442E+03	 9.96667E+02
 2.76786E+03	 9.94767E+02
 2.77131E+03	 9.95667E+02
 2.77476E+03	 9.97433E+02
 2.77820E+03	 9.99833E+02
 2.78164E+03	 9.95767E+02
 2.78508E+03	 9.94933E+02
 2.78852E+03	 9.96733E+02
 2.79196E+03	 9.94200E+02
 2.79539E+03	 9.92467E+02
 2.79883E+03	 9.92767E+02
 2.80226E+03	 9.99433E+02
 2.80569E+03	 9.98467E+02
 2.80912E+03	 9.96233E+02
 2.81254E+03	 1.00120E+03
 2.81597E+03	 1.00107E+03
 2.81939E+03	 1.00647E+03
 2.82282E+03	 1.00820E+03
 2.82624E+03	 1.00410E+03
 2.82966E+03	 1.01063E+03
 2.83307E+03	 1.01447E+03
 2.83649E+03	 1.01953E+03
 2.83990E+03	 1.01617E+03
 2.84332E+03	 1.02117E+03
 2.84673E+03	 1.02210E+03
 2.85014E+03	 1.02943E+03
 2.85354E+03	 1.03867E+03
 2.85695E+03	 1.03810E+03
 2.86036E+03	 1.05237E+03
 2.86376E+03	 1.05083E+03
 2.86716E+03	 1.05940E+03
 2.87056E+03	 1.07077E+03
 2.87396E+03	 1.08073E+03
 2.87736E+03	 1.08853E+03
 2.88075E+03	 1.09683E+03
 2.88414E+03	 1.12093E+03
 2.88754E+03	 1.12803E+03
 2.89093E+03	 1.14757E+03
 2.89431E+03	 1.15590E+03
 2.89770E+03	 1.17613E+03
 2.90109E+03	 1.18097E+03
 2.90447E+03	 1.17243E+03
 2.90785E+03	 1.17693E+03
 2.91123E+03	 1.17333E+03
 2.91461E+03	 1.16500E+03
 2.91799E+03	 1.15617E+03
 2.92137E+03	 1.15993E+03
 2.92474E+03	 1.16093E+03
 2.92811E+03	 1.16330E+03
 2.93149E+03	 1.16757E+03
 2.93486E+03	 1.17417E+03
 2.93822E+03	 1.18153E+03
 2.94159E+03	 1.20310E+03
 2.94496E+03	 1.19620E+03
 2.94832E+03	 1.18183E+03
 2.95168E+03	 1.19883E+03
 2.95504E+03	 1.19697E+03
 2.95840E+03	 1.18187E+03
 2.96176E+03	 1.17193E+03
 2.96511E+03	 1.16650E+03
 2.96847E+03	 1.16710E+03
 2.97182E+03	 1.14437E+03
 2.97517E+03	 1.14047E+03
 2.97852E+03	 1.13487E+03
 2.98187E+03	 1.11560E+03
 2.98521E+03	 1.10243E+03
 2.98856E+03	 1.08220E+03
 2.99190E+03	 1.06743E+03
 2.99524E+03	 1.05230E+03
 2.99858E+03	 1.04233E+03
 3.00192E+03	 1.02937E+03
 3.00526E+03	 1.01763E+03
 3.00859E+03	 1.00970E+03
 3.01193E+03	 1.00333E+03
 3.01526E+03	 9.99200E+02
 3.01859E+03	 9.93333E+02
 3.02192E+03	 9.89533E+02
 3.02525E+03	 9.85700E+02
 3.02857E+03	 9.84233E+02
 3.03190E+03	 9.79500E+02
 3.03522E+03	 9.81333E+02
 3.03854E+03	 9.80467E+02
 3.04186E+03	 9.77833E+02
 3.04518E+03	 9.79533E+02
 3.04850E+03	 9.77667E+02
 3.05181E+03	 9.70933E+02
 3.05512E+03	 9.74133E+02
 3.05844E+03	 9.75000E+02
 3.06175E+03	 9.70833E+02
 3.06506E+03	 9.71233E+02
 3.06836E+03	 9.67300E+02
 3.07167E+03	 9.74000E+02
 3.07497E+03	 9.67833E+02
 3.07828E+03	 9.68400E+02
 3.08158E+03	 9.70733E+02
 3.08488E+03	 9.71367E+02
 3.08818E+03	 9.70633E+02
 3.09147E+03	 9.71833E+02
 3.09477E+03	 9.70967E+02
 3.09806E+03	 9.69933E+02
 3.10135E+03	 9.68533E+02
 3.10464E+03	 9.69000E+02
 3.10793E+03	 9.71600E+02
 3.11122E+03	 9.70733E+02
 3.11451E+03	 9.69867E+02
 3.11779E+03	 9.69367E+02
 3.12107E+03	 9.71533E+02
 3.12436E+03	 9.69700E+02
 3.12764E+03	 9.71100E+02
 3.13091E+03	 9.71267E+02
 3.13419E+03	 9.69267E+02
 3.13747E+03	 9.67800E+02
 3.14074E+03	 9.70233E+02
 3.14401E+03	 9.67767E+02
 3.14728E+03	 9.72800E+02
 3.15055E+03	 9.72300E+02
 3.15382E+03	 9.73000E+02
 3.15709E+03	 9.73167E+02
 3.16035E+03	 9.71133E+02
 3.16362E+03	 9.75233E+02
 3.16688E+03	 9.70900E+02
 3.17014E+03	 9.74567E+02
 3.17340E+03	 9.74367E+02
 3.17665E+03	 9.75433E+02
 3.17991E+03	 9.74333E+02
 3.18316E+03	 9.72867E+02
 3.18642E+03	 9.74567E+02
 3.18967E+03	 9.75433E+02
 3.19292E+03	 9.78500E+02
 3.19617E+03	 9.77933E+02
 3.19941E+03	 9.74900E+02
 3.20266E+03	 9.75133E+02
 3.20590E+03	 9.76600E+02
 3.20914E+03	 9.79867E+02
 3.21238E+03	 9.76600E+02
 3.21562E+03	 9.76333E+02
 3.21886E+03	 9.78933E+02
 3.22210E+03	 9.78700E+02
 3.22533E+03	 9.79300E+02
 3.22857E+03	 9.76700E+02
 3.23180E+03	 9.81333E+02
 3.23503E+03	 9.83000E+02
 3.23826E+03	 9.84167E+02
 3.24148E+03	 9.77833E+02
 3.24471E+03	 9.80567E+02
 3.24793E+03	 9.79033E+02
 3.25116E+03	 9.83800E+02
 3.25438E+03	 9.78333E+02
 3.25760E+03	 9.82967E+02
 3.26082E+03	 9.83367E+02
 3.26403E+03	 9.84667E+02
 3.26725E+03	 9.82633E+02
 3.27046E+03	 9.78967E+02
 3.27368E+03	 9.80033E+02
 3.27689E+03	 9.81267E+02
 3.28010E+03	 9.89233E+02
 3.28331E+03	 9.84500E+02
 3.28651E+03	 9.85400E+02
 3.28972E+03	 9.83200E+02
 3.29292E+03	 9.87167E+02
 3.29612E+03	 9.85100E+02
 3.29932E+03	 9.82733E+02
 3.30252E+03	 9.83600E+02
 3.30572E+03	 9.79733E+02
 3.30892E+03	 9.79500E+02
 3.31211E+03	 9.85133E+02
 3.31531E+03	 9.82333E+02
 3.31850E+03	 9.84733E+02
 3.32169E+03	 9.86200E+02
 3.32488E+03	 9.80800E+02
 3.32807E+03	 9.86033E+02
 3.33125E+03	 9.83367E+02
 3.33444E+03	 9.81367E+02
 3.33762E+03	 9.84600E+02
 3.34080E+03	 9.81933E+02
 3.34398E+03	 9.86900E+02
 3.34716E+03	 9.87767E+02
 3.35034E+03	 9.85667E+02
 3.35351E+03	 9.88733E+02
 3.35669E+03	 9.83967E+02
 3.35986E+03	 9.80800E+02
 3.36303E+03	 9.83533E+02
 3.36620E+03	 9.86100E+02
 3.36937E+03	 9.87533E+02
 3.37254E+03	 9.83800E+02
 3.37570E+03	 9.87167E+02
 3.37887E+03	 9.85833E+02
 3.38203E+03	 9.85500E+02
 3.38519E+03	 9.82567E+02
 3.38835E+03	 9.85000E+02
 3.39151E+03	 9.84967E+02
 3.39467E+03	 9.87000E+02
 3.39782E+03	 9.88367E+02
 3.40098E+03	 9.82367E+02
 3.40413E+03	 9.86067E+02
 3.40728E+03	 9.83833E+02
 3.41043E+03	 9.84667E+02
 3.41358E+03	 9.85867E+02
 3.41673E+03	 9.86567E+02
 3.41987E+03	 9.86533E+02
 3.42302E+03	 9.78633E+02
 3.42616E+03	 9.81267E+02
 3.42930E+03	 9.87400E+02
 3.43244E+03	 9.84800E+02
 3.43558E+03	 9.81467E+02
 3.43872E+03	 9.85400E+02
 3.44185E+03	 9.82167E+02
 3.44499E+03	 9.82167E+02
 3.44812E+03	 9.79467E+02
 3.45125E+03	 9.79100E+02
 3.45438E+03	 9.80333E+02
 3.45751E+03	 9.81467E+02
 3.46064E+03	 9.80700E+02
 3.46376E+03	 9.79133E+02
 3.46689E+03	 9.80533E+02
 3.47001E+03	 9.79600E+02
 3.47313E+03	 9.75800E+02
 3.47625E+03	 9.75967E+02
 3.47937E+03	 9.75133E+02
 3.48249E+03	 9.73300E+02
 3.48560E+03	 9.73433E+02
 3.48872E+03	 9.72233E+02
 3.49183E+03	 9.73567E+02
 3.49494E+03	 9.72967E+02
 3.49805E+03	 9.67900E+02
 3.50116E+03	 9.70300E+02
 3.50427E+03	 9.68567E+02
 3.50737E+03	 9.67333E+02
 3.51048E+03	 9.67900E+02
 3.51358E+03	 9.69000E+02
 3.51668E+03	 9.63700E+02
 3.51978E+03	 9.68267E+02
 3.52288E+03	 9.66733E+02
 3.52598E+03	 9.59800E+02
 3.52907E+03	 9.60933E+02
 3.53217E+03	 9.60500E+02
 3.53526E+03	 9.61633E+02
 3.53835E+03	 9.60433E+02
 3.54144E+03	 9.61800E+02
 3.54453E+03	 9.58433E+02
 3.54762E+03	 9.58900E+02
 3.55071E+03	 9.55767E+02
 3.55379E+03	 9.52700E+02
 3.55687E+03	 9.57500E+02
 3.55996E+03	 9.54933E+02
 3.56304E+03	 9.53300E+02
 3.56612E+03	 9.54000E+02
 3.56919E+03	 9.54767E+02
 3.57227E+03	 9.53267E+02
 3.57535E+03	 9.51633E+02
 3.57842E+03	 9.49133E+02
 3.58149E+03	 9.47800E+02
 3.58456E+03	 9.50833E+02
 3.58763E+03	 9.50800E+02
 3.59070E+03	 9.48733E+02
 3.59377E+03	 9.45333E+02
 3.59683E+03	 9.45833E+02
 3.59990E+03	 9.47533E+02
 3.60296E+03	 9.50633E+02
 3.60602E+03	 9.46900E+02
 3.60908E+03	 9.44067E+02
 3.61214E+03	 9.42700E+02
 3.61519E+03	 9.43433E+02
 3.61825E+03	 9.46533E+02
 3.62130E+03	 9.41567E+02
 3.62436E+03	 9.42433E+02
 3.62741E+03	 9.40067E+02
 3.63046E+03	 9.41467E+02
 3.63351E+03	 9.41033E+02
 3.63656E+03	 9.40433E+02
 3.63960E+03	 9.37967E+02
 3.64265E+03	 9.37867E+02
 3.64569E+03	 9.37800E+02
 3.64873E+03	 9.38700E+02
 3.65177E+03	 9.37633E+02
 3.65481E+03	 9.37000E+02
 3.65785E+03	 9.36067E+02
 3.66089E+03	 9.38433E+02
 3.66392E+03	 9.37367E+02
 3.66695E+03	 9.34133E+02
 3.66999E+03	 9.36033E+02
 3.67302E+03	 9.34933E+02
 3.67605E+03	 9.35333E+02
 3.67908E+03	 9.34200E+02
 3.68210E+03	 9.35100E+02
 3.68513E+03	 9.33433E+02
 3.68815E+03	 9.32167E+02
 3.69117E+03	 9.31633E+02
 3.69420E+03	 9.32100E+02
 3.69722E+03	 9.31800E+02
 3.70023E+03	 9.34833E+02
 3.70325E+03	 9.33300E+02
 3.70627E+03	 9.31500E+02
 3.70928E+03	 9.31367E+02
 3.71230E+03	 9.28633E+02
 3.71531E+03	 9.30200E+02
 3.71832E+03	 9.27533E+02
 3.72133E+03	 9.34867E+02
 3.72434E+03	 9.31933E+02
 3.72734E+03	 9.34200E+02
 3.73035E+03	 9.31267E+02
 3.73335E+03	 9.33800E+02
 3.73635E+03	 9.30200E+02
 3.73936E+03	 9.29100E+02
 3.74236E+03	 9.27133E+02
 3.74535E+03	 9.29367E+02
 3.74835E+03	 9.27933E+02
 3.75135E+03	 9.27600E+02
 3.75434E+03	 9.28433E+02
 3.75733E+03	 9.28633E+02
 3.76033E+03	 9.27267E+02
 3.76332E+03	 9.28633E+02
 3.76631E+03	 9.28333E+02
 3.76929E+03	 9.27300E+02
 3.77228E+03	 9.26800E+02
 3.77527E+03	 9.28867E+02
 3.77825E+03	 9.26333E+02
 3.78123E+03	 9.28800E+02
 3.78421E+03	 9.29267E+02
 3.78719E+03	 9.26500E+02
