-1.40382E+02	 9.05000E+02
-1.35457E+02	 9.06100E+02
-1.30535E+02	 9.05100E+02
-1.25616E+02	 9.05767E+02
-1.20700E+02	 9.07167E+02
-1.15786E+02	 9.05867E+02
-1.10875E+02	 9.05200E+02
-1.05967E+02	 9.05700E+02
-1.01061E+02	 9.05033E+02
-9.61580E+01	 9.07000E+02
-9.12576E+01	 9.06467E+02
-8.63599E+01	 9.05333E+02
-8.14648E+01	 9.06300E+02
-7.65724E+01	 9.05800E+02
-7.16827E+01	 9.06300E+02
-6.67956E+01	 9.07733E+02
-6.19111E+01	 9.07633E+02
-5.70293E+01	 9.05533E+02
-5.21502E+01	 9.07100E+02
-4.72737E+01	 9.05633E+02
-4.23998E+01	 9.05767E+02
-3.75286E+01	 9.06600E+02
-3.26600E+01	 9.07500E+02
-2.77941E+01	 9.07100E+02
-2.29308E+01	 9.07633E+02
-1.80701E+01	 9.08200E+02
-1.32121E+01	 9.07900E+02
-8.35667E+00	 9.08433E+02
-3.50389E+00	 9.10200E+02
 1.34626E+00	 9.14900E+02
 6.19379E+00	 9.80100E+02
 1.10387E+01	 1.85787E+03
 1.58810E+01	 3.22397E+03
 2.07207E+01	 2.39233E+03
 2.55577E+01	 1.06143E+03
 3.03922E+01	 9.16600E+02
 3.52240E+01	 9.09600E+02
 4.00532E+01	 9.07967E+02
 4.48798E+01	 9.07733E+02
 4.97038E+01	 9.07733E+02
 5.45252E+01	 9.06933E+02
 5.93440E+01	 9.08000E+02
 6.41602E+01	 9.08133E+02
 6.89738E+01	 9.08367E+02
 7.37848E+01	 9.14867E+02
 7.85932E+01	 9.31733E+02
 8.33991E+01	 9.75400E+02
 8.82023E+01	 1.06697E+03
 9.30029E+01	 1.16883E+03
 9.78010E+01	 1.24667E+03
 1.02596E+02	 1.25130E+03
 1.07389E+02	 1.26010E+03
 1.12180E+02	 1.26877E+03
 1.16967E+02	 1.25300E+03
 1.21753E+02	 1.23663E+03
 1.26535E+02	 1.23010E+03
 1.31315E+02	 1.23077E+03
 1.36093E+02	 1.21360E+03
 1.40867E+02	 1.21227E+03
 1.45640E+02	 1.21030E+03
 1.50409E+02	 1.20500E+03
 1.55177E+02	 1.18433E+03
 1.59941E+02	 1.17610E+03
 1.64703E+02	 1.17240E+03
 1.69463E+02	 1.15970E+03
 1.74220E+02	 1.14890E+03
 1.78974E+02	 1.14723E+03
 1.83726E+02	 1.13987E+03
 1.88475E+02	 1.13460E+03
 1.93222E+02	 1.12867E+03
 1.97966E+02	 1.13027E+03
 2.02708E+02	 1.12030E+03
 2.07447E+02	 1.11667E+03
 2.12184E+02	 1.11857E+03
 2.16918E+02	 1.10793E+03
 2.21649E+02	 1.11347E+03
 2.26378E+02	 1.11527E+03
 2.31105E+02	 1.10097E+03
 2.35829E+02	 1.10240E+03
 2.40550E+02	 1.09597E+03
 2.45269E+02	 1.10117E+03
 2.49985E+02	 1.09123E+03
 2.54699E+02	 1.09187E+03
 2.59410E+02	 1.09417E+03
 2.64119E+02	 1.09267E+03
 2.68825E+02	 1.08130E+03
 2.73529E+02	 1.08307E+03
 2.78230E+02	 1.08523E+03
 2.82929E+02	 1.08640E+03
 2.87625E+02	 1.07557E+03
 2.92319E+02	 1.07747E+03
 2.97010E+02	 1.07210E+03
 3.01699E+02	 1.07537E+03
 3.06385E+02	 1.07407E+03
 3.11069E+02	 1.07210E+03
 3.15750E+02	 1.07477E+03
 3.20428E+02	 1.06660E+03
 3.25105E+02	 1.07333E+03
 3.29778E+02	 1.07300E+03
 3.34450E+02	 1.07277E+03
 3.39118E+02	 1.07120E+03
 3.43785E+02	 1.06123E+03
 3.48448E+02	 1.06210E+03
 3.53110E+02	 1.06643E+03
 3.57768E+02	 1.06273E+03
 3.62425E+02	 1.05540E+03
 3.67079E+02	 1.06400E+03
 3.71730E+02	 1.05963E+03
 3.76379E+02	 1.05563E+03
 3.81025E+02	 1.06187E+03
 3.85669E+02	 1.05770E+03
 3.90311E+02	 1.06127E+03
 3.94950E+02	 1.06957E+03
 3.99586E+02	 1.07590E+03
 4.04220E+02	 1.06813E+03
 4.08852E+02	 1.06603E+03
 4.13481E+02	 1.07030E+03
 4.18108E+02	 1.07633E+03
 4.22732E+02	 1.09057E+03
 4.27354E+02	 1.10173E+03
 4.31973E+02	 1.10610E+03
 4.36590E+02	 1.11430E+03
 4.41205E+02	 1.10347E+03
 4.45817E+02	 1.08937E+03
 4.50426E+02	 1.08360E+03
 4.55034E+02	 1.07157E+03
 4.59638E+02	 1.06783E+03
 4.64241E+02	 1.05720E+03
 4.68840E+02	 1.06517E+03
 4.73438E+02	 1.06400E+03
 4.78033E+02	 1.06593E+03
 4.82625E+02	 1.07313E+03
 4.87215E+02	 1.08540E+03
 4.91803E+02	 1.10673E+03
 4.96388E+02	 1.13403E+03
 5.00971E+02	 1.14797E+03
 5.05552E+02	 1.15180E+03
 5.10129E+02	 1.14607E+03
 5.14705E+02	 1.12903E+03
 5.19278E+02	 1.10233E+03
 5.23849E+02	 1.07980E+03
 5.28417E+02	 1.06663E+03
 5.32983E+02	 1.05987E+03
 5.37547E+02	 1.05710E+03
 5.42108E+02	 1.04947E+03
 5.46666E+02	 1.05047E+03
 5.51223E+02	 1.04527E+03
 5.55777E+02	 1.05440E+03
 5.60328E+02	 1.05307E+03
 5.64877E+02	 1.06010E+03
 5.69424E+02	 1.06213E+03
 5.73968E+02	 1.05760E+03
 5.78510E+02	 1.05040E+03
 5.83049E+02	 1.04953E+03
 5.87587E+02	 1.05107E+03
 5.92121E+02	 1.04590E+03
 5.96654E+02	 1.04853E+03
 6.01184E+02	 1.04283E+03
 6.05711E+02	 1.03923E+03
 6.10236E+02	 1.03913E+03
 6.14759E+02	 1.03757E+03
 6.19280E+02	 1.04093E+03
 6.23798E+02	 1.03443E+03
 6.28313E+02	 1.03430E+03
 6.32827E+02	 1.04083E+03
 6.37338E+02	 1.03643E+03
 6.41846E+02	 1.04120E+03
 6.46352E+02	 1.04113E+03
 6.50856E+02	 1.04037E+03
 6.55358E+02	 1.03907E+03
 6.59857E+02	 1.04117E+03
 6.64354E+02	 1.04343E+03
 6.68848E+02	 1.04653E+03
 6.73340E+02	 1.05057E+03
 6.77830E+02	 1.04927E+03
 6.82317E+02	 1.06520E+03
 6.86802E+02	 1.06857E+03
 6.91285E+02	 1.06940E+03
 6.95765E+02	 1.07540E+03
 7.00243E+02	 1.06607E+03
 7.04718E+02	 1.05740E+03
 7.09192E+02	 1.04797E+03
 7.13663E+02	 1.04403E+03
 7.18131E+02	 1.04380E+03
 7.22597E+02	 1.03570E+03
 7.27061E+02	 1.02943E+03
 7.31523E+02	 1.03210E+03
 7.35982E+02	 1.02760E+03
 7.40439E+02	 1.03163E+03
 7.44894E+02	 1.03217E+03
 7.49346E+02	 1.02753E+03
 7.53796E+02	 1.02720E+03
 7.58243E+02	 1.02470E+03
 7.62689E+02	 1.02617E+03
 7.67132E+02	 1.02403E+03
 7.71572E+02	 1.02153E+03
 7.76011E+02	 1.02800E+03
 7.80447E+02	 1.02823E+03
 7.84880E+02	 1.03007E+03
 7.89312E+02	 1.03027E+03
 7.93741E+02	 1.02920E+03
 7.98167E+02	 1.03210E+03
 8.02592E+02	 1.03907E+03
 8.07014E+02	 1.04053E+03
 8.11434E+02	 1.03613E+03
 8.15851E+02	 1.04167E+03
 8.20267E+02	 1.04260E+03
 8.24680E+02	 1.05677E+03
 8.29090E+02	 1.07277E+03
 8.33499E+02	 1.09980E+03
 8.37905E+02	 1.11880E+03
 8.42309E+02	 1.12517E+03
 8.46710E+02	 1.11953E+03
 8.51109E+02	 1.11177E+03
 8.55506E+02	 1.12980E+03
 8.59901E+02	 1.15120E+03
 8.64293E+02	 1.17953E+03
 8.68683E+02	 1.20130E+03
 8.73071E+02	 1.21023E+03
 8.77456E+02	 1.18247E+03
 8.81840E+02	 1.16577E+03
 8.86221E+02	 1.14077E+03
 8.90599E+02	 1.10880E+03
 8.94976E+02	 1.08253E+03
 8.99350E+02	 1.05727E+03
 9.03722E+02	 1.04513E+03
 9.08091E+02	 1.03563E+03
 9.12459E+02	 1.03853E+03
 9.16824E+02	 1.04747E+03
 9.21187E+02	 1.05893E+03
 9.25547E+02	 1.07257E+03
 9.29905E+02	 1.08830E+03
 9.34261E+02	 1.10337E+03
 9.38615E+02	 1.10683E+03
 9.42967E+02	 1.12223E+03
 9.47316E+02	 1.11807E+03
 9.51663E+02	 1.09773E+03
 9.56008E+02	 1.06890E+03
 9.60350E+02	 1.04933E+03
 9.64691E+02	 1.03623E+03
 9.69029E+02	 1.02563E+03
 9.73364E+02	 1.02763E+03
 9.77698E+02	 1.02647E+03
 9.82029E+02	 1.03023E+03
 9.86358E+02	 1.04460E+03
 9.90685E+02	 1.05520E+03
 9.95010E+02	 1.05883E+03
 9.99332E+02	 1.05000E+03
 1.00365E+03	 1.04703E+03
 1.00797E+03	 1.03817E+03
 1.01229E+03	 1.03067E+03
 1.01660E+03	 1.02743E+03
 1.02091E+03	 1.02763E+03
 1.02522E+03	 1.03143E+03
 1.02953E+03	 1.03363E+03
 1.03383E+03	 1.04080E+03
 1.03813E+03	 1.04683E+03
 1.04243E+03	 1.06093E+03
 1.04673E+03	 1.08010E+03
 1.05103E+03	 1.10077E+03
 1.05532E+03	 1.13180E+03
 1.05961E+03	 1.16010E+03
 1.06390E+03	 1.18640E+03
 1.06819E+03	 1.20377E+03
 1.07247E+03	 1.20210E+03
 1.07676E+03	 1.19637E+03
 1.08104E+03	 1.18807E+03
 1.08531E+03	 1.16943E+03
 1.08959E+03	 1.16843E+03
 1.09386E+03	 1.15430E+03
 1.09813E+03	 1.14673E+03
 1.10240E+03	 1.14183E+03
 1.10667E+03	 1.13640E+03
 1.11094E+03	 1.14037E+03
 1.11520E+03	 1.13040E+03
 1.11946E+03	 1.12357E+03
 1.12372E+03	 1.12630E+03
 1.12797E+03	 1.14263E+03
 1.13223E+03	 1.13277E+03
 1.13648E+03	 1.12093E+03
 1.14073E+03	 1.10677E+03
 1.14498E+03	 1.07903E+03
 1.14922E+03	 1.05423E+03
 1.15347E+03	 1.03923E+03
 1.15771E+03	 1.03187E+03
 1.16194E+03	 1.02390E+03
 1.16618E+03	 1.02137E+03
 1.17042E+03	 1.01913E+03
 1.17465E+03	 1.01463E+03
 1.17888E+03	 1.01697E+03
 1.18311E+03	 1.01863E+03
 1.18733E+03	 1.01807E+03
 1.19156E+03	 1.01580E+03
 1.19578E+03	 1.02063E+03
 1.20000E+03	 1.02070E+03
 1.20421E+03	 1.02240E+03
 1.20843E+03	 1.02863E+03
 1.21264E+03	 1.02917E+03
 1.21685E+03	 1.03623E+03
 1.22106E+03	 1.04560E+03
 1.22527E+03	 1.04673E+03
 1.22947E+03	 1.05013E+03
 1.23367E+03	 1.05383E+03
 1.23787E+03	 1.06113E+03
 1.24207E+03	 1.06090E+03
 1.24627E+03	 1.06273E+03
 1.25046E+03	 1.07183E+03
 1.25465E+03	 1.07757E+03
 1.25884E+03	 1.08713E+03
 1.26303E+03	 1.08983E+03
 1.26721E+03	 1.09873E+03
 1.27140E+03	 1.09457E+03
 1.27558E+03	 1.08923E+03
 1.27975E+03	 1.09250E+03
 1.28393E+03	 1.09160E+03
 1.28811E+03	 1.08730E+03
 1.29228E+03	 1.08027E+03
 1.29645E+03	 1.08533E+03
 1.30062E+03	 1.07680E+03
 1.30478E+03	 1.07263E+03
 1.30895E+03	 1.06777E+03
 1.31311E+03	 1.06553E+03
 1.31727E+03	 1.06507E+03
 1.32142E+03	 1.06700E+03
 1.32558E+03	 1.06873E+03
 1.32973E+03	 1.06950E+03
 1.33388E+03	 1.07120E+03
 1.33803E+03	 1.06813E+03
 1.34218E+03	 1.06737E+03
 1.34632E+03	 1.06670E+03
 1.35047E+03	 1.06990E+03
 1.35461E+03	 1.07067E+03
 1.35875E+03	 1.07513E+03
 1.36288E+03	 1.07543E+03
 1.36702E+03	 1.07737E+03
 1.37115E+03	 1.08177E+03
 1.37528E+03	 1.07823E+03
 1.37941E+03	 1.06573E+03
 1.38353E+03	 1.06797E+03
 1.38766E+03	 1.05853E+03
 1.39178E+03	 1.05980E+03
 1.39590E+03	 1.06133E+03
 1.40001E+03	 1.05610E+03
 1.40413E+03	 1.06120E+03
 1.40824E+03	 1.05823E+03
 1.41235E+03	 1.05400E+03
 1.41646E+03	 1.05567E+03
 1.42057E+03	 1.05810E+03
 1.42468E+03	 1.05727E+03
 1.42878E+03	 1.05470E+03
 1.43288E+03	 1.05113E+03
 1.43698E+03	 1.05357E+03
 1.44107E+03	 1.05097E+03
 1.44517E+03	 1.05240E+03
 1.44926E+03	 1.05050E+03
 1.45335E+03	 1.05163E+03
 1.45744E+03	 1.05110E+03
 1.46153E+03	 1.06060E+03
 1.46561E+03	 1.07310E+03
 1.46969E+03	 1.09663E+03
 1.47377E+03	 1.13773E+03
 1.47785E+03	 1.16083E+03
 1.48193E+03	 1.18213E+03
 1.48600E+03	 1.17877E+03
 1.49007E+03	 1.15863E+03
 1.49414E+03	 1.13113E+03
 1.49821E+03	 1.09407E+03
 1.50228E+03	 1.05807E+03
 1.50634E+03	 1.03570E+03
 1.51040E+03	 1.02153E+03
 1.51446E+03	 1.01430E+03
 1.51852E+03	 1.00950E+03
 1.52258E+03	 1.00817E+03
 1.52663E+03	 1.00157E+03
 1.53068E+03	 1.00550E+03
 1.53473E+03	 1.00057E+03
 1.53878E+03	 9.99600E+02
 1.54282E+03	 9.99767E+02
 1.54687E+03	 9.94433E+02
 1.55091E+03	 9.99500E+02
 1.55495E+03	 9.96767E+02
 1.55899E+03	 9.97600E+02
 1.56302E+03	 9.98067E+02
 1.56705E+03	 9.98033E+02
 1.57109E+03	 9.95733E+02
 1.57512E+03	 1.00060E+03
 1.57914E+03	 9.99600E+02
 1.58317E+03	 9.98467E+02
 1.58719E+03	 9.98167E+02
 1.59121E+03	 9.98200E+02
 1.59523E+03	 9.95633E+02
 1.59925E+03	 9.96467E+02
 1.60326E+03	 9.96933E+02
 1.60728E+03	 9.97400E+02
 1.61129E+03	 9.96333E+02
 1.61530E+03	 9.96967E+02
 1.61930E+03	 9.97033E+02
 1.62331E+03	 9.96700E+02
 1.62731E+03	 9.96033E+02
 1.63131E+03	 9.98233E+02
 1.63531E+03	 9.96033E+02
 1.63931E+03	 9.95900E+02
 1.64330E+03	 9.98500E+02
 1.64730E+03	 9.92633E+02
 1.65129E+03	 9.92367E+02
 1.65528E+03	 9.94067E+02
 1.65926E+03	 9.96500E+02
 1.66325E+03	 9.95100E+02
 1.66723E+03	 9.93533E+02
 1.67121E+03	 9.95000E+02
 1.67519E+03	 9.95400E+02
 1.67917E+03	 9.91367E+02
 1.68314E+03	 9.93333E+02
 1.68712E+03	 9.93833E+02
 1.69109E+03	 9.96933E+02
 1.69506E+03	 9.93800E+02
 1.69903E+03	 9.96500E+02
 1.70299E+03	 9.91633E+02
 1.70695E+03	 9.91400E+02
 1.71092E+03	 9.89867E+02
 1.71487E+03	 9.90167E+02
 1.71883E+03	 9.92100E+02
 1.72279E+03	 9.91267E+02
 1.72674E+03	 9.91633E+02
 1.73069E+03	 9.90600E+02
 1.73464E+03	 9.90133E+02
 1.73859E+03	 9.87733E+02
 1.74253E+03	 9.87233E+02
 1.74648E+03	 9.88267E+02
 1.75042E+03	 9.86867E+02
 1.75436E+03	 9.89100E+02
 1.75830E+03	 9.89200E+02
 1.76223E+03	 9.89267E+02
 1.76617E+03	 9.87933E+02
 1.77010E+03	 9.87433E+02
 1.77403E+03	 9.86667E+02
 1.77796E+03	 9.86867E+02
 1.78188E+03	 9.86533E+02
 1.78581E+03	 9.87367E+02
 1.78973E+03	 9.87600E+02
 1.79365E+03	 9.88800E+02
 1.79757E+03	 9.86800E+02
 1.80148E+03	 9.87867E+02
 1.80540E+03	 9.86367E+02
 1.80931E+03	 9.89100E+02
 1.81322E+03	 9.85600E+02
 1.81713E+03	 9.85567E+02
 1.82104E+03	 9.85267E+02
 1.82494E+03	 9.87033E+02
 1.82884E+03	 9.86567E+02
 1.83274E+03	 9.90567E+02
 1.83664E+03	 9.87567E+02
 1.84054E+03	 9.85500E+02
 1.84443E+03	 9.84433E+02
 1.84833E+03	 9.85533E+02
 1.85222E+03	 9.87000E+02
 1.85611E+03	 9.85100E+02
 1.85999E+03	 9.85967E+02
 1.86388E+03	 9.84733E+02
 1.86776E+03	 9.82600E+02
 1.87164E+03	 9.86900E+02
 1.87552E+03	 9.88433E+02
 1.87940E+03	 9.84733E+02
 1.88328E+03	 9.84267E+02
 1.88715E+03	 9.84333E+02
 1.89102E+03	 9.86633E+02
 1.89489E+03	 9.87000E+02
 1.89876E+03	 9.86867E+02
 1.90263E+03	 9.86233E+02
 1.90649E+03	 9.82200E+02
 1.91035E+03	 9.86267E+02
 1.91421E+03	 9.87267E+02
 1.91807E+03	 9.86800E+02
 1.92193E+03	 9.86233E+02
 1.92578E+03	 9.85233E+02
 1.92964E+03	 9.85067E+02
 1.93349E+03	 9.84967E+02
 1.93734E+03	 9.83733E+02
 1.94118E+03	 9.84300E+02
 1.94503E+03	 9.84033E+02
 1.94887E+03	 9.86833E+02
 1.95271E+03	 9.84067E+02
 1.95655E+03	 9.84267E+02
 1.96039E+03	 9.83367E+02
 1.96423E+03	 9.87967E+02
 1.96806E+03	 9.82767E+02
 1.97189E+03	 9.83700E+02
 1.97572E+03	 9.84900E+02
 1.97955E+03	 9.87300E+02
 1.98338E+03	 9.84933E+02
 1.98720E+03	 9.82767E+02
 1.99103E+03	 9.82100E+02
 1.99485E+03	 9.84167E+02
 1.99866E+03	 9.86567E+02
 2.00248E+03	 9.87567E+02
 2.00630E+03	 9.81633E+02
 2.01011E+03	 9.84067E+02
 2.01392E+03	 9.84200E+02
 2.01773E+03	 9.84167E+02
 2.02154E+03	 9.85800E+02
 2.02534E+03	 9.85767E+02
 2.02915E+03	 9.84933E+02
 2.03295E+03	 9.85700E+02
 2.03675E+03	 9.84867E+02
 2.04055E+03	 9.84633E+02
 2.04435E+03	 9.85667E+02
 2.04814E+03	 9.85900E+02
 2.05193E+03	 9.84133E+02
 2.05572E+03	 9.82700E+02
 2.05951E+03	 9.84367E+02
 2.06330E+03	 9.86500E+02
 2.06708E+03	 9.86533E+02
 2.07087E+03	 9.82467E+02
 2.07465E+03	 9.80500E+02
 2.07843E+03	 9.83333E+02
 2.08221E+03	 9.86467E+02
 2.08598E+03	 9.85500E+02
 2.08976E+03	 9.81433E+02
 2.09353E+03	 9.86467E+02
 2.09730E+03	 9.84833E+02
 2.10107E+03	 9.82700E+02
 2.10484E+03	 9.89900E+02
 2.10860E+03	 9.85600E+02
 2.11236E+03	 9.86900E+02
 2.11613E+03	 9.81033E+02
 2.11989E+03	 9.87000E+02
 2.12364E+03	 9.89133E+02
 2.12740E+03	 9.82433E+02
 2.13115E+03	 9.87200E+02
 2.13490E+03	 9.86933E+02
 2.13866E+03	 9.85367E+02
 2.14240E+03	 9.83833E+02
 2.14615E+03	 9.85833E+02
 2.14990E+03	 9.87667E+02
 2.15364E+03	 9.86000E+02
 2.15738E+03	 9.84200E+02
 2.16112E+03	 9.85600E+02
 2.16486E+03	 9.84567E+02
 2.16859E+03	 9.83833E+02
 2.17233E+03	 9.85000E+02
 2.17606E+03	 9.85633E+02
 2.17979E+03	 9.89600E+02
 2.18352E+03	 9.84367E+02
 2.18724E+03	 9.85833E+02
 2.19097E+03	 9.83667E+02
 2.19469E+03	 9.86633E+02
 2.19841E+03	 9.85467E+02
 2.20213E+03	 9.86633E+02
 2.20585E+03	 9.83800E+02
 2.20956E+03	 9.84933E+02
 2.21328E+03	 9.88000E+02
 2.21699E+03	 9.82900E+02
 2.22070E+03	 9.84000E+02
 2.22441E+03	 9.85133E+02
 2.22812E+03	 9.82767E+02
 2.23182E+03	 9.83433E+02
 2.23552E+03	 9.85000E+02
 2.23923E+03	 9.83967E+02
 2.24293E+03	 9.84900E+02
 2.24662E+03	 9.85700E+02
 2.25032E+03	 9.86633E+02
 2.25401E+03	 9.83900E+02
 2.25771E+03	 9.85433E+02
 2.26140E+03	 9.82433E+02
 2.26509E+03	 9.82900E+02
 2.26877E+03	 9.84167E+02
 2.27246E+03	 9.81867E+02
 2.27614E+03	 9.85933E+02
 2.27982E+03	 9.82567E+02
 2.28350E+03	 9.83133E+02
 2.28718E+03	 9.84367E+02
 2.29086E+03	 9.85933E+02
 2.29453E+03	 9.81667E+02
 2.29820E+03	 9.83467E+02
 2.30188E+03	 9.86033E+02
 2.30555E+03	 9.83600E+02
 2.30921E+03	 9.85367E+02
 2.31288E+03	 9.85500E+02
 2.31654E+03	 9.85900E+02
 2.32020E+03	 9.86300E+02
 2.32386E+03	 9.86567E+02
 2.32752E+03	 9.84600E+02
 2.33118E+03	 9.85933E+02
 2.33484E+03	 9.84033E+02
 2.33849E+03	 9.86933E+02
 2.34214E+03	 9.86433E+02
 2.34579E+03	 9.86733E+02
 2.34944E+03	 9.87000E+02
 2.35308E+03	 9.83600E+02
 2.35673E+03	 9.85600E+02
 2.36037E+03	 9.86400E+02
 2.36401E+03	 9.86667E+02
 2.36765E+03	 9.87800E+02
 2.37129E+03	 9.83833E+02
 2.37492E+03	 9.86200E+02
 2.37856E+03	 9.88533E+02
 2.38219E+03	 9.84300E+02
 2.38582E+03	 9.88300E+02
 2.38945E+03	 9.87867E+02
 2.39308E+03	 9.88800E+02
 2.39670E+03	 9.88633E+02
 2.40033E+03	 9.88500E+02
 2.40395E+03	 9.86067E+02
 2.40757E+03	 9.90833E+02
 2.41119E+03	 9.90400E+02
 2.41480E+03	 9.86567E+02
 2.41842E+03	 9.87600E+02
 2.42203E+03	 9.84667E+02
 2.42564E+03	 9.87400E+02
 2.42925E+03	 9.89567E+02
 2.43286E+03	 9.86700E+02
 2.43647E+03	 9.84533E+02
 2.44007E+03	 9.86367E+02
 2.44367E+03	 9.87067E+02
 2.44727E+03	 9.89767E+02
 2.45087E+03	 9.85400E+02
 2.45447E+03	 9.87367E+02
 2.45807E+03	 9.89033E+02
 2.46166E+03	 9.85933E+02
 2.46525E+03	 9.86800E+02
 2.46884E+03	 9.90400E+02
 2.47243E+03	 9.87833E+02
 2.47602E+03	 9.86733E+02
 2.47960E+03	 9.90300E+02
 2.48319E+03	 9.88233E+02
 2.48677E+03	 9.87967E+02
 2.49035E+03	 9.87833E+02
 2.49393E+03	 9.88400E+02
 2.49751E+03	 9.87600E+02
 2.50108E+03	 9.90100E+02
 2.50465E+03	 9.89600E+02
 2.50823E+03	 9.90567E+02
 2.51180E+03	 9.89300E+02
 2.51536E+03	 9.91700E+02
 2.51893E+03	 9.90467E+02
 2.52250E+03	 9.88067E+02
 2.52606E+03	 9.90967E+02
 2.52962E+03	 9.94633E+02
 2.53318E+03	 9.94733E+02
 2.53674E+03	 9.89733E+02
 2.54029E+03	 9.92633E+02
 2.54385E+03	 9.92433E+02
 2.54740E+03	 9.92900E+02
 2.55095E+03	 9.95133E+02
 2.55450E+03	 9.94733E+02
 2.55805E+03	 9.95100E+02
 2.56160E+03	 9.93167E+02
 2.56514E+03	 9.95667E+02
 2.56868E+03	 9.93867E+02
 2.57222E+03	 9.90033E+02
 2.57576E+03	 9.92567E+02
 2.57930E+03	 9.93100E+02
 2.58284E+03	 9.94633E+02
 2.58637E+03	 9.92833E+02
 2.58991E+03	 9.95533E+02
 2.59344E+03	 9.94733E+02
 2.59697E+03	 9.92967E+02
 2.60049E+03	 9.93533E+02
 2.60402E+03	 9.95800E+02
 2.60754E+03	 9.91433E+02
 2.61107E+03	 9.95233E+02
 2.61459E+03	 9.97000E+02
 2.61811E+03	 9.92600E+02
 2.62162E+03	 9.96533E+02
 2.62514E+03	 9.94567E+02
 2.62865E+03	 9.97167E+02
 2.63217E+03	 9.96233E+02
 2.63568E+03	 9.97300E+02
 2.63919E+03	 9.96033E+02
 2.64269E+03	 9.94667E+02
 2.64620E+03	 1.00023E+03
 2.64970E+03	 9.98233E+02
 2.65321E+03	 1.00090E+03
 2.65671E+03	 9.98533E+02
 2.66021E+03	 1.00153E+03
 2.66370E+03	 9.99600E+02
 2.66720E+03	 1.00090E+03
 2.67069E+03	 1.00247E+03
 2.67419E+03	 1.00350E+03
 2.67768E+03	 1.00490E+03
 2.68117E+03	 1.00353E+03
 2.68466E+03	 1.00523E+03
 2.68814E+03	 1.00790E+03
 2.69163E+03	 1.01457E+03
 2.69511E+03	 1.01260E+03
 2.69859E+03	 1.01127E+03
 2.70207E+03	 1.01273E+03
 2.70555E+03	 1.01523E+03
 2.70902E+03	 1.01443E+03
 2.71250E+03	 1.01253E+03
 2.71597E+03	 1.01533E+03
 2.71944E+03	 1.01950E+03
 2.72291E+03	 1.02067E+03
 2.72638E+03	 1.02640E+03
 2.72984E+03	 1.02967E+03
 2.73331E+03	 1.03130E+03
 2.73677E+03	 1.03757E+03
 2.74023E+03	 1.04127E+03
 2.74369E+03	 1.04030E+03
 2.74715E+03	 1.04367E+03
 2.75061E+03	 1.04580E+03
 2.75406E+03	 1.05127E+03
 2.75752E+03	 1.04793E+03
 2.76097E+03	 1.04653E+03
 2.76442E+03	 1.04213E+03
 2.76786E+03	 1.04983E+03
 2.77131E+03	 1.04740E+03
 2.77476E+03	 1.05213E+03
 2.77820E+03	 1.04480E+03
 2.78164E+03	 1.04667E+03
 2.78508E+03	 1.05393E+03
 2.78852E+03	 1.05177E+03
 2.79196E+03	 1.04523E+03
 2.79539E+03	 1.05170E+03
 2.79883E+03	 1.04827E+03
 2.80226E+03	 1.04950E+03
 2.80569E+03	 1.05450E+03
 2.80912E+03	 1.06170E+03
 2.81254E+03	 1.06400E+03
 2.81597E+03	 1.06540E+03
 2.81939E+03	 1.06890E+03
 2.82282E+03	 1.07207E+03
 2.82624E+03	 1.08457E+03
 2.82966E+03	 1.09237E+03
 2.83307E+03	 1.09487E+03
 2.83649E+03	 1.09060E+03
 2.83990E+03	 1.10910E+03
 2.84332E+03	 1.12097E+03
 2.84673E+03	 1.12283E+03
 2.85014E+03	 1.14193E+03
 2.85354E+03	 1.16163E+03
 2.85695E+03	 1.16823E+03
 2.86036E+03	 1.18813E+03
 2.86376E+03	 1.21077E+03
 2.86716E+03	 1.23227E+03
 2.87056E+03	 1.25490E+03
 2.87396E+03	 1.27570E+03
 2.87736E+03	 1.31573E+03
 2.88075E+03	 1.35880E+03
 2.88414E+03	 1.39823E+03
 2.88754E+03	 1.44087E+03
 2.89093E+03	 1.50927E+03
 2.89431E+03	 1.53780E+03
 2.89770E+03	 1.57193E+03
 2.90109E+03	 1.59163E+03
 2.90447E+03	 1.58173E+03
 2.90785E+03	 1.56150E+03
 2.91123E+03	 1.54020E+03
 2.91461E+03	 1.52110E+03
 2.91799E+03	 1.53980E+03
 2.92137E+03	 1.51323E+03
 2.92474E+03	 1.49597E+03
 2.92811E+03	 1.51163E+03
 2.93149E+03	 1.49987E+03
 2.93486E+03	 1.52967E+03
 2.93822E+03	 1.52870E+03
 2.94159E+03	 1.51330E+03
 2.94496E+03	 1.54663E+03
 2.94832E+03	 1.58013E+03
 2.95168E+03	 1.59893E+03
 2.95504E+03	 1.58233E+03
 2.95840E+03	 1.57743E+03
 2.96176E+03	 1.57623E+03
 2.96511E+03	 1.54930E+03
 2.96847E+03	 1.52400E+03
 2.97182E+03	 1.49223E+03
 2.97517E+03	 1.48227E+03
 2.97852E+03	 1.44387E+03
 2.98187E+03	 1.38587E+03
 2.98521E+03	 1.36017E+03
 2.98856E+03	 1.30543E+03
 2.99190E+03	 1.26320E+03
 2.99524E+03	 1.22823E+03
 2.99858E+03	 1.18760E+03
 3.00192E+03	 1.15240E+03
 3.00526E+03	 1.12937E+03
 3.00859E+03	 1.10733E+03
 3.01193E+03	 1.08663E+03
 3.01526E+03	 1.06900E+03
 3.01859E+03	 1.06240E+03
 3.02192E+03	 1.05127E+03
 3.02525E+03	 1.04300E+03
 3.02857E+03	 1.04120E+03
 3.03190E+03	 1.03230E+03
 3.03522E+03	 1.02830E+03
 3.03854E+03	 1.02917E+03
 3.04186E+03	 1.02263E+03
 3.04518E+03	 1.02003E+03
 3.04850E+03	 1.02080E+03
 3.05181E+03	 1.02070E+03
 3.05512E+03	 1.01670E+03
 3.05844E+03	 1.01867E+03
 3.06175E+03	 1.01927E+03
 3.06506E+03	 1.01730E+03
 3.06836E+03	 1.01550E+03
 3.07167E+03	 1.01510E+03
 3.07497E+03	 1.01147E+03
 3.07828E+03	 1.01483E+03
 3.08158E+03	 1.01633E+03
 3.08488E+03	 1.01620E+03
 3.08818E+03	 1.01387E+03
 3.09147E+03	 1.01463E+03
 3.09477E+03	 1.01287E+03
 3.09806E+03	 1.01570E+03
 3.10135E+03	 1.01627E+03
 3.10464E+03	 1.01520E+03
 3.10793E+03	 1.02097E+03
 3.11122E+03	 1.02020E+03
 3.11451E+03	 1.01970E+03
 3.11779E+03	 1.01627E+03
 3.12107E+03	 1.02057E+03
 3.12436E+03	 1.02400E+03
 3.12764E+03	 1.02223E+03
 3.13091E+03	 1.02700E+03
 3.13419E+03	 1.02547E+03
 3.13747E+03	 1.03000E+03
 3.14074E+03	 1.03033E+03
 3.14401E+03	 1.03393E+03
 3.14728E+03	 1.03147E+03
 3.15055E+03	 1.03157E+03
 3.15382E+03	 1.03293E+03
 3.15709E+03	 1.03813E+03
 3.16035E+03	 1.04060E+03
 3.16362E+03	 1.03647E+03
 3.16688E+03	 1.03920E+03
 3.17014E+03	 1.03950E+03
 3.17340E+03	 1.04637E+03
 3.17665E+03	 1.04590E+03
 3.17991E+03	 1.03957E+03
 3.18316E+03	 1.04963E+03
 3.18642E+03	 1.05117E+03
 3.18967E+03	 1.05143E+03
 3.19292E+03	 1.04993E+03
 3.19617E+03	 1.05653E+03
 3.19941E+03	 1.05440E+03
 3.20266E+03	 1.05800E+03
 3.20590E+03	 1.06113E+03
 3.20914E+03	 1.05827E+03
 3.21238E+03	 1.05693E+03
 3.21562E+03	 1.06753E+03
 3.21886E+03	 1.06707E+03
 3.22210E+03	 1.06747E+03
 3.22533E+03	 1.07097E+03
 3.22857E+03	 1.06840E+03
 3.23180E+03	 1.06803E+03
 3.23503E+03	 1.07427E+03
 3.23826E+03	 1.07580E+03
 3.24148E+03	 1.07647E+03
 3.24471E+03	 1.08683E+03
 3.24793E+03	 1.08147E+03
 3.25116E+03	 1.07943E+03
 3.25438E+03	 1.08083E+03
 3.25760E+03	 1.08383E+03
 3.26082E+03	 1.09093E+03
 3.26403E+03	 1.08760E+03
 3.26725E+03	 1.08627E+03
 3.27046E+03	 1.09113E+03
 3.27368E+03	 1.09270E+03
 3.27689E+03	 1.09620E+03
 3.28010E+03	 1.08890E+03
 3.28331E+03	 1.09873E+03
 3.28651E+03	 1.09610E+03
 3.28972E+03	 1.09133E+03
 3.29292E+03	 1.09713E+03
 3.29612E+03	 1.09750E+03
 3.29932E+03	 1.09820E+03
 3.30252E+03	 1.09897E+03
 3.30572E+03	 1.10323E+03
 3.30892E+03	 1.10303E+03
 3.31211E+03	 1.09400E+03
 3.31531E+03	 1.09317E+03
 3.31850E+03	 1.10047E+03
 3.32169E+03	 1.10887E+03
 3.32488E+03	 1.11027E+03
 3.32807E+03	 1.10943E+03
 3.33125E+03	 1.10227E+03
 3.33444E+03	 1.09853E+03
 3.33762E+03	 1.10110E+03
 3.34080E+03	 1.10463E+03
 3.34398E+03	 1.10403E+03
 3.34716E+03	 1.10733E+03
 3.35034E+03	 1.10787E+03
 3.35351E+03	 1.10653E+03
 3.35669E+03	 1.11223E+03
 3.35986E+03	 1.10927E+03
 3.36303E+03	 1.10930E+03
 3.36620E+03	 1.10367E+03
 3.36937E+03	 1.10503E+03
 3.37254E+03	 1.11880E+03
 3.37570E+03	 1.11373E+03
 3.37887E+03	 1.10803E+03
 3.38203E+03	 1.10890E+03
 3.38519E+03	 1.11343E+03
 3.38835E+03	 1.10697E+03
 3.39151E+03	 1.11560E+03
 3.39467E+03	 1.11120E+03
 3.39782E+03	 1.10443E+03
 3.40098E+03	 1.10850E+03
 3.40413E+03	 1.10897E+03
 3.40728E+03	 1.10047E+03
 3.41043E+03	 1.10560E+03
 3.41358E+03	 1.11433E+03
 3.41673E+03	 1.10850E+03
 3.41987E+03	 1.10523E+03
 3.42302E+03	 1.10773E+03
 3.42616E+03	 1.10383E+03
 3.42930E+03	 1.10290E+03
 3.43244E+03	 1.11040E+03
 3.43558E+03	 1.09947E+03
 3.43872E+03	 1.08990E+03
 3.44185E+03	 1.09823E+03
 3.44499E+03	 1.09643E+03
 3.44812E+03	 1.09310E+03
 3.45125E+03	 1.08783E+03
 3.45438E+03	 1.09913E+03
 3.45751E+03	 1.09910E+03
 3.46064E+03	 1.08877E+03
 3.46376E+03	 1.09800E+03
 3.46689E+03	 1.09223E+03
 3.47001E+03	 1.08650E+03
 3.47313E+03	 1.07670E+03
 3.47625E+03	 1.07947E+03
 3.47937E+03	 1.07793E+03
 3.48249E+03	 1.07953E+03
 3.48560E+03	 1.07723E+03
 3.48872E+03	 1.07650E+03
 3.49183E+03	 1.07067E+03
 3.49494E+03	 1.06750E+03
 3.49805E+03	 1.06477E+03
 3.50116E+03	 1.06210E+03
 3.50427E+03	 1.06387E+03
 3.50737E+03	 1.06193E+03
 3.51048E+03	 1.05330E+03
 3.51358E+03	 1.05163E+03
 3.51668E+03	 1.04903E+03
 3.51978E+03	 1.05013E+03
 3.52288E+03	 1.07053E+03
 3.52598E+03	 1.04207E+03
 3.52907E+03	 1.03763E+03
 3.53217E+03	 1.03847E+03
 3.53526E+03	 1.03290E+03
 3.53835E+03	 1.02787E+03
 3.54144E+03	 1.02723E+03
 3.54453E+03	 1.02510E+03
 3.54762E+03	 1.02507E+03
 3.55071E+03	 1.02567E+03
 3.55379E+03	 1.02193E+03
 3.55687E+03	 1.02237E+03
 3.55996E+03	 1.01420E+03
 3.56304E+03	 1.01760E+03
 3.56612E+03	 1.01867E+03
 3.56919E+03	 1.01133E+03
 3.57227E+03	 1.00560E+03
 3.57535E+03	 1.00557E+03
 3.57842E+03	 1.00500E+03
 3.58149E+03	 1.00313E+03
 3.58456E+03	 1.00543E+03
 3.58763E+03	 1.00373E+03
 3.59070E+03	 9.97067E+02
 3.59377E+03	 9.92467E+02
 3.59683E+03	 9.91400E+02
 3.59990E+03	 9.88067E+02
 3.60296E+03	 9.86533E+02
 3.60602E+03	 9.89633E+02
 3.60908E+03	 9.89067E+02
 3.61214E+03	 9.82067E+02
 3.61519E+03	 9.81333E+02
 3.61825E+03	 9.81033E+02
 3.62130E+03	 9.77933E+02
 3.62436E+03	 9.78200E+02
 3.62741E+03	 9.73667E+02
 3.63046E+03	 9.74433E+02
 3.63351E+03	 9.75067E+02
 3.63656E+03	 9.70967E+02
 3.63960E+03	 9.71767E+02
 3.64265E+03	 9.69333E+02
 3.64569E+03	 9.66700E+02
 3.64873E+03	 9.67600E+02
 3.65177E+03	 9.69333E+02
 3.65481E+03	 9.64233E+02
 3.65785E+03	 9.66200E+02
 3.66089E+03	 9.63467E+02
 3.66392E+03	 9.60533E+02
 3.66695E+03	 9.62400E+02
 3.66999E+03	 9.63033E+02
 3.67302E+03	 9.61000E+02
 3.67605E+03	 9.60500E+02
 3.67908E+03	 9.61533E+02
 3.68210E+03	 9.59100E+02
 3.68513E+03	 9.58200E+02
 3.68815E+03	 9.58467E+02
 3.69117E+03	 9.59633E+02
 3.69420E+03	 9.56600E+02
 3.69722E+03	 9.58267E+02
 3.70023E+03	 9.56333E+02
 3.70325E+03	 9.56733E+02
 3.70627E+03	 9.53700E+02
 3.70928E+03	 9.52933E+02
 3.71230E+03	 9.53867E+02
 3.71531E+03	 9.54967E+02
 3.71832E+03	 9.52400E+02
 3.72133E+03	 9.53500E+02
 3.72434E+03	 9.54300E+02
 3.72734E+03	 9.53900E+02
 3.73035E+03	 9.52133E+02
 3.73335E+03	 9.53633E+02
 3.73635E+03	 9.50367E+02
 3.73936E+03	 9.49300E+02
 3.74236E+03	 9.50833E+02
 3.74535E+03	 9.50833E+02
 3.74835E+03	 9.50133E+02
 3.75135E+03	 9.48267E+02
 3.75434E+03	 9.49600E+02
 3.75733E+03	 9.48300E+02
 3.76033E+03	 9.47533E+02
 3.76332E+03	 9.48033E+02
 3.76631E+03	 9.49467E+02
 3.76929E+03	 9.49533E+02
 3.77228E+03	 9.46833E+02
 3.77527E+03	 9.48633E+02
 3.77825E+03	 9.45033E+02
 3.78123E+03	 9.47567E+02
 3.78421E+03	 9.45233E+02
 3.78719E+03	 9.44300E+02
