-1.40382E+02	 9.04833E+02
-1.35457E+02	 9.06033E+02
-1.30535E+02	 9.05400E+02
-1.25616E+02	 9.04967E+02
-1.20700E+02	 9.06733E+02
-1.15786E+02	 9.04833E+02
-1.10875E+02	 9.06133E+02
-1.05967E+02	 9.06267E+02
-1.01061E+02	 9.06033E+02
-9.61580E+01	 9.07067E+02
-9.12576E+01	 9.06033E+02
-8.63599E+01	 9.06167E+02
-8.14648E+01	 9.06233E+02
-7.65724E+01	 9.06300E+02
-7.16827E+01	 9.05867E+02
-6.67956E+01	 9.07033E+02
-6.19111E+01	 9.07167E+02
-5.70293E+01	 9.06233E+02
-5.21502E+01	 9.07433E+02
-4.72737E+01	 9.05933E+02
-4.23998E+01	 9.06567E+02
-3.75286E+01	 9.06267E+02
-3.26600E+01	 9.07000E+02
-2.77941E+01	 9.07400E+02
-2.29308E+01	 9.07600E+02
-1.80701E+01	 9.08000E+02
-1.32121E+01	 9.08367E+02
-8.35667E+00	 9.09967E+02
-3.50389E+00	 9.11133E+02
 1.34626E+00	 9.18267E+02
 6.19379E+00	 9.85400E+02
 1.10387E+01	 1.79953E+03
 1.58810E+01	 3.03697E+03
 2.07207E+01	 2.21667E+03
 2.55577E+01	 1.04547E+03
 3.03922E+01	 9.16900E+02
 3.52240E+01	 9.10533E+02
 4.00532E+01	 9.07700E+02
 4.48798E+01	 9.08333E+02
 4.97038E+01	 9.07867E+02
 5.45252E+01	 9.07767E+02
 5.93440E+01	 9.08033E+02
 6.41602E+01	 9.08700E+02
 6.89738E+01	 9.09133E+02
 7.37848E+01	 9.16000E+02
 7.85932E+01	 9.31733E+02
 8.33991E+01	 9.78567E+02
 8.82023E+01	 1.06860E+03
 9.30029E+01	 1.16433E+03
 9.78010E+01	 1.23553E+03
 1.02596E+02	 1.26440E+03
 1.07389E+02	 1.26813E+03
 1.12180E+02	 1.27363E+03
 1.16967E+02	 1.26037E+03
 1.21753E+02	 1.23707E+03
 1.26535E+02	 1.23427E+03
 1.31315E+02	 1.21913E+03
 1.36093E+02	 1.21733E+03
 1.40867E+02	 1.20710E+03
 1.45640E+02	 1.20373E+03
 1.50409E+02	 1.19383E+03
 1.55177E+02	 1.18500E+03
 1.59941E+02	 1.17453E+03
 1.64703E+02	 1.16947E+03
 1.69463E+02	 1.15867E+03
 1.74220E+02	 1.14663E+03
 1.78974E+02	 1.14167E+03
 1.83726E+02	 1.14383E+03
 1.88475E+02	 1.14113E+03
 1.93222E+02	 1.13400E+03
 1.97966E+02	 1.12083E+03
 2.02708E+02	 1.11757E+03
 2.07447E+02	 1.11677E+03
 2.12184E+02	 1.11523E+03
 2.16918E+02	 1.11213E+03
 2.21649E+02	 1.11333E+03
 2.26378E+02	 1.10553E+03
 2.31105E+02	 1.09513E+03
 2.35829E+02	 1.09400E+03
 2.40550E+02	 1.09067E+03
 2.45269E+02	 1.08383E+03
 2.49985E+02	 1.08823E+03
 2.54699E+02	 1.08880E+03
 2.59410E+02	 1.08333E+03
 2.64119E+02	 1.08287E+03
 2.68825E+02	 1.08220E+03
 2.73529E+02	 1.08010E+03
 2.78230E+02	 1.07627E+03
 2.82929E+02	 1.07393E+03
 2.87625E+02	 1.07260E+03
 2.92319E+02	 1.07093E+03
 2.97010E+02	 1.06960E+03
 3.01699E+02	 1.06833E+03
 3.06385E+02	 1.06997E+03
 3.11069E+02	 1.06683E+03
 3.15750E+02	 1.06630E+03
 3.20428E+02	 1.06237E+03
 3.25105E+02	 1.06203E+03
 3.29778E+02	 1.06383E+03
 3.34450E+02	 1.06180E+03
 3.39118E+02	 1.06533E+03
 3.43785E+02	 1.06170E+03
 3.48448E+02	 1.06393E+03
 3.53110E+02	 1.05903E+03
 3.57768E+02	 1.06003E+03
 3.62425E+02	 1.05817E+03
 3.67079E+02	 1.05683E+03
 3.71730E+02	 1.05277E+03
 3.76379E+02	 1.04803E+03
 3.81025E+02	 1.05633E+03
 3.85669E+02	 1.05613E+03
 3.90311E+02	 1.05913E+03
 3.94950E+02	 1.06857E+03
 3.99586E+02	 1.07033E+03
 4.04220E+02	 1.06943E+03
 4.08852E+02	 1.06753E+03
 4.13481E+02	 1.06810E+03
 4.18108E+02	 1.07897E+03
 4.22732E+02	 1.09593E+03
 4.27354E+02	 1.11617E+03
 4.31973E+02	 1.13197E+03
 4.36590E+02	 1.13173E+03
 4.41205E+02	 1.12060E+03
 4.45817E+02	 1.10730E+03
 4.50426E+02	 1.09500E+03
 4.55034E+02	 1.08113E+03
 4.59638E+02	 1.07900E+03
 4.64241E+02	 1.07090E+03
 4.68840E+02	 1.07060E+03
 4.73438E+02	 1.06617E+03
 4.78033E+02	 1.07223E+03
 4.82625E+02	 1.08333E+03
 4.87215E+02	 1.10840E+03
 4.91803E+02	 1.13773E+03
 4.96388E+02	 1.16923E+03
 5.00971E+02	 1.18687E+03
 5.05552E+02	 1.19173E+03
 5.10129E+02	 1.17597E+03
 5.14705E+02	 1.14863E+03
 5.19278E+02	 1.12293E+03
 5.23849E+02	 1.09387E+03
 5.28417E+02	 1.07613E+03
 5.32983E+02	 1.06650E+03
 5.37547E+02	 1.05917E+03
 5.42108E+02	 1.05210E+03
 5.46666E+02	 1.05310E+03
 5.51223E+02	 1.05903E+03
 5.55777E+02	 1.05833E+03
 5.60328E+02	 1.06503E+03
 5.64877E+02	 1.07413E+03
 5.69424E+02	 1.07067E+03
 5.73968E+02	 1.06700E+03
 5.78510E+02	 1.06230E+03
 5.83049E+02	 1.05963E+03
 5.87587E+02	 1.05543E+03
 5.92121E+02	 1.05333E+03
 5.96654E+02	 1.05167E+03
 6.01184E+02	 1.04590E+03
 6.05711E+02	 1.04497E+03
 6.10236E+02	 1.04190E+03
 6.14759E+02	 1.04057E+03
 6.19280E+02	 1.03753E+03
 6.23798E+02	 1.04013E+03
 6.28313E+02	 1.03940E+03
 6.32827E+02	 1.04050E+03
 6.37338E+02	 1.03977E+03
 6.41846E+02	 1.04193E+03
 6.46352E+02	 1.04297E+03
 6.50856E+02	 1.04310E+03
 6.55358E+02	 1.04313E+03
 6.59857E+02	 1.04767E+03
 6.64354E+02	 1.05300E+03
 6.68848E+02	 1.06067E+03
 6.73340E+02	 1.06210E+03
 6.77830E+02	 1.06620E+03
 6.82317E+02	 1.07610E+03
 6.86802E+02	 1.08450E+03
 6.91285E+02	 1.08703E+03
 6.95765E+02	 1.08997E+03
 7.00243E+02	 1.08270E+03
 7.04718E+02	 1.07167E+03
 7.09192E+02	 1.05643E+03
 7.13663E+02	 1.04880E+03
 7.18131E+02	 1.04367E+03
 7.22597E+02	 1.03937E+03
 7.27061E+02	 1.03743E+03
 7.31523E+02	 1.04103E+03
 7.35982E+02	 1.03333E+03
 7.40439E+02	 1.03567E+03
 7.44894E+02	 1.03250E+03
 7.49346E+02	 1.02873E+03
 7.53796E+02	 1.02953E+03
 7.58243E+02	 1.02863E+03
 7.62689E+02	 1.03313E+03
 7.67132E+02	 1.02873E+03
 7.71572E+02	 1.03137E+03
 7.76011E+02	 1.03033E+03
 7.80447E+02	 1.02977E+03
 7.84880E+02	 1.02927E+03
 7.89312E+02	 1.03343E+03
 7.93741E+02	 1.03830E+03
 7.98167E+02	 1.04230E+03
 8.02592E+02	 1.04430E+03
 8.07014E+02	 1.04710E+03
 8.11434E+02	 1.05027E+03
 8.15851E+02	 1.05023E+03
 8.20267E+02	 1.05603E+03
 8.24680E+02	 1.06650E+03
 8.29090E+02	 1.09570E+03
 8.33499E+02	 1.12853E+03
 8.37905E+02	 1.15753E+03
 8.42309E+02	 1.16383E+03
 8.46710E+02	 1.15340E+03
 8.51109E+02	 1.14583E+03
 8.55506E+02	 1.16653E+03
 8.59901E+02	 1.20777E+03
 8.64293E+02	 1.25070E+03
 8.68683E+02	 1.27243E+03
 8.73071E+02	 1.27947E+03
 8.77456E+02	 1.25343E+03
 8.81840E+02	 1.21453E+03
 8.86221E+02	 1.18693E+03
 8.90599E+02	 1.14697E+03
 8.94976E+02	 1.11353E+03
 8.99350E+02	 1.07850E+03
 9.03722E+02	 1.05963E+03
 9.08091E+02	 1.05117E+03
 9.12459E+02	 1.05300E+03
 9.16824E+02	 1.06167E+03
 9.21187E+02	 1.07920E+03
 9.25547E+02	 1.09913E+03
 9.29905E+02	 1.11860E+03
 9.34261E+02	 1.13600E+03
 9.38615E+02	 1.15033E+03
 9.42967E+02	 1.16390E+03
 9.47316E+02	 1.15190E+03
 9.51663E+02	 1.12657E+03
 9.56008E+02	 1.09323E+03
 9.60350E+02	 1.06470E+03
 9.64691E+02	 1.04717E+03
 9.69029E+02	 1.03650E+03
 9.73364E+02	 1.03617E+03
 9.77698E+02	 1.03600E+03
 9.82029E+02	 1.04300E+03
 9.86358E+02	 1.05320E+03
 9.90685E+02	 1.07513E+03
 9.95010E+02	 1.08063E+03
 9.99332E+02	 1.07953E+03
 1.00365E+03	 1.06357E+03
 1.00797E+03	 1.05180E+03
 1.01229E+03	 1.03910E+03
 1.01660E+03	 1.03827E+03
 1.02091E+03	 1.04137E+03
 1.02522E+03	 1.04110E+03
 1.02953E+03	 1.04563E+03
 1.03383E+03	 1.05613E+03
 1.03813E+03	 1.06840E+03
 1.04243E+03	 1.08607E+03
 1.04673E+03	 1.11100E+03
 1.05103E+03	 1.14013E+03
 1.05532E+03	 1.17633E+03
 1.05961E+03	 1.22333E+03
 1.06390E+03	 1.25377E+03
 1.06819E+03	 1.26357E+03
 1.07247E+03	 1.27553E+03
 1.07676E+03	 1.27557E+03
 1.08104E+03	 1.26717E+03
 1.08531E+03	 1.25503E+03
 1.08959E+03	 1.23393E+03
 1.09386E+03	 1.21460E+03
 1.09813E+03	 1.20177E+03
 1.10240E+03	 1.19440E+03
 1.10667E+03	 1.18660E+03
 1.11094E+03	 1.18453E+03
 1.11520E+03	 1.18077E+03
 1.11946E+03	 1.17777E+03
 1.12372E+03	 1.18050E+03
 1.12797E+03	 1.18877E+03
 1.13223E+03	 1.17983E+03
 1.13648E+03	 1.17667E+03
 1.14073E+03	 1.15123E+03
 1.14498E+03	 1.11553E+03
 1.14922E+03	 1.07683E+03
 1.15347E+03	 1.05277E+03
 1.15771E+03	 1.04113E+03
 1.16194E+03	 1.03497E+03
 1.16618E+03	 1.03357E+03
 1.17042E+03	 1.02880E+03
 1.17465E+03	 1.02690E+03
 1.17888E+03	 1.02553E+03
 1.18311E+03	 1.02697E+03
 1.18733E+03	 1.02603E+03
 1.19156E+03	 1.02407E+03
 1.19578E+03	 1.02720E+03
 1.20000E+03	 1.02790E+03
 1.20421E+03	 1.03590E+03
 1.20843E+03	 1.04507E+03
 1.21264E+03	 1.05000E+03
 1.21685E+03	 1.05680E+03
 1.22106E+03	 1.06503E+03
 1.22527E+03	 1.06903E+03
 1.22947E+03	 1.07957E+03
 1.23367E+03	 1.08040E+03
 1.23787E+03	 1.08387E+03
 1.24207E+03	 1.09053E+03
 1.24627E+03	 1.09823E+03
 1.25046E+03	 1.10480E+03
 1.25465E+03	 1.11480E+03
 1.25884E+03	 1.11933E+03
 1.26303E+03	 1.13293E+03
 1.26721E+03	 1.13397E+03
 1.27140E+03	 1.13697E+03
 1.27558E+03	 1.13383E+03
 1.27975E+03	 1.13653E+03
 1.28393E+03	 1.13407E+03
 1.28811E+03	 1.12440E+03
 1.29228E+03	 1.12490E+03
 1.29645E+03	 1.11933E+03
 1.30062E+03	 1.11703E+03
 1.30478E+03	 1.10373E+03
 1.30895E+03	 1.09837E+03
 1.31311E+03	 1.09850E+03
 1.31727E+03	 1.09527E+03
 1.32142E+03	 1.09870E+03
 1.32558E+03	 1.10053E+03
 1.32973E+03	 1.10420E+03
 1.33388E+03	 1.10537E+03
 1.33803E+03	 1.10957E+03
 1.34218E+03	 1.10557E+03
 1.34632E+03	 1.10367E+03
 1.35047E+03	 1.10037E+03
 1.35461E+03	 1.10643E+03
 1.35875E+03	 1.10453E+03
 1.36288E+03	 1.11003E+03
 1.36702E+03	 1.10897E+03
 1.37115E+03	 1.11220E+03
 1.37528E+03	 1.10737E+03
 1.37941E+03	 1.10170E+03
 1.38353E+03	 1.09750E+03
 1.38766E+03	 1.09407E+03
 1.39178E+03	 1.09147E+03
 1.39590E+03	 1.08760E+03
 1.40001E+03	 1.08787E+03
 1.40413E+03	 1.08557E+03
 1.40824E+03	 1.08677E+03
 1.41235E+03	 1.08027E+03
 1.41646E+03	 1.08310E+03
 1.42057E+03	 1.08420E+03
 1.42468E+03	 1.08530E+03
 1.42878E+03	 1.08300E+03
 1.43288E+03	 1.08577E+03
 1.43698E+03	 1.08500E+03
 1.44107E+03	 1.07997E+03
 1.44517E+03	 1.07647E+03
 1.44926E+03	 1.07610E+03
 1.45335E+03	 1.08307E+03
 1.45744E+03	 1.08243E+03
 1.46153E+03	 1.09277E+03
 1.46561E+03	 1.11500E+03
 1.46969E+03	 1.15550E+03
 1.47377E+03	 1.19887E+03
 1.47785E+03	 1.23797E+03
 1.48193E+03	 1.26557E+03
 1.48600E+03	 1.26490E+03
 1.49007E+03	 1.23733E+03
 1.49414E+03	 1.18963E+03
 1.49821E+03	 1.14247E+03
 1.50228E+03	 1.09510E+03
 1.50634E+03	 1.06157E+03
 1.51040E+03	 1.03973E+03
 1.51446E+03	 1.03077E+03
 1.51852E+03	 1.02230E+03
 1.52258E+03	 1.01693E+03
 1.52663E+03	 1.01590E+03
 1.53068E+03	 1.01307E+03
 1.53473E+03	 1.00880E+03
 1.53878E+03	 1.01173E+03
 1.54282E+03	 1.01060E+03
 1.54687E+03	 1.00790E+03
 1.55091E+03	 1.00913E+03
 1.55495E+03	 1.00997E+03
 1.55899E+03	 1.00763E+03
 1.56302E+03	 1.00780E+03
 1.56705E+03	 1.00687E+03
 1.57109E+03	 1.00943E+03
 1.57512E+03	 1.00923E+03
 1.57914E+03	 1.00877E+03
 1.58317E+03	 1.00973E+03
 1.58719E+03	 1.00963E+03
 1.59121E+03	 1.00950E+03
 1.59523E+03	 1.00603E+03
 1.59925E+03	 1.00733E+03
 1.60326E+03	 1.00797E+03
 1.60728E+03	 1.00637E+03
 1.61129E+03	 1.00740E+03
 1.61530E+03	 1.00787E+03
 1.61930E+03	 1.00697E+03
 1.62331E+03	 1.00433E+03
 1.62731E+03	 1.00490E+03
 1.63131E+03	 1.00357E+03
 1.63531E+03	 1.00763E+03
 1.63931E+03	 1.00500E+03
 1.64330E+03	 1.00513E+03
 1.64730E+03	 1.00257E+03
 1.65129E+03	 1.00557E+03
 1.65528E+03	 1.00497E+03
 1.65926E+03	 1.00693E+03
 1.66325E+03	 1.00870E+03
 1.66723E+03	 1.00583E+03
 1.67121E+03	 1.00680E+03
 1.67519E+03	 1.00367E+03
 1.67917E+03	 1.00443E+03
 1.68314E+03	 1.00423E+03
 1.68712E+03	 1.00103E+03
 1.69109E+03	 1.00447E+03
 1.69506E+03	 1.00113E+03
 1.69903E+03	 1.00107E+03
 1.70299E+03	 1.00147E+03
 1.70695E+03	 1.00173E+03
 1.71092E+03	 1.00103E+03
 1.71487E+03	 1.00027E+03
 1.71883E+03	 1.00030E+03
 1.72279E+03	 1.00047E+03
 1.72674E+03	 9.96200E+02
 1.73069E+03	 9.99400E+02
 1.73464E+03	 9.96400E+02
 1.73859E+03	 9.98033E+02
 1.74253E+03	 9.99700E+02
 1.74648E+03	 9.96467E+02
 1.75042E+03	 9.95933E+02
 1.75436E+03	 9.99533E+02
 1.75830E+03	 9.97333E+02
 1.76223E+03	 9.99367E+02
 1.76617E+03	 9.96900E+02
 1.77010E+03	 9.96500E+02
 1.77403E+03	 9.95300E+02
 1.77796E+03	 9.97067E+02
 1.78188E+03	 9.95867E+02
 1.78581E+03	 9.96867E+02
 1.78973E+03	 9.95633E+02
 1.79365E+03	 9.97967E+02
 1.79757E+03	 9.98633E+02
 1.80148E+03	 9.95933E+02
 1.80540E+03	 9.95100E+02
 1.80931E+03	 9.95067E+02
 1.81322E+03	 9.94367E+02
 1.81713E+03	 9.97533E+02
 1.82104E+03	 9.99200E+02
 1.82494E+03	 9.97467E+02
 1.82884E+03	 9.96633E+02
 1.83274E+03	 9.98000E+02
 1.83664E+03	 9.98033E+02
 1.84054E+03	 9.96533E+02
 1.84443E+03	 9.92733E+02
 1.84833E+03	 9.93233E+02
 1.85222E+03	 9.95500E+02
 1.85611E+03	 9.95500E+02
 1.85999E+03	 9.93667E+02
 1.86388E+03	 9.94833E+02
 1.86776E+03	 9.94567E+02
 1.87164E+03	 9.96167E+02
 1.87552E+03	 9.95567E+02
 1.87940E+03	 9.96733E+02
 1.88328E+03	 9.94333E+02
 1.88715E+03	 9.93200E+02
 1.89102E+03	 9.95200E+02
 1.89489E+03	 9.97633E+02
 1.89876E+03	 9.93867E+02
 1.90263E+03	 9.95800E+02
 1.90649E+03	 9.97133E+02
 1.91035E+03	 9.94900E+02
 1.91421E+03	 9.94533E+02
 1.91807E+03	 9.95400E+02
 1.92193E+03	 9.96700E+02
 1.92578E+03	 9.98033E+02
 1.92964E+03	 9.94867E+02
 1.93349E+03	 9.95467E+02
 1.93734E+03	 9.94067E+02
 1.94118E+03	 9.97067E+02
 1.94503E+03	 9.96067E+02
 1.94887E+03	 9.96767E+02
 1.95271E+03	 9.94967E+02
 1.95655E+03	 9.93733E+02
 1.96039E+03	 9.97433E+02
 1.96423E+03	 9.98033E+02
 1.96806E+03	 9.96000E+02
 1.97189E+03	 9.94500E+02
 1.97572E+03	 9.95800E+02
 1.97955E+03	 9.96600E+02
 1.98338E+03	 9.94100E+02
 1.98720E+03	 9.95900E+02
 1.99103E+03	 9.96700E+02
 1.99485E+03	 9.92867E+02
 1.99866E+03	 9.97267E+02
 2.00248E+03	 9.96500E+02
 2.00630E+03	 9.93667E+02
 2.01011E+03	 9.96033E+02
 2.01392E+03	 9.96467E+02
 2.01773E+03	 9.96500E+02
 2.02154E+03	 9.96667E+02
 2.02534E+03	 9.96167E+02
 2.02915E+03	 9.97600E+02
 2.03295E+03	 9.95100E+02
 2.03675E+03	 9.97567E+02
 2.04055E+03	 9.94667E+02
 2.04435E+03	 9.96067E+02
 2.04814E+03	 9.98867E+02
 2.05193E+03	 9.95833E+02
 2.05572E+03	 9.95567E+02
 2.05951E+03	 9.97033E+02
 2.06330E+03	 9.98933E+02
 2.06708E+03	 9.96467E+02
 2.07087E+03	 9.99567E+02
 2.07465E+03	 9.96667E+02
 2.07843E+03	 9.99533E+02
 2.08221E+03	 9.98300E+02
 2.08598E+03	 9.96567E+02
 2.08976E+03	 9.97033E+02
 2.09353E+03	 9.97600E+02
 2.09730E+03	 9.98967E+02
 2.10107E+03	 9.98333E+02
 2.10484E+03	 9.99233E+02
 2.10860E+03	 9.99033E+02
 2.11236E+03	 9.99733E+02
 2.11613E+03	 9.95133E+02
 2.11989E+03	 9.98033E+02
 2.12364E+03	 9.98667E+02
 2.12740E+03	 9.98333E+02
 2.13115E+03	 1.00003E+03
 2.13490E+03	 9.99467E+02
 2.13866E+03	 9.99133E+02
 2.14240E+03	 9.98567E+02
 2.14615E+03	 9.96533E+02
 2.14990E+03	 9.98533E+02
 2.15364E+03	 9.97600E+02
 2.15738E+03	 9.98367E+02
 2.16112E+03	 9.97367E+02
 2.16486E+03	 9.98900E+02
 2.16859E+03	 1.00113E+03
 2.17233E+03	 1.00023E+03
 2.17606E+03	 9.98900E+02
 2.17979E+03	 9.98633E+02
 2.18352E+03	 1.00170E+03
 2.18724E+03	 1.00033E+03
 2.19097E+03	 9.99633E+02
 2.19469E+03	 1.00150E+03
 2.19841E+03	 9.97367E+02
 2.20213E+03	 9.98700E+02
 2.20585E+03	 9.97333E+02
 2.20956E+03	 9.99667E+02
 2.21328E+03	 9.96067E+02
 2.21699E+03	 9.98167E+02
 2.22070E+03	 1.00183E+03
 2.22441E+03	 9.99567E+02
 2.22812E+03	 9.97400E+02
 2.23182E+03	 1.00023E+03
 2.23552E+03	 9.97367E+02
 2.23923E+03	 9.99000E+02
 2.24293E+03	 1.00040E+03
 2.24662E+03	 1.00090E+03
 2.25032E+03	 1.00143E+03
 2.25401E+03	 1.00267E+03
 2.25771E+03	 9.98933E+02
 2.26140E+03	 9.98933E+02
 2.26509E+03	 9.97867E+02
 2.26877E+03	 9.98233E+02
 2.27246E+03	 9.97067E+02
 2.27614E+03	 9.97833E+02
 2.27982E+03	 9.99300E+02
 2.28350E+03	 9.97133E+02
 2.28718E+03	 9.97833E+02
 2.29086E+03	 9.99000E+02
 2.29453E+03	 9.99067E+02
 2.29820E+03	 9.97767E+02
 2.30188E+03	 1.00113E+03
 2.30555E+03	 9.98567E+02
 2.30921E+03	 1.00007E+03
 2.31288E+03	 1.00020E+03
 2.31654E+03	 1.00003E+03
 2.32020E+03	 9.99133E+02
 2.32386E+03	 9.98867E+02
 2.32752E+03	 9.99367E+02
 2.33118E+03	 1.00147E+03
 2.33484E+03	 1.00027E+03
 2.33849E+03	 1.00427E+03
 2.34214E+03	 1.00137E+03
 2.34579E+03	 9.99100E+02
 2.34944E+03	 1.00130E+03
 2.35308E+03	 1.00153E+03
 2.35673E+03	 9.99867E+02
 2.36037E+03	 1.00350E+03
 2.36401E+03	 1.00160E+03
 2.36765E+03	 1.00260E+03
 2.37129E+03	 1.00047E+03
 2.37492E+03	 1.00533E+03
 2.37856E+03	 1.00487E+03
 2.38219E+03	 9.99700E+02
 2.38582E+03	 1.00400E+03
 2.38945E+03	 1.00333E+03
 2.39308E+03	 1.00660E+03
 2.39670E+03	 1.00677E+03
 2.40033E+03	 1.00437E+03
 2.40395E+03	 1.00693E+03
 2.40757E+03	 1.00313E+03
 2.41119E+03	 1.00527E+03
 2.41480E+03	 1.00360E+03
 2.41842E+03	 1.00523E+03
 2.42203E+03	 1.00470E+03
 2.42564E+03	 1.00290E+03
 2.42925E+03	 1.00643E+03
 2.43286E+03	 1.00147E+03
 2.43647E+03	 1.00363E+03
 2.44007E+03	 1.00300E+03
 2.44367E+03	 1.00273E+03
 2.44727E+03	 1.00367E+03
 2.45087E+03	 1.00700E+03
 2.45447E+03	 1.00343E+03
 2.45807E+03	 1.00620E+03
 2.46166E+03	 1.00723E+03
 2.46525E+03	 1.00660E+03
 2.46884E+03	 1.00563E+03
 2.47243E+03	 1.00777E+03
 2.47602E+03	 1.00623E+03
 2.47960E+03	 1.00437E+03
 2.48319E+03	 1.00500E+03
 2.48677E+03	 1.00857E+03
 2.49035E+03	 1.00447E+03
 2.49393E+03	 1.00950E+03
 2.49751E+03	 1.00800E+03
 2.50108E+03	 1.00917E+03
 2.50465E+03	 1.00617E+03
 2.50823E+03	 1.00820E+03
 2.51180E+03	 1.01013E+03
 2.51536E+03	 1.00813E+03
 2.51893E+03	 1.01033E+03
 2.52250E+03	 1.01070E+03
 2.52606E+03	 1.01113E+03
 2.52962E+03	 1.01040E+03
 2.53318E+03	 1.01293E+03
 2.53674E+03	 1.01533E+03
 2.54029E+03	 1.01363E+03
 2.54385E+03	 1.01253E+03
 2.54740E+03	 1.01073E+03
 2.55095E+03	 1.01360E+03
 2.55450E+03	 1.01387E+03
 2.55805E+03	 1.01373E+03
 2.56160E+03	 1.01243E+03
 2.56514E+03	 1.01707E+03
 2.56868E+03	 1.01847E+03
 2.57222E+03	 1.01787E+03
 2.57576E+03	 1.01367E+03
 2.57930E+03	 1.01333E+03
 2.58284E+03	 1.01473E+03
 2.58637E+03	 1.01643E+03
 2.58991E+03	 1.01710E+03
 2.59344E+03	 1.01720E+03
 2.59697E+03	 1.01670E+03
 2.60049E+03	 1.01423E+03
 2.60402E+03	 1.01513E+03
 2.60754E+03	 1.01390E+03
 2.61107E+03	 1.01743E+03
 2.61459E+03	 1.01553E+03
 2.61811E+03	 1.01510E+03
 2.62162E+03	 1.01893E+03
 2.62514E+03	 1.01933E+03
 2.62865E+03	 1.02160E+03
 2.63217E+03	 1.01800E+03
 2.63568E+03	 1.01813E+03
 2.63919E+03	 1.02067E+03
 2.64269E+03	 1.01870E+03
 2.64620E+03	 1.02040E+03
 2.64970E+03	 1.02290E+03
 2.65321E+03	 1.02620E+03
 2.65671E+03	 1.02437E+03
 2.66021E+03	 1.02423E+03
 2.66370E+03	 1.02357E+03
 2.66720E+03	 1.02547E+03
 2.67069E+03	 1.02800E+03
 2.67419E+03	 1.03127E+03
 2.67768E+03	 1.03180E+03
 2.68117E+03	 1.03777E+03
 2.68466E+03	 1.03407E+03
 2.68814E+03	 1.03517E+03
 2.69163E+03	 1.04280E+03
 2.69511E+03	 1.03967E+03
 2.69859E+03	 1.04117E+03
 2.70207E+03	 1.04430E+03
 2.70555E+03	 1.04710E+03
 2.70902E+03	 1.04800E+03
 2.71250E+03	 1.05270E+03
 2.71597E+03	 1.05310E+03
 2.71944E+03	 1.05547E+03
 2.72291E+03	 1.06037E+03
 2.72638E+03	 1.07157E+03
 2.72984E+03	 1.07260E+03
 2.73331E+03	 1.07560E+03
 2.73677E+03	 1.08450E+03
 2.74023E+03	 1.08593E+03
 2.74369E+03	 1.09160E+03
 2.74715E+03	 1.09403E+03
 2.75061E+03	 1.09670E+03
 2.75406E+03	 1.09913E+03
 2.75752E+03	 1.10670E+03
 2.76097E+03	 1.10860E+03
 2.76442E+03	 1.10083E+03
 2.76786E+03	 1.10293E+03
 2.77131E+03	 1.10960E+03
 2.77476E+03	 1.10567E+03
 2.77820E+03	 1.09850E+03
 2.78164E+03	 1.10143E+03
 2.78508E+03	 1.10153E+03
 2.78852E+03	 1.10237E+03
 2.79196E+03	 1.09907E+03
 2.79539E+03	 1.10017E+03
 2.79883E+03	 1.10710E+03
 2.80226E+03	 1.11453E+03
 2.80569E+03	 1.10780E+03
 2.80912E+03	 1.11607E+03
 2.81254E+03	 1.11870E+03
 2.81597E+03	 1.13157E+03
 2.81939E+03	 1.13317E+03
 2.82282E+03	 1.14307E+03
 2.82624E+03	 1.15150E+03
 2.82966E+03	 1.16873E+03
 2.83307E+03	 1.18373E+03
 2.83649E+03	 1.18307E+03
 2.83990E+03	 1.19490E+03
 2.84332E+03	 1.21950E+03
 2.84673E+03	 1.23090E+03
 2.85014E+03	 1.25450E+03
 2.85354E+03	 1.27597E+03
 2.85695E+03	 1.30130E+03
 2.86036E+03	 1.33150E+03
 2.86376E+03	 1.36013E+03
 2.86716E+03	 1.38837E+03
 2.87056E+03	 1.42937E+03
 2.87396E+03	 1.47780E+03
 2.87736E+03	 1.52607E+03
 2.88075E+03	 1.59740E+03
 2.88414E+03	 1.64303E+03
 2.88754E+03	 1.73210E+03
 2.89093E+03	 1.81000E+03
 2.89431E+03	 1.88610E+03
 2.89770E+03	 1.93693E+03
 2.90109E+03	 1.92550E+03
 2.90447E+03	 1.94780E+03
 2.90785E+03	 1.92630E+03
 2.91123E+03	 1.90357E+03
 2.91461E+03	 1.88007E+03
 2.91799E+03	 1.89337E+03
 2.92137E+03	 1.83947E+03
 2.92474E+03	 1.82210E+03
 2.92811E+03	 1.80207E+03
 2.93149E+03	 1.83293E+03
 2.93486E+03	 1.85817E+03
 2.93822E+03	 1.86500E+03
 2.94159E+03	 1.88403E+03
 2.94496E+03	 1.89337E+03
 2.94832E+03	 1.93543E+03
 2.95168E+03	 1.94087E+03
 2.95504E+03	 1.91777E+03
 2.95840E+03	 1.92723E+03
 2.96176E+03	 1.91453E+03
 2.96511E+03	 1.88517E+03
 2.96847E+03	 1.82700E+03
 2.97182E+03	 1.82540E+03
 2.97517E+03	 1.76497E+03
 2.97852E+03	 1.70280E+03
 2.98187E+03	 1.64920E+03
 2.98521E+03	 1.58137E+03
 2.98856E+03	 1.49820E+03
 2.99190E+03	 1.44270E+03
 2.99524E+03	 1.37030E+03
 2.99858E+03	 1.30667E+03
 3.00192E+03	 1.25660E+03
 3.00526E+03	 1.22603E+03
 3.00859E+03	 1.19313E+03
 3.01193E+03	 1.15320E+03
 3.01526E+03	 1.12527E+03
 3.01859E+03	 1.11577E+03
 3.02192E+03	 1.10230E+03
 3.02525E+03	 1.08623E+03
 3.02857E+03	 1.08223E+03
 3.03190E+03	 1.07160E+03
 3.03522E+03	 1.05983E+03
 3.03854E+03	 1.06017E+03
 3.04186E+03	 1.05803E+03
 3.04518E+03	 1.05383E+03
 3.04850E+03	 1.04930E+03
 3.05181E+03	 1.04923E+03
 3.05512E+03	 1.04817E+03
 3.05844E+03	 1.03900E+03
 3.06175E+03	 1.04570E+03
 3.06506E+03	 1.04510E+03
 3.06836E+03	 1.04400E+03
 3.07167E+03	 1.04183E+03
 3.07497E+03	 1.03880E+03
 3.07828E+03	 1.04033E+03
 3.08158E+03	 1.04193E+03
 3.08488E+03	 1.04280E+03
 3.08818E+03	 1.04003E+03
 3.09147E+03	 1.04240E+03
 3.09477E+03	 1.04033E+03
 3.09806E+03	 1.04250E+03
 3.10135E+03	 1.04460E+03
 3.10464E+03	 1.04423E+03
 3.10793E+03	 1.04413E+03
 3.11122E+03	 1.04267E+03
 3.11451E+03	 1.04680E+03
 3.11779E+03	 1.04783E+03
 3.12107E+03	 1.05083E+03
 3.12436E+03	 1.05090E+03
 3.12764E+03	 1.04940E+03
 3.13091E+03	 1.05743E+03
 3.13419E+03	 1.05663E+03
 3.13747E+03	 1.05913E+03
 3.14074E+03	 1.06550E+03
 3.14401E+03	 1.05987E+03
 3.14728E+03	 1.06690E+03
 3.15055E+03	 1.06927E+03
 3.15382E+03	 1.06590E+03
 3.15709E+03	 1.07087E+03
 3.16035E+03	 1.07543E+03
 3.16362E+03	 1.07300E+03
 3.16688E+03	 1.07673E+03
 3.17014E+03	 1.08543E+03
 3.17340E+03	 1.08240E+03
 3.17665E+03	 1.08583E+03
 3.17991E+03	 1.08213E+03
 3.18316E+03	 1.08547E+03
 3.18642E+03	 1.08887E+03
 3.18967E+03	 1.08927E+03
 3.19292E+03	 1.09270E+03
 3.19617E+03	 1.09820E+03
 3.19941E+03	 1.10170E+03
 3.20266E+03	 1.10437E+03
 3.20590E+03	 1.10157E+03
 3.20914E+03	 1.10170E+03
 3.21238E+03	 1.10920E+03
 3.21562E+03	 1.11167E+03
 3.21886E+03	 1.11327E+03
 3.22210E+03	 1.10933E+03
 3.22533E+03	 1.12033E+03
 3.22857E+03	 1.11970E+03
 3.23180E+03	 1.12177E+03
 3.23503E+03	 1.12940E+03
 3.23826E+03	 1.12997E+03
 3.24148E+03	 1.12260E+03
 3.24471E+03	 1.12643E+03
 3.24793E+03	 1.13603E+03
 3.25116E+03	 1.13420E+03
 3.25438E+03	 1.13750E+03
 3.25760E+03	 1.13550E+03
 3.26082E+03	 1.13577E+03
 3.26403E+03	 1.14210E+03
 3.26725E+03	 1.14043E+03
 3.27046E+03	 1.14280E+03
 3.27368E+03	 1.14637E+03
 3.27689E+03	 1.13973E+03
 3.28010E+03	 1.14330E+03
 3.28331E+03	 1.14610E+03
 3.28651E+03	 1.14933E+03
 3.28972E+03	 1.14237E+03
 3.29292E+03	 1.14753E+03
 3.29612E+03	 1.14727E+03
 3.29932E+03	 1.14623E+03
 3.30252E+03	 1.14830E+03
 3.30572E+03	 1.14770E+03
 3.30892E+03	 1.14580E+03
 3.31211E+03	 1.15807E+03
 3.31531E+03	 1.14713E+03
 3.31850E+03	 1.14363E+03
 3.32169E+03	 1.16580E+03
 3.32488E+03	 1.15443E+03
 3.32807E+03	 1.15347E+03
 3.33125E+03	 1.14937E+03
 3.33444E+03	 1.15737E+03
 3.33762E+03	 1.15650E+03
 3.34080E+03	 1.14657E+03
 3.34398E+03	 1.15980E+03
 3.34716E+03	 1.16327E+03
 3.35034E+03	 1.15400E+03
 3.35351E+03	 1.15100E+03
 3.35669E+03	 1.15007E+03
 3.35986E+03	 1.15360E+03
 3.36303E+03	 1.15743E+03
 3.36620E+03	 1.15640E+03
 3.36937E+03	 1.15320E+03
 3.37254E+03	 1.15900E+03
 3.37570E+03	 1.16523E+03
 3.37887E+03	 1.16670E+03
 3.38203E+03	 1.15997E+03
 3.38519E+03	 1.15713E+03
 3.38835E+03	 1.14527E+03
 3.39151E+03	 1.15683E+03
 3.39467E+03	 1.16080E+03
 3.39782E+03	 1.15157E+03
 3.40098E+03	 1.15813E+03
 3.40413E+03	 1.15183E+03
 3.40728E+03	 1.15337E+03
 3.41043E+03	 1.14507E+03
 3.41358E+03	 1.14577E+03
 3.41673E+03	 1.14693E+03
 3.41987E+03	 1.14827E+03
 3.42302E+03	 1.14240E+03
 3.42616E+03	 1.14387E+03
 3.42930E+03	 1.14407E+03
 3.43244E+03	 1.13590E+03
 3.43558E+03	 1.13947E+03
 3.43872E+03	 1.12983E+03
 3.44185E+03	 1.13030E+03
 3.44499E+03	 1.13560E+03
 3.44812E+03	 1.13367E+03
 3.45125E+03	 1.12540E+03
 3.45438E+03	 1.12570E+03
 3.45751E+03	 1.11927E+03
 3.46064E+03	 1.12067E+03
 3.46376E+03	 1.12483E+03
 3.46689E+03	 1.12173E+03
 3.47001E+03	 1.11070E+03
 3.47313E+03	 1.10820E+03
 3.47625E+03	 1.10120E+03
 3.47937E+03	 1.10440E+03
 3.48249E+03	 1.10573E+03
 3.48560E+03	 1.10243E+03
 3.48872E+03	 1.09947E+03
 3.49183E+03	 1.08920E+03
 3.49494E+03	 1.08717E+03
 3.49805E+03	 1.08317E+03
 3.50116E+03	 1.08377E+03
 3.50427E+03	 1.08553E+03
 3.50737E+03	 1.07350E+03
 3.51048E+03	 1.07047E+03
 3.51358E+03	 1.06707E+03
 3.51668E+03	 1.06437E+03
 3.51978E+03	 1.06363E+03
 3.52288E+03	 1.06050E+03
 3.52598E+03	 1.05283E+03
 3.52907E+03	 1.05290E+03
 3.53217E+03	 1.05013E+03
 3.53526E+03	 1.04177E+03
 3.53835E+03	 1.04557E+03
 3.54144E+03	 1.04167E+03
 3.54453E+03	 1.03247E+03
 3.54762E+03	 1.03077E+03
 3.55071E+03	 1.03313E+03
 3.55379E+03	 1.02600E+03
 3.55687E+03	 1.02533E+03
 3.55996E+03	 1.02293E+03
 3.56304E+03	 1.02107E+03
 3.56612E+03	 1.01407E+03
 3.56919E+03	 1.01217E+03
 3.57227E+03	 1.01090E+03
 3.57535E+03	 1.01240E+03
 3.57842E+03	 1.00780E+03
 3.58149E+03	 1.00383E+03
 3.58456E+03	 1.00040E+03
 3.58763E+03	 9.98800E+02
 3.59070E+03	 9.94800E+02
 3.59377E+03	 9.95800E+02
 3.59683E+03	 9.92867E+02
 3.59990E+03	 9.90167E+02
 3.60296E+03	 9.92333E+02
 3.60602E+03	 9.90433E+02
 3.60908E+03	 9.86633E+02
 3.61214E+03	 9.83067E+02
 3.61519E+03	 9.79233E+02
 3.61825E+03	 9.78467E+02
 3.62130E+03	 9.77800E+02
 3.62436E+03	 9.72933E+02
 3.62741E+03	 9.71533E+02
 3.63046E+03	 9.68733E+02
 3.63351E+03	 9.70533E+02
 3.63656E+03	 9.68000E+02
 3.63960E+03	 9.66900E+02
 3.64265E+03	 9.64800E+02
 3.64569E+03	 9.63333E+02
 3.64873E+03	 9.62667E+02
 3.65177E+03	 9.62800E+02
 3.65481E+03	 9.61167E+02
 3.65785E+03	 9.58400E+02
 3.66089E+03	 9.56533E+02
 3.66392E+03	 9.56433E+02
 3.66695E+03	 9.55967E+02
 3.66999E+03	 9.56233E+02
 3.67302E+03	 9.55067E+02
 3.67605E+03	 9.50800E+02
 3.67908E+03	 9.52767E+02
 3.68210E+03	 9.50100E+02
 3.68513E+03	 9.50333E+02
 3.68815E+03	 9.52867E+02
 3.69117E+03	 9.52167E+02
 3.69420E+03	 9.50167E+02
 3.69722E+03	 9.47600E+02
 3.70023E+03	 9.47767E+02
 3.70325E+03	 9.49167E+02
 3.70627E+03	 9.46500E+02
 3.70928E+03	 9.46533E+02
 3.71230E+03	 9.44267E+02
 3.71531E+03	 9.44967E+02
 3.71832E+03	 9.45167E+02
 3.72133E+03	 9.44000E+02
 3.72434E+03	 9.44267E+02
 3.72734E+03	 9.45200E+02
 3.73035E+03	 9.42033E+02
 3.73335E+03	 9.43433E+02
 3.73635E+03	 9.43933E+02
 3.73936E+03	 9.41733E+02
 3.74236E+03	 9.40567E+02
 3.74535E+03	 9.39667E+02
 3.74835E+03	 9.40633E+02
 3.75135E+03	 9.40300E+02
 3.75434E+03	 9.40067E+02
 3.75733E+03	 9.43667E+02
 3.76033E+03	 9.40333E+02
 3.76332E+03	 9.41167E+02
 3.76631E+03	 9.39667E+02
 3.76929E+03	 9.39300E+02
 3.77228E+03	 9.37533E+02
 3.77527E+03	 9.40600E+02
 3.77825E+03	 9.37067E+02
 3.78123E+03	 9.36167E+02
 3.78421E+03	 9.38567E+02
 3.78719E+03	 9.33900E+02
