-1.40382E+02	 9.01833E+02
-1.35457E+02	 9.04033E+02
-1.30535E+02	 9.03700E+02
-1.25616E+02	 9.03167E+02
-1.20700E+02	 9.05367E+02
-1.15786E+02	 9.05133E+02
-1.10875E+02	 9.05700E+02
-1.05967E+02	 9.03833E+02
-1.01061E+02	 9.05067E+02
-9.61580E+01	 9.05400E+02
-9.12576E+01	 9.03733E+02
-8.63599E+01	 9.04467E+02
-8.14648E+01	 9.05067E+02
-7.65724E+01	 9.04333E+02
-7.16827E+01	 9.04133E+02
-6.67956E+01	 9.05600E+02
-6.19111E+01	 9.04867E+02
-5.70293E+01	 9.04200E+02
-5.21502E+01	 9.05967E+02
-4.72737E+01	 9.06133E+02
-4.23998E+01	 9.05833E+02
-3.75286E+01	 9.05400E+02
-3.26600E+01	 9.05867E+02
-2.77941E+01	 9.05033E+02
-2.29308E+01	 9.05167E+02
-1.80701E+01	 9.05433E+02
-1.32121E+01	 9.07633E+02
-8.35667E+00	 9.08033E+02
-3.50389E+00	 9.10167E+02
 1.34626E+00	 9.18900E+02
 6.19379E+00	 1.00013E+03
 1.10387E+01	 1.96127E+03
 1.58810E+01	 3.50013E+03
 2.07207E+01	 2.31217E+03
 2.55577E+01	 1.02887E+03
 3.03922E+01	 9.14800E+02
 3.52240E+01	 9.08867E+02
 4.00532E+01	 9.06833E+02
 4.48798E+01	 9.06100E+02
 4.97038E+01	 9.06700E+02
 5.45252E+01	 9.04767E+02
 5.93440E+01	 9.05400E+02
 6.41602E+01	 9.06067E+02
 6.89738E+01	 9.06333E+02
 7.37848E+01	 9.09700E+02
 7.85932E+01	 9.19900E+02
 8.33991E+01	 9.48367E+02
 8.82023E+01	 1.00767E+03
 9.30029E+01	 1.07197E+03
 9.78010E+01	 1.11473E+03
 1.02596E+02	 1.12450E+03
 1.07389E+02	 1.13443E+03
 1.12180E+02	 1.13680E+03
 1.16967E+02	 1.13580E+03
 1.21753E+02	 1.12457E+03
 1.26535E+02	 1.11183E+03
 1.31315E+02	 1.11117E+03
 1.36093E+02	 1.11367E+03
 1.40867E+02	 1.10620E+03
 1.45640E+02	 1.09617E+03
 1.50409E+02	 1.09143E+03
 1.55177E+02	 1.08487E+03
 1.59941E+02	 1.07350E+03
 1.64703E+02	 1.07360E+03
 1.69463E+02	 1.06813E+03
 1.74220E+02	 1.06730E+03
 1.78974E+02	 1.06013E+03
 1.83726E+02	 1.05340E+03
 1.88475E+02	 1.05200E+03
 1.93222E+02	 1.04980E+03
 1.97966E+02	 1.04310E+03
 2.02708E+02	 1.04267E+03
 2.07447E+02	 1.04263E+03
 2.12184E+02	 1.04093E+03
 2.16918E+02	 1.04143E+03
 2.21649E+02	 1.03583E+03
 2.26378E+02	 1.03003E+03
 2.31105E+02	 1.02707E+03
 2.35829E+02	 1.02263E+03
 2.40550E+02	 1.02640E+03
 2.45269E+02	 1.02400E+03
 2.49985E+02	 1.03017E+03
 2.54699E+02	 1.02543E+03
 2.59410E+02	 1.01930E+03
 2.64119E+02	 1.01603E+03
 2.68825E+02	 1.01723E+03
 2.73529E+02	 1.01660E+03
 2.78230E+02	 1.01380E+03
 2.82929E+02	 1.01353E+03
 2.87625E+02	 1.01500E+03
 2.92319E+02	 1.01493E+03
 2.97010E+02	 1.01153E+03
 3.01699E+02	 1.00837E+03
 3.06385E+02	 1.00913E+03
 3.11069E+02	 1.00847E+03
 3.15750E+02	 1.00687E+03
 3.20428E+02	 1.00737E+03
 3.25105E+02	 1.00970E+03
 3.29778E+02	 1.00967E+03
 3.34450E+02	 1.00590E+03
 3.39118E+02	 1.00710E+03
 3.43785E+02	 1.00490E+03
 3.48448E+02	 1.00810E+03
 3.53110E+02	 1.00577E+03
 3.57768E+02	 1.00627E+03
 3.62425E+02	 1.00467E+03
 3.67079E+02	 9.99000E+02
 3.71730E+02	 9.97900E+02
 3.76379E+02	 9.95567E+02
 3.81025E+02	 9.94100E+02
 3.85669E+02	 9.95200E+02
 3.90311E+02	 1.00417E+03
 3.94950E+02	 1.00237E+03
 3.99586E+02	 1.00350E+03
 4.04220E+02	 1.00763E+03
 4.08852E+02	 1.00597E+03
 4.13481E+02	 1.00593E+03
 4.18108E+02	 1.01277E+03
 4.22732E+02	 1.02267E+03
 4.27354E+02	 1.03587E+03
 4.31973E+02	 1.03940E+03
 4.36590E+02	 1.04583E+03
 4.41205E+02	 1.04207E+03
 4.45817E+02	 1.03090E+03
 4.50426E+02	 1.02323E+03
 4.55034E+02	 1.01417E+03
 4.59638E+02	 1.01460E+03
 4.64241E+02	 1.01067E+03
 4.68840E+02	 1.00483E+03
 4.73438E+02	 1.00610E+03
 4.78033E+02	 1.01017E+03
 4.82625E+02	 1.01497E+03
 4.87215E+02	 1.02963E+03
 4.91803E+02	 1.04530E+03
 4.96388E+02	 1.07107E+03
 5.00971E+02	 1.08047E+03
 5.05552E+02	 1.07887E+03
 5.10129E+02	 1.08300E+03
 5.14705E+02	 1.05467E+03
 5.19278E+02	 1.04070E+03
 5.23849E+02	 1.02973E+03
 5.28417E+02	 1.01480E+03
 5.32983E+02	 1.00647E+03
 5.37547E+02	 9.97767E+02
 5.42108E+02	 1.00200E+03
 5.46666E+02	 1.00030E+03
 5.51223E+02	 9.97900E+02
 5.55777E+02	 1.00150E+03
 5.60328E+02	 1.00223E+03
 5.64877E+02	 1.00603E+03
 5.69424E+02	 1.00617E+03
 5.73968E+02	 1.00547E+03
 5.78510E+02	 1.00553E+03
 5.83049E+02	 1.00210E+03
 5.87587E+02	 9.97133E+02
 5.92121E+02	 9.95000E+02
 5.96654E+02	 9.91833E+02
 6.01184E+02	 9.93000E+02
 6.05711E+02	 9.93667E+02
 6.10236E+02	 9.91567E+02
 6.14759E+02	 9.92533E+02
 6.19280E+02	 9.86600E+02
 6.23798E+02	 9.89033E+02
 6.28313E+02	 9.87633E+02
 6.32827E+02	 9.93133E+02
 6.37338E+02	 9.90633E+02
 6.41846E+02	 9.89800E+02
 6.46352E+02	 9.92467E+02
 6.50856E+02	 9.90467E+02
 6.55358E+02	 9.94933E+02
 6.59857E+02	 9.93200E+02
 6.64354E+02	 9.98767E+02
 6.68848E+02	 1.00123E+03
 6.73340E+02	 1.00407E+03
 6.77830E+02	 1.00357E+03
 6.82317E+02	 1.00800E+03
 6.86802E+02	 1.01627E+03
 6.91285E+02	 1.02333E+03
 6.95765E+02	 1.02143E+03
 7.00243E+02	 1.01643E+03
 7.04718E+02	 1.00930E+03
 7.09192E+02	 1.00223E+03
 7.13663E+02	 9.94567E+02
 7.18131E+02	 9.88500E+02
 7.22597E+02	 9.89700E+02
 7.27061E+02	 9.87967E+02
 7.31523E+02	 9.90000E+02
 7.35982E+02	 9.84767E+02
 7.40439E+02	 9.83833E+02
 7.44894E+02	 9.83067E+02
 7.49346E+02	 9.83067E+02
 7.53796E+02	 9.87400E+02
 7.58243E+02	 9.85033E+02
 7.62689E+02	 9.81900E+02
 7.67132E+02	 9.83200E+02
 7.71572E+02	 9.85133E+02
 7.76011E+02	 9.83467E+02
 7.80447E+02	 9.82233E+02
 7.84880E+02	 9.86267E+02
 7.89312E+02	 9.86333E+02
 7.93741E+02	 9.89133E+02
 7.98167E+02	 9.92033E+02
 8.02592E+02	 9.92400E+02
 8.07014E+02	 9.97067E+02
 8.11434E+02	 9.94367E+02
 8.15851E+02	 9.99933E+02
 8.20267E+02	 9.97933E+02
 8.24680E+02	 1.01090E+03
 8.29090E+02	 1.03013E+03
 8.33499E+02	 1.05267E+03
 8.37905E+02	 1.07533E+03
 8.42309E+02	 1.07073E+03
 8.46710E+02	 1.05857E+03
 8.51109E+02	 1.06187E+03
 8.55506E+02	 1.07617E+03
 8.59901E+02	 1.10247E+03
 8.64293E+02	 1.13463E+03
 8.68683E+02	 1.14440E+03
 8.73071E+02	 1.14620E+03
 8.77456E+02	 1.12890E+03
 8.81840E+02	 1.11190E+03
 8.86221E+02	 1.08357E+03
 8.90599E+02	 1.06613E+03
 8.94976E+02	 1.03913E+03
 8.99350E+02	 1.01783E+03
 9.03722E+02	 1.00607E+03
 9.08091E+02	 1.00043E+03
 9.12459E+02	 1.00157E+03
 9.16824E+02	 1.01073E+03
 9.21187E+02	 1.01977E+03
 9.25547E+02	 1.02890E+03
 9.29905E+02	 1.04273E+03
 9.34261E+02	 1.05613E+03
 9.38615E+02	 1.06660E+03
 9.42967E+02	 1.07417E+03
 9.47316E+02	 1.06983E+03
 9.51663E+02	 1.04943E+03
 9.56008E+02	 1.03233E+03
 9.60350E+02	 1.01040E+03
 9.64691E+02	 9.97867E+02
 9.69029E+02	 9.89333E+02
 9.73364E+02	 9.92800E+02
 9.77698E+02	 9.91667E+02
 9.82029E+02	 9.95700E+02
 9.86358E+02	 1.00323E+03
 9.90685E+02	 1.01383E+03
 9.95010E+02	 1.02033E+03
 9.99332E+02	 1.02017E+03
 1.00365E+03	 1.00910E+03
 1.00797E+03	 1.00063E+03
 1.01229E+03	 9.95433E+02
 1.01660E+03	 9.95467E+02
 1.02091E+03	 9.93367E+02
 1.02522E+03	 9.94433E+02
 1.02953E+03	 9.98033E+02
 1.03383E+03	 1.00443E+03
 1.03813E+03	 1.01343E+03
 1.04243E+03	 1.02267E+03
 1.04673E+03	 1.04380E+03
 1.05103E+03	 1.06517E+03
 1.05532E+03	 1.08250E+03
 1.05961E+03	 1.10443E+03
 1.06390E+03	 1.13223E+03
 1.06819E+03	 1.15287E+03
 1.07247E+03	 1.15967E+03
 1.07676E+03	 1.15880E+03
 1.08104E+03	 1.14223E+03
 1.08531E+03	 1.13773E+03
 1.08959E+03	 1.13103E+03
 1.09386E+03	 1.10390E+03
 1.09813E+03	 1.10190E+03
 1.10240E+03	 1.10503E+03
 1.10667E+03	 1.09273E+03
 1.11094E+03	 1.09503E+03
 1.11520E+03	 1.08873E+03
 1.11946E+03	 1.08317E+03
 1.12372E+03	 1.09193E+03
 1.12797E+03	 1.10087E+03
 1.13223E+03	 1.09690E+03
 1.13648E+03	 1.08130E+03
 1.14073E+03	 1.06197E+03
 1.14498E+03	 1.04167E+03
 1.14922E+03	 1.02143E+03
 1.15347E+03	 1.00443E+03
 1.15771E+03	 9.96567E+02
 1.16194E+03	 9.91467E+02
 1.16618E+03	 9.87267E+02
 1.17042E+03	 9.86767E+02
 1.17465E+03	 9.85033E+02
 1.17888E+03	 9.83233E+02
 1.18311E+03	 9.83600E+02
 1.18733E+03	 9.86267E+02
 1.19156E+03	 9.84800E+02
 1.19578E+03	 9.88700E+02
 1.20000E+03	 9.88033E+02
 1.20421E+03	 9.91833E+02
 1.20843E+03	 9.98900E+02
 1.21264E+03	 1.00310E+03
 1.21685E+03	 1.00623E+03
 1.22106E+03	 1.01093E+03
 1.22527E+03	 1.01337E+03
 1.22947E+03	 1.01740E+03
 1.23367E+03	 1.02500E+03
 1.23787E+03	 1.02743E+03
 1.24207E+03	 1.03027E+03
 1.24627E+03	 1.03447E+03
 1.25046E+03	 1.03523E+03
 1.25465E+03	 1.04330E+03
 1.25884E+03	 1.05120E+03
 1.26303E+03	 1.05857E+03
 1.26721E+03	 1.05873E+03
 1.27140E+03	 1.06163E+03
 1.27558E+03	 1.05850E+03
 1.27975E+03	 1.05790E+03
 1.28393E+03	 1.05030E+03
 1.28811E+03	 1.04943E+03
 1.29228E+03	 1.05120E+03
 1.29645E+03	 1.04833E+03
 1.30062E+03	 1.03967E+03
 1.30478E+03	 1.03827E+03
 1.30895E+03	 1.03650E+03
 1.31311E+03	 1.03160E+03
 1.31727E+03	 1.03080E+03
 1.32142E+03	 1.03410E+03
 1.32558E+03	 1.03830E+03
 1.32973E+03	 1.03517E+03
 1.33388E+03	 1.04167E+03
 1.33803E+03	 1.04063E+03
 1.34218E+03	 1.03907E+03
 1.34632E+03	 1.03627E+03
 1.35047E+03	 1.03483E+03
 1.35461E+03	 1.03477E+03
 1.35875E+03	 1.03873E+03
 1.36288E+03	 1.04430E+03
 1.36702E+03	 1.04277E+03
 1.37115E+03	 1.04413E+03
 1.37528E+03	 1.04007E+03
 1.37941E+03	 1.03553E+03
 1.38353E+03	 1.03330E+03
 1.38766E+03	 1.03077E+03
 1.39178E+03	 1.02723E+03
 1.39590E+03	 1.03303E+03
 1.40001E+03	 1.02827E+03
 1.40413E+03	 1.02827E+03
 1.40824E+03	 1.02630E+03
 1.41235E+03	 1.02157E+03
 1.41646E+03	 1.02240E+03
 1.42057E+03	 1.02810E+03
 1.42468E+03	 1.02607E+03
 1.42878E+03	 1.02430E+03
 1.43288E+03	 1.02483E+03
 1.43698E+03	 1.02330E+03
 1.44107E+03	 1.02023E+03
 1.44517E+03	 1.01473E+03
 1.44926E+03	 1.01570E+03
 1.45335E+03	 1.01963E+03
 1.45744E+03	 1.02043E+03
 1.46153E+03	 1.02607E+03
 1.46561E+03	 1.04423E+03
 1.46969E+03	 1.06867E+03
 1.47377E+03	 1.09410E+03
 1.47785E+03	 1.12270E+03
 1.48193E+03	 1.14057E+03
 1.48600E+03	 1.13800E+03
 1.49007E+03	 1.12400E+03
 1.49414E+03	 1.09237E+03
 1.49821E+03	 1.05753E+03
 1.50228E+03	 1.02910E+03
 1.50634E+03	 1.00950E+03
 1.51040E+03	 9.94667E+02
 1.51446E+03	 9.87367E+02
 1.51852E+03	 9.81867E+02
 1.52258E+03	 9.77333E+02
 1.52663E+03	 9.77300E+02
 1.53068E+03	 9.74233E+02
 1.53473E+03	 9.73433E+02
 1.53878E+03	 9.74067E+02
 1.54282E+03	 9.74467E+02
 1.54687E+03	 9.73300E+02
 1.55091E+03	 9.75200E+02
 1.55495E+03	 9.74333E+02
 1.55899E+03	 9.73267E+02
 1.56302E+03	 9.72533E+02
 1.56705E+03	 9.71833E+02
 1.57109E+03	 9.72667E+02
 1.57512E+03	 9.72133E+02
 1.57914E+03	 9.74233E+02
 1.58317E+03	 9.72633E+02
 1.58719E+03	 9.73700E+02
 1.59121E+03	 9.72233E+02
 1.59523E+03	 9.72367E+02
 1.59925E+03	 9.69333E+02
 1.60326E+03	 9.72433E+02
 1.60728E+03	 9.71233E+02
 1.61129E+03	 9.70833E+02
 1.61530E+03	 9.70267E+02
 1.61930E+03	 9.70933E+02
 1.62331E+03	 9.68667E+02
 1.62731E+03	 9.68633E+02
 1.63131E+03	 9.71400E+02
 1.63531E+03	 9.71567E+02
 1.63931E+03	 9.67633E+02
 1.64330E+03	 9.68133E+02
 1.64730E+03	 9.69000E+02
 1.65129E+03	 9.72167E+02
 1.65528E+03	 9.69333E+02
 1.65926E+03	 9.70333E+02
 1.66325E+03	 9.70600E+02
 1.66723E+03	 9.70233E+02
 1.67121E+03	 9.68733E+02
 1.67519E+03	 9.67533E+02
 1.67917E+03	 9.65833E+02
 1.68314E+03	 9.69200E+02
 1.68712E+03	 9.69133E+02
 1.69109E+03	 9.68933E+02
 1.69506E+03	 9.64933E+02
 1.69903E+03	 9.66867E+02
 1.70299E+03	 9.64433E+02
 1.70695E+03	 9.65367E+02
 1.71092E+03	 9.65433E+02
 1.71487E+03	 9.65733E+02
 1.71883E+03	 9.66667E+02
 1.72279E+03	 9.65200E+02
 1.72674E+03	 9.63333E+02
 1.73069E+03	 9.61533E+02
 1.73464E+03	 9.64800E+02
 1.73859E+03	 9.62967E+02
 1.74253E+03	 9.61300E+02
 1.74648E+03	 9.61367E+02
 1.75042E+03	 9.62633E+02
 1.75436E+03	 9.65367E+02
 1.75830E+03	 9.64167E+02
 1.76223E+03	 9.63933E+02
 1.76617E+03	 9.61867E+02
 1.77010E+03	 9.63933E+02
 1.77403E+03	 9.63200E+02
 1.77796E+03	 9.61033E+02
 1.78188E+03	 9.61333E+02
 1.78581E+03	 9.64200E+02
 1.78973E+03	 9.60167E+02
 1.79365E+03	 9.62600E+02
 1.79757E+03	 9.60933E+02
 1.80148E+03	 9.61867E+02
 1.80540E+03	 9.62667E+02
 1.80931E+03	 9.60067E+02
 1.81322E+03	 9.60533E+02
 1.81713E+03	 9.65267E+02
 1.82104E+03	 9.61100E+02
 1.82494E+03	 9.62400E+02
 1.82884E+03	 9.58833E+02
 1.83274E+03	 9.60633E+02
 1.83664E+03	 9.62533E+02
 1.84054E+03	 9.59700E+02
 1.84443E+03	 9.60467E+02
 1.84833E+03	 9.61733E+02
 1.85222E+03	 9.61367E+02
 1.85611E+03	 9.58433E+02
 1.85999E+03	 9.62233E+02
 1.86388E+03	 9.60867E+02
 1.86776E+03	 9.60333E+02
 1.87164E+03	 9.59067E+02
 1.87552E+03	 9.61567E+02
 1.87940E+03	 9.59333E+02
 1.88328E+03	 9.59233E+02
 1.88715E+03	 9.59600E+02
 1.89102E+03	 9.60133E+02
 1.89489E+03	 9.58167E+02
 1.89876E+03	 9.58800E+02
 1.90263E+03	 9.62200E+02
 1.90649E+03	 9.58933E+02
 1.91035E+03	 9.59333E+02
 1.91421E+03	 9.59933E+02
 1.91807E+03	 9.61167E+02
 1.92193E+03	 9.60533E+02
 1.92578E+03	 9.60033E+02
 1.92964E+03	 9.59267E+02
 1.93349E+03	 9.61033E+02
 1.93734E+03	 9.61467E+02
 1.94118E+03	 9.59700E+02
 1.94503E+03	 9.60800E+02
 1.94887E+03	 9.58400E+02
 1.95271E+03	 9.59800E+02
 1.95655E+03	 9.58733E+02
 1.96039E+03	 9.60533E+02
 1.96423E+03	 9.59933E+02
 1.96806E+03	 9.57767E+02
 1.97189E+03	 9.60267E+02
 1.97572E+03	 9.59900E+02
 1.97955E+03	 9.60400E+02
 1.98338E+03	 9.58033E+02
 1.98720E+03	 9.59200E+02
 1.99103E+03	 9.58567E+02
 1.99485E+03	 9.60133E+02
 1.99866E+03	 9.58000E+02
 2.00248E+03	 9.60067E+02
 2.00630E+03	 9.58133E+02
 2.01011E+03	 9.58433E+02
 2.01392E+03	 9.58533E+02
 2.01773E+03	 9.59667E+02
 2.02154E+03	 9.59867E+02
 2.02534E+03	 9.60367E+02
 2.02915E+03	 9.59800E+02
 2.03295E+03	 9.61800E+02
 2.03675E+03	 9.57900E+02
 2.04055E+03	 9.57067E+02
 2.04435E+03	 9.59700E+02
 2.04814E+03	 9.59667E+02
 2.05193E+03	 9.60400E+02
 2.05572E+03	 9.58267E+02
 2.05951E+03	 9.59500E+02
 2.06330E+03	 9.61033E+02
 2.06708E+03	 9.60267E+02
 2.07087E+03	 9.61400E+02
 2.07465E+03	 9.57800E+02
 2.07843E+03	 9.58267E+02
 2.08221E+03	 9.62000E+02
 2.08598E+03	 9.59933E+02
 2.08976E+03	 9.57333E+02
 2.09353E+03	 9.58167E+02
 2.09730E+03	 9.58200E+02
 2.10107E+03	 9.57767E+02
 2.10484E+03	 9.60100E+02
 2.10860E+03	 9.61500E+02
 2.11236E+03	 9.61033E+02
 2.11613E+03	 9.58433E+02
 2.11989E+03	 9.58500E+02
 2.12364E+03	 9.60933E+02
 2.12740E+03	 9.60167E+02
 2.13115E+03	 9.60500E+02
 2.13490E+03	 9.57933E+02
 2.13866E+03	 9.58767E+02
 2.14240E+03	 9.59233E+02
 2.14615E+03	 9.58300E+02
 2.14990E+03	 9.60867E+02
 2.15364E+03	 9.59567E+02
 2.15738E+03	 9.59033E+02
 2.16112E+03	 9.58133E+02
 2.16486E+03	 9.59133E+02
 2.16859E+03	 9.59867E+02
 2.17233E+03	 9.59000E+02
 2.17606E+03	 9.60100E+02
 2.17979E+03	 9.61167E+02
 2.18352E+03	 9.59000E+02
 2.18724E+03	 9.60300E+02
 2.19097E+03	 9.60367E+02
 2.19469E+03	 9.59333E+02
 2.19841E+03	 9.60733E+02
 2.20213E+03	 9.60933E+02
 2.20585E+03	 9.58600E+02
 2.20956E+03	 9.60767E+02
 2.21328E+03	 9.57500E+02
 2.21699E+03	 9.60900E+02
 2.22070E+03	 9.57933E+02
 2.22441E+03	 9.59567E+02
 2.22812E+03	 9.59000E+02
 2.23182E+03	 9.60033E+02
 2.23552E+03	 9.57033E+02
 2.23923E+03	 9.58667E+02
 2.24293E+03	 9.58000E+02
 2.24662E+03	 9.58867E+02
 2.25032E+03	 9.58400E+02
 2.25401E+03	 9.59033E+02
 2.25771E+03	 9.58833E+02
 2.26140E+03	 9.57533E+02
 2.26509E+03	 9.57367E+02
 2.26877E+03	 9.60767E+02
 2.27246E+03	 9.58933E+02
 2.27614E+03	 9.56867E+02
 2.27982E+03	 9.57700E+02
 2.28350E+03	 9.58367E+02
 2.28718E+03	 9.60200E+02
 2.29086E+03	 9.57433E+02
 2.29453E+03	 9.58667E+02
 2.29820E+03	 9.58500E+02
 2.30188E+03	 9.58167E+02
 2.30555E+03	 9.55733E+02
 2.30921E+03	 9.60467E+02
 2.31288E+03	 9.58400E+02
 2.31654E+03	 9.58233E+02
 2.32020E+03	 9.60833E+02
 2.32386E+03	 9.58800E+02
 2.32752E+03	 9.60967E+02
 2.33118E+03	 9.58900E+02
 2.33484E+03	 9.59333E+02
 2.33849E+03	 9.62100E+02
 2.34214E+03	 9.60233E+02
 2.34579E+03	 9.60033E+02
 2.34944E+03	 9.59800E+02
 2.35308E+03	 9.61000E+02
 2.35673E+03	 9.60000E+02
 2.36037E+03	 9.58133E+02
 2.36401E+03	 9.57500E+02
 2.36765E+03	 9.57567E+02
 2.37129E+03	 9.60733E+02
 2.37492E+03	 9.60967E+02
 2.37856E+03	 9.60033E+02
 2.38219E+03	 9.58767E+02
 2.38582E+03	 9.62733E+02
 2.38945E+03	 9.59567E+02
 2.39308E+03	 9.62633E+02
 2.39670E+03	 9.63633E+02
 2.40033E+03	 9.60500E+02
 2.40395E+03	 9.62733E+02
 2.40757E+03	 9.60233E+02
 2.41119E+03	 9.59533E+02
 2.41480E+03	 9.62967E+02
 2.41842E+03	 9.60333E+02
 2.42203E+03	 9.59000E+02
 2.42564E+03	 9.58633E+02
 2.42925E+03	 9.62067E+02
 2.43286E+03	 9.59067E+02
 2.43647E+03	 9.62300E+02
 2.44007E+03	 9.60500E+02
 2.44367E+03	 9.61200E+02
 2.44727E+03	 9.59700E+02
 2.45087E+03	 9.61567E+02
 2.45447E+03	 9.59633E+02
 2.45807E+03	 9.61100E+02
 2.46166E+03	 9.61367E+02
 2.46525E+03	 9.62333E+02
 2.46884E+03	 9.61433E+02
 2.47243E+03	 9.63467E+02
 2.47602E+03	 9.61600E+02
 2.47960E+03	 9.61167E+02
 2.48319E+03	 9.60467E+02
 2.48677E+03	 9.60700E+02
 2.49035E+03	 9.62700E+02
 2.49393E+03	 9.63533E+02
 2.49751E+03	 9.60633E+02
 2.50108E+03	 9.61933E+02
 2.50465E+03	 9.62600E+02
 2.50823E+03	 9.61933E+02
 2.51180E+03	 9.61633E+02
 2.51536E+03	 9.65067E+02
 2.51893E+03	 9.64833E+02
 2.52250E+03	 9.61067E+02
 2.52606E+03	 9.66033E+02
 2.52962E+03	 9.64233E+02
 2.53318E+03	 9.64800E+02
 2.53674E+03	 9.64600E+02
 2.54029E+03	 9.67667E+02
 2.54385E+03	 9.66500E+02
 2.54740E+03	 9.67700E+02
 2.55095E+03	 9.65200E+02
 2.55450E+03	 9.65500E+02
 2.55805E+03	 9.66800E+02
 2.56160E+03	 9.64967E+02
 2.56514E+03	 9.66000E+02
 2.56868E+03	 9.66133E+02
 2.57222E+03	 9.67000E+02
 2.57576E+03	 9.65567E+02
 2.57930E+03	 9.64300E+02
 2.58284E+03	 9.66133E+02
 2.58637E+03	 9.66700E+02
 2.58991E+03	 9.65400E+02
 2.59344E+03	 9.68200E+02
 2.59697E+03	 9.68367E+02
 2.60049E+03	 9.67233E+02
 2.60402E+03	 9.67367E+02
 2.60754E+03	 9.67300E+02
 2.61107E+03	 9.67100E+02
 2.61459E+03	 9.67233E+02
 2.61811E+03	 9.65267E+02
 2.62162E+03	 9.69133E+02
 2.62514E+03	 9.63367E+02
 2.62865E+03	 9.69667E+02
 2.63217E+03	 9.67467E+02
 2.63568E+03	 9.66233E+02
 2.63919E+03	 9.67200E+02
 2.64269E+03	 9.65267E+02
 2.64620E+03	 9.66400E+02
 2.64970E+03	 9.68833E+02
 2.65321E+03	 9.70033E+02
 2.65671E+03	 9.69967E+02
 2.66021E+03	 9.68967E+02
 2.66370E+03	 9.72633E+02
 2.66720E+03	 9.73833E+02
 2.67069E+03	 9.73200E+02
 2.67419E+03	 9.70700E+02
 2.67768E+03	 9.74333E+02
 2.68117E+03	 9.76733E+02
 2.68466E+03	 9.74767E+02
 2.68814E+03	 9.75133E+02
 2.69163E+03	 9.77300E+02
 2.69511E+03	 9.76500E+02
 2.69859E+03	 9.77900E+02
 2.70207E+03	 9.79067E+02
 2.70555E+03	 9.78900E+02
 2.70902E+03	 9.84767E+02
 2.71250E+03	 9.83167E+02
 2.71597E+03	 9.84300E+02
 2.71944E+03	 9.82133E+02
 2.72291E+03	 9.83733E+02
 2.72638E+03	 9.87467E+02
 2.72984E+03	 9.91667E+02
 2.73331E+03	 9.94367E+02
 2.73677E+03	 9.98900E+02
 2.74023E+03	 9.97867E+02
 2.74369E+03	 1.00017E+03
 2.74715E+03	 1.00257E+03
 2.75061E+03	 1.00000E+03
 2.75406E+03	 1.00340E+03
 2.75752E+03	 1.00747E+03
 2.76097E+03	 1.00740E+03
 2.76442E+03	 1.00780E+03
 2.76786E+03	 1.00930E+03
 2.77131E+03	 1.00870E+03
 2.77476E+03	 1.00767E+03
 2.77820E+03	 9.99167E+02
 2.78164E+03	 1.00483E+03
 2.78508E+03	 1.00557E+03
 2.78852E+03	 1.00563E+03
 2.79196E+03	 1.00430E+03
 2.79539E+03	 1.00410E+03
 2.79883E+03	 1.00797E+03
 2.80226E+03	 1.01000E+03
 2.80569E+03	 1.01127E+03
 2.80912E+03	 1.00887E+03
 2.81254E+03	 1.01670E+03
 2.81597E+03	 1.01777E+03
 2.81939E+03	 1.02020E+03
 2.82282E+03	 1.02580E+03
 2.82624E+03	 1.02917E+03
 2.82966E+03	 1.03243E+03
 2.83307E+03	 1.03670E+03
 2.83649E+03	 1.04427E+03
 2.83990E+03	 1.05553E+03
 2.84332E+03	 1.05653E+03
 2.84673E+03	 1.06557E+03
 2.85014E+03	 1.07220E+03
 2.85354E+03	 1.07893E+03
 2.85695E+03	 1.09937E+03
 2.86036E+03	 1.10280E+03
 2.86376E+03	 1.11383E+03
 2.86716E+03	 1.12997E+03
 2.87056E+03	 1.15260E+03
 2.87396E+03	 1.17080E+03
 2.87736E+03	 1.20470E+03
 2.88075E+03	 1.23667E+03
 2.88414E+03	 1.26057E+03
 2.88754E+03	 1.27963E+03
 2.89093E+03	 1.33990E+03
 2.89431E+03	 1.37313E+03
 2.89770E+03	 1.38477E+03
 2.90109E+03	 1.37540E+03
 2.90447E+03	 1.38837E+03
 2.90785E+03	 1.38743E+03
 2.91123E+03	 1.37750E+03
 2.91461E+03	 1.36533E+03
 2.91799E+03	 1.34563E+03
 2.92137E+03	 1.34883E+03
 2.92474E+03	 1.33357E+03
 2.92811E+03	 1.33780E+03
 2.93149E+03	 1.34087E+03
 2.93486E+03	 1.34497E+03
 2.93822E+03	 1.35043E+03
 2.94159E+03	 1.35880E+03
 2.94496E+03	 1.37103E+03
 2.94832E+03	 1.39170E+03
 2.95168E+03	 1.40167E+03
 2.95504E+03	 1.38077E+03
 2.95840E+03	 1.39313E+03
 2.96176E+03	 1.38370E+03
 2.96511E+03	 1.37867E+03
 2.96847E+03	 1.35573E+03
 2.97182E+03	 1.33387E+03
 2.97517E+03	 1.30847E+03
 2.97852E+03	 1.28373E+03
 2.98187E+03	 1.26273E+03
 2.98521E+03	 1.23453E+03
 2.98856E+03	 1.19360E+03
 2.99190E+03	 1.16140E+03
 2.99524E+03	 1.13020E+03
 2.99858E+03	 1.10543E+03
 3.00192E+03	 1.08600E+03
 3.00526E+03	 1.06187E+03
 3.00859E+03	 1.03833E+03
 3.01193E+03	 1.02723E+03
 3.01526E+03	 1.02107E+03
 3.01859E+03	 1.01423E+03
 3.02192E+03	 1.00777E+03
 3.02525E+03	 9.97833E+02
 3.02857E+03	 9.97967E+02
 3.03190E+03	 9.95333E+02
 3.03522E+03	 9.90967E+02
 3.03854E+03	 9.85533E+02
 3.04186E+03	 9.85833E+02
 3.04518E+03	 9.86733E+02
 3.04850E+03	 9.82633E+02
 3.05181E+03	 9.84033E+02
 3.05512E+03	 9.82967E+02
 3.05844E+03	 9.81600E+02
 3.06175E+03	 9.81433E+02
 3.06506E+03	 9.80633E+02
 3.06836E+03	 9.82167E+02
 3.07167E+03	 9.78300E+02
 3.07497E+03	 9.79833E+02
 3.07828E+03	 9.78833E+02
 3.08158E+03	 9.80533E+02
 3.08488E+03	 9.78933E+02
 3.08818E+03	 9.79700E+02
 3.09147E+03	 9.81600E+02
 3.09477E+03	 9.78300E+02
 3.09806E+03	 9.79067E+02
 3.10135E+03	 9.80000E+02
 3.10464E+03	 9.81100E+02
 3.10793E+03	 9.85700E+02
 3.11122E+03	 9.83533E+02
 3.11451E+03	 9.82767E+02
 3.11779E+03	 9.81033E+02
 3.12107E+03	 9.83400E+02
 3.12436E+03	 9.83233E+02
 3.12764E+03	 9.83633E+02
 3.13091E+03	 9.86400E+02
 3.13419E+03	 9.88900E+02
 3.13747E+03	 9.91933E+02
 3.14074E+03	 9.92900E+02
 3.14401E+03	 9.89033E+02
 3.14728E+03	 9.92233E+02
 3.15055E+03	 9.91700E+02
 3.15382E+03	 9.91200E+02
 3.15709E+03	 9.91633E+02
 3.16035E+03	 9.98300E+02
 3.16362E+03	 9.98200E+02
 3.16688E+03	 9.98733E+02
 3.17014E+03	 9.98467E+02
 3.17340E+03	 1.00423E+03
 3.17665E+03	 1.00317E+03
 3.17991E+03	 1.00593E+03
 3.18316E+03	 1.00397E+03
 3.18642E+03	 1.00727E+03
 3.18967E+03	 1.00373E+03
 3.19292E+03	 1.00887E+03
 3.19617E+03	 1.00743E+03
 3.19941E+03	 1.01077E+03
 3.20266E+03	 1.01387E+03
 3.20590E+03	 1.01453E+03
 3.20914E+03	 1.01553E+03
 3.21238E+03	 1.01843E+03
 3.21562E+03	 1.01640E+03
 3.21886E+03	 1.01633E+03
 3.22210E+03	 1.01700E+03
 3.22533E+03	 1.02200E+03
 3.22857E+03	 1.02403E+03
 3.23180E+03	 1.02293E+03
 3.23503E+03	 1.02057E+03
 3.23826E+03	 1.02057E+03
 3.24148E+03	 1.02307E+03
 3.24471E+03	 1.03240E+03
 3.24793E+03	 1.02790E+03
 3.25116E+03	 1.02997E+03
 3.25438E+03	 1.02960E+03
 3.25760E+03	 1.03227E+03
 3.26082E+03	 1.02850E+03
 3.26403E+03	 1.02470E+03
 3.26725E+03	 1.02803E+03
 3.27046E+03	 1.03583E+03
 3.27368E+03	 1.03563E+03
 3.27689E+03	 1.03223E+03
 3.28010E+03	 1.03663E+03
 3.28331E+03	 1.03830E+03
 3.28651E+03	 1.03210E+03
 3.28972E+03	 1.03117E+03
 3.29292E+03	 1.03333E+03
 3.29612E+03	 1.03257E+03
 3.29932E+03	 1.03477E+03
 3.30252E+03	 1.03113E+03
 3.30572E+03	 1.04010E+03
 3.30892E+03	 1.03327E+03
 3.31211E+03	 1.03913E+03
 3.31531E+03	 1.03993E+03
 3.31850E+03	 1.03697E+03
 3.32169E+03	 1.03183E+03
 3.32488E+03	 1.03593E+03
 3.32807E+03	 1.03767E+03
 3.33125E+03	 1.03650E+03
 3.33444E+03	 1.03887E+03
 3.33762E+03	 1.03997E+03
 3.34080E+03	 1.03310E+03
 3.34398E+03	 1.03790E+03
 3.34716E+03	 1.03770E+03
 3.35034E+03	 1.03553E+03
 3.35351E+03	 1.04197E+03
 3.35669E+03	 1.03413E+03
 3.35986E+03	 1.03207E+03
 3.36303E+03	 1.04007E+03
 3.36620E+03	 1.04500E+03
 3.36937E+03	 1.03530E+03
 3.37254E+03	 1.04340E+03
 3.37570E+03	 1.03877E+03
 3.37887E+03	 1.03840E+03
 3.38203E+03	 1.04070E+03
 3.38519E+03	 1.04100E+03
 3.38835E+03	 1.03467E+03
 3.39151E+03	 1.03847E+03
 3.39467E+03	 1.03687E+03
 3.39782E+03	 1.03747E+03
 3.40098E+03	 1.04280E+03
 3.40413E+03	 1.03637E+03
 3.40728E+03	 1.03980E+03
 3.41043E+03	 1.03363E+03
 3.41358E+03	 1.03347E+03
 3.41673E+03	 1.03730E+03
 3.41987E+03	 1.03530E+03
 3.42302E+03	 1.03650E+03
 3.42616E+03	 1.03613E+03
 3.42930E+03	 1.03623E+03
 3.43244E+03	 1.04020E+03
 3.43558E+03	 1.03697E+03
 3.43872E+03	 1.02880E+03
 3.44185E+03	 1.03027E+03
 3.44499E+03	 1.03177E+03
 3.44812E+03	 1.03203E+03
 3.45125E+03	 1.02397E+03
 3.45438E+03	 1.02830E+03
 3.45751E+03	 1.02803E+03
 3.46064E+03	 1.02387E+03
 3.46376E+03	 1.02057E+03
 3.46689E+03	 1.01763E+03
 3.47001E+03	 1.02320E+03
 3.47313E+03	 1.02327E+03
 3.47625E+03	 1.01870E+03
 3.47937E+03	 1.02090E+03
 3.48249E+03	 1.01953E+03
 3.48560E+03	 1.01380E+03
 3.48872E+03	 1.01607E+03
 3.49183E+03	 1.01340E+03
 3.49494E+03	 1.00737E+03
 3.49805E+03	 1.01057E+03
 3.50116E+03	 1.01010E+03
 3.50427E+03	 1.00660E+03
 3.50737E+03	 9.99133E+02
 3.51048E+03	 1.00190E+03
 3.51358E+03	 9.96800E+02
 3.51668E+03	 9.95333E+02
 3.51978E+03	 9.93767E+02
 3.52288E+03	 9.93400E+02
 3.52598E+03	 9.91067E+02
 3.52907E+03	 9.89000E+02
 3.53217E+03	 9.88133E+02
 3.53526E+03	 9.84633E+02
 3.53835E+03	 9.86833E+02
 3.54144E+03	 9.82233E+02
 3.54453E+03	 9.83100E+02
 3.54762E+03	 9.83333E+02
 3.55071E+03	 9.81300E+02
 3.55379E+03	 9.80400E+02
 3.55687E+03	 9.76167E+02
 3.55996E+03	 9.76367E+02
 3.56304E+03	 9.69233E+02
 3.56612E+03	 9.69567E+02
 3.56919E+03	 9.66133E+02
 3.57227E+03	 9.66567E+02
 3.57535E+03	 9.68000E+02
 3.57842E+03	 9.70833E+02
 3.58149E+03	 9.65600E+02
 3.58456E+03	 9.63533E+02
 3.58763E+03	 9.60133E+02
 3.59070E+03	 9.59333E+02
 3.59377E+03	 9.56400E+02
 3.59683E+03	 9.56867E+02
 3.59990E+03	 9.57933E+02
 3.60296E+03	 9.56900E+02
 3.60602E+03	 9.56400E+02
 3.60908E+03	 9.52600E+02
 3.61214E+03	 9.53233E+02
 3.61519E+03	 9.50400E+02
 3.61825E+03	 9.52867E+02
 3.62130E+03	 9.51833E+02
 3.62436E+03	 9.47700E+02
 3.62741E+03	 9.46267E+02
 3.63046E+03	 9.47300E+02
 3.63351E+03	 9.44533E+02
 3.63656E+03	 9.45467E+02
 3.63960E+03	 9.42667E+02
 3.64265E+03	 9.44000E+02
 3.64569E+03	 9.44633E+02
 3.64873E+03	 9.41800E+02
 3.65177E+03	 9.40900E+02
 3.65481E+03	 9.42067E+02
 3.65785E+03	 9.38900E+02
 3.66089E+03	 9.39933E+02
 3.66392E+03	 9.39333E+02
 3.66695E+03	 9.39333E+02
 3.66999E+03	 9.40267E+02
 3.67302E+03	 9.36367E+02
 3.67605E+03	 9.36233E+02
 3.67908E+03	 9.36067E+02
 3.68210E+03	 9.36500E+02
 3.68513E+03	 9.34900E+02
 3.68815E+03	 9.34700E+02
 3.69117E+03	 9.34667E+02
 3.69420E+03	 9.33633E+02
 3.69722E+03	 9.33833E+02
 3.70023E+03	 9.33400E+02
 3.70325E+03	 9.33767E+02
 3.70627E+03	 9.33633E+02
 3.70928E+03	 9.34567E+02
 3.71230E+03	 9.33833E+02
 3.71531E+03	 9.32600E+02
 3.71832E+03	 9.31200E+02
 3.72133E+03	 9.31000E+02
 3.72434E+03	 9.31500E+02
 3.72734E+03	 9.32733E+02
 3.73035E+03	 9.30133E+02
 3.73335E+03	 9.30400E+02
 3.73635E+03	 9.31333E+02
 3.73936E+03	 9.30433E+02
 3.74236E+03	 9.28900E+02
 3.74535E+03	 9.29133E+02
 3.74835E+03	 9.28100E+02
 3.75135E+03	 9.26967E+02
 3.75434E+03	 9.28433E+02
 3.75733E+03	 9.31167E+02
 3.76033E+03	 9.26133E+02
 3.76332E+03	 9.29933E+02
 3.76631E+03	 9.28400E+02
 3.76929E+03	 9.28067E+02
 3.77228E+03	 9.25367E+02
 3.77527E+03	 9.28267E+02
 3.77825E+03	 9.27567E+02
 3.78123E+03	 9.28067E+02
 3.78421E+03	 9.27333E+02
 3.78719E+03	 9.22200E+02
