-1.40382E+02	 9.05300E+02
-1.35457E+02	 9.06233E+02
-1.30535E+02	 9.06700E+02
-1.25616E+02	 9.05433E+02
-1.20700E+02	 9.06467E+02
-1.15786E+02	 9.06167E+02
-1.10875E+02	 9.06867E+02
-1.05967E+02	 9.05967E+02
-1.01061E+02	 9.06733E+02
-9.61580E+01	 9.07467E+02
-9.12576E+01	 9.06767E+02
-8.63599E+01	 9.05700E+02
-8.14648E+01	 9.06633E+02
-7.65724E+01	 9.06900E+02
-7.16827E+01	 9.05300E+02
-6.67956E+01	 9.07300E+02
-6.19111E+01	 9.07033E+02
-5.70293E+01	 9.06333E+02
-5.21502E+01	 9.06767E+02
-4.72737E+01	 9.06767E+02
-4.23998E+01	 9.05967E+02
-3.75286E+01	 9.07500E+02
-3.26600E+01	 9.06500E+02
-2.77941E+01	 9.07700E+02
-2.29308E+01	 9.08467E+02
-1.80701E+01	 9.08467E+02
-1.32121E+01	 9.10300E+02
-8.35667E+00	 9.10767E+02
-3.50389E+00	 9.11267E+02
 1.34626E+00	 9.22000E+02
 6.19379E+00	 9.98300E+02
 1.10387E+01	 1.96117E+03
 1.58810E+01	 3.83333E+03
 2.07207E+01	 2.94873E+03
 2.55577E+01	 1.14133E+03
 3.03922E+01	 9.25700E+02
 3.52240E+01	 9.14033E+02
 4.00532E+01	 9.11633E+02
 4.48798E+01	 9.09533E+02
 4.97038E+01	 9.09333E+02
 5.45252E+01	 9.07067E+02
 5.93440E+01	 9.09500E+02
 6.41602E+01	 9.08833E+02
 6.89738E+01	 9.09867E+02
 7.37848E+01	 9.16433E+02
 7.85932E+01	 9.37033E+02
 8.33991E+01	 9.96300E+02
 8.82023E+01	 1.10147E+03
 9.30029E+01	 1.22973E+03
 9.78010E+01	 1.31877E+03
 1.02596E+02	 1.36907E+03
 1.07389E+02	 1.38437E+03
 1.12180E+02	 1.37307E+03
 1.16967E+02	 1.35987E+03
 1.21753E+02	 1.33940E+03
 1.26535E+02	 1.32943E+03
 1.31315E+02	 1.32163E+03
 1.36093E+02	 1.31477E+03
 1.40867E+02	 1.30637E+03
 1.45640E+02	 1.29377E+03
 1.50409E+02	 1.28217E+03
 1.55177E+02	 1.25957E+03
 1.59941E+02	 1.25013E+03
 1.64703E+02	 1.23270E+03
 1.69463E+02	 1.22843E+03
 1.74220E+02	 1.23427E+03
 1.78974E+02	 1.21830E+03
 1.83726E+02	 1.21083E+03
 1.88475E+02	 1.19960E+03
 1.93222E+02	 1.19297E+03
 1.97966E+02	 1.18223E+03
 2.02708E+02	 1.17393E+03
 2.07447E+02	 1.17123E+03
 2.12184E+02	 1.17130E+03
 2.16918E+02	 1.16283E+03
 2.21649E+02	 1.15587E+03
 2.26378E+02	 1.14730E+03
 2.31105E+02	 1.14470E+03
 2.35829E+02	 1.13980E+03
 2.40550E+02	 1.14143E+03
 2.45269E+02	 1.13247E+03
 2.49985E+02	 1.13503E+03
 2.54699E+02	 1.12983E+03
 2.59410E+02	 1.12157E+03
 2.64119E+02	 1.12057E+03
 2.68825E+02	 1.11717E+03
 2.73529E+02	 1.12060E+03
 2.78230E+02	 1.11383E+03
 2.82929E+02	 1.11290E+03
 2.87625E+02	 1.10513E+03
 2.92319E+02	 1.11537E+03
 2.97010E+02	 1.11307E+03
 3.01699E+02	 1.11013E+03
 3.06385E+02	 1.10843E+03
 3.11069E+02	 1.10987E+03
 3.15750E+02	 1.10447E+03
 3.20428E+02	 1.09837E+03
 3.25105E+02	 1.09713E+03
 3.29778E+02	 1.09513E+03
 3.34450E+02	 1.10650E+03
 3.39118E+02	 1.10940E+03
 3.43785E+02	 1.10223E+03
 3.48448E+02	 1.10177E+03
 3.53110E+02	 1.10050E+03
 3.57768E+02	 1.09490E+03
 3.62425E+02	 1.09237E+03
 3.67079E+02	 1.08183E+03
 3.71730E+02	 1.07983E+03
 3.76379E+02	 1.08300E+03
 3.81025E+02	 1.08137E+03
 3.85669E+02	 1.08043E+03
 3.90311E+02	 1.09317E+03
 3.94950E+02	 1.09803E+03
 3.99586E+02	 1.09763E+03
 4.04220E+02	 1.10400E+03
 4.08852E+02	 1.10897E+03
 4.13481E+02	 1.10780E+03
 4.18108E+02	 1.11590E+03
 4.22732E+02	 1.13650E+03
 4.27354E+02	 1.15063E+03
 4.31973E+02	 1.15993E+03
 4.36590E+02	 1.17500E+03
 4.41205E+02	 1.16920E+03
 4.45817E+02	 1.14537E+03
 4.50426E+02	 1.12503E+03
 4.55034E+02	 1.10813E+03
 4.59638E+02	 1.11037E+03
 4.64241E+02	 1.10147E+03
 4.68840E+02	 1.09373E+03
 4.73438E+02	 1.09383E+03
 4.78033E+02	 1.10290E+03
 4.82625E+02	 1.11600E+03
 4.87215E+02	 1.14620E+03
 4.91803E+02	 1.18677E+03
 4.96388E+02	 1.21197E+03
 5.00971E+02	 1.23470E+03
 5.05552E+02	 1.24370E+03
 5.10129E+02	 1.21840E+03
 5.14705E+02	 1.19303E+03
 5.19278E+02	 1.15290E+03
 5.23849E+02	 1.13103E+03
 5.28417E+02	 1.10737E+03
 5.32983E+02	 1.09770E+03
 5.37547E+02	 1.08557E+03
 5.42108E+02	 1.07830E+03
 5.46666E+02	 1.07680E+03
 5.51223E+02	 1.08193E+03
 5.55777E+02	 1.08743E+03
 5.60328E+02	 1.08507E+03
 5.64877E+02	 1.09280E+03
 5.69424E+02	 1.09417E+03
 5.73968E+02	 1.09757E+03
 5.78510E+02	 1.09217E+03
 5.83049E+02	 1.08237E+03
 5.87587E+02	 1.08177E+03
 5.92121E+02	 1.07370E+03
 5.96654E+02	 1.07003E+03
 6.01184E+02	 1.06747E+03
 6.05711E+02	 1.06590E+03
 6.10236E+02	 1.06100E+03
 6.14759E+02	 1.06003E+03
 6.19280E+02	 1.05947E+03
 6.23798E+02	 1.05980E+03
 6.28313E+02	 1.06253E+03
 6.32827E+02	 1.06377E+03
 6.37338E+02	 1.06073E+03
 6.41846E+02	 1.06110E+03
 6.46352E+02	 1.06517E+03
 6.50856E+02	 1.06280E+03
 6.55358E+02	 1.06177E+03
 6.59857E+02	 1.06723E+03
 6.64354E+02	 1.07607E+03
 6.68848E+02	 1.08067E+03
 6.73340E+02	 1.08207E+03
 6.77830E+02	 1.08870E+03
 6.82317E+02	 1.09937E+03
 6.86802E+02	 1.10673E+03
 6.91285E+02	 1.11907E+03
 6.95765E+02	 1.11020E+03
 7.00243E+02	 1.11267E+03
 7.04718E+02	 1.10023E+03
 7.09192E+02	 1.08750E+03
 7.13663E+02	 1.07143E+03
 7.18131E+02	 1.05573E+03
 7.22597E+02	 1.05503E+03
 7.27061E+02	 1.05740E+03
 7.31523E+02	 1.05803E+03
 7.35982E+02	 1.05127E+03
 7.40439E+02	 1.05220E+03
 7.44894E+02	 1.05410E+03
 7.49346E+02	 1.04793E+03
 7.53796E+02	 1.04373E+03
 7.58243E+02	 1.04797E+03
 7.62689E+02	 1.04717E+03
 7.67132E+02	 1.04667E+03
 7.71572E+02	 1.04890E+03
 7.76011E+02	 1.04963E+03
 7.80447E+02	 1.04877E+03
 7.84880E+02	 1.05127E+03
 7.89312E+02	 1.05570E+03
 7.93741E+02	 1.05847E+03
 7.98167E+02	 1.06430E+03
 8.02592E+02	 1.06990E+03
 8.07014E+02	 1.06930E+03
 8.11434E+02	 1.06937E+03
 8.15851E+02	 1.07080E+03
 8.20267E+02	 1.07653E+03
 8.24680E+02	 1.09517E+03
 8.29090E+02	 1.13623E+03
 8.33499E+02	 1.16953E+03
 8.37905E+02	 1.20360E+03
 8.42309E+02	 1.20163E+03
 8.46710E+02	 1.18320E+03
 8.51109E+02	 1.18677E+03
 8.55506E+02	 1.20610E+03
 8.59901E+02	 1.25240E+03
 8.64293E+02	 1.30300E+03
 8.68683E+02	 1.33910E+03
 8.73071E+02	 1.34190E+03
 8.77456E+02	 1.30183E+03
 8.81840E+02	 1.26040E+03
 8.86221E+02	 1.22910E+03
 8.90599E+02	 1.19710E+03
 8.94976E+02	 1.15413E+03
 8.99350E+02	 1.10933E+03
 9.03722E+02	 1.08300E+03
 9.08091E+02	 1.07553E+03
 9.12459E+02	 1.07977E+03
 9.16824E+02	 1.08383E+03
 9.21187E+02	 1.10210E+03
 9.25547E+02	 1.13060E+03
 9.29905E+02	 1.15813E+03
 9.34261E+02	 1.17353E+03
 9.38615E+02	 1.18827E+03
 9.42967E+02	 1.21140E+03
 9.47316E+02	 1.20147E+03
 9.51663E+02	 1.16483E+03
 9.56008E+02	 1.12563E+03
 9.60350E+02	 1.08823E+03
 9.64691E+02	 1.06743E+03
 9.69029E+02	 1.06063E+03
 9.73364E+02	 1.06310E+03
 9.77698E+02	 1.06290E+03
 9.82029E+02	 1.06947E+03
 9.86358E+02	 1.08283E+03
 9.90685E+02	 1.10080E+03
 9.95010E+02	 1.10797E+03
 9.99332E+02	 1.10743E+03
 1.00365E+03	 1.09880E+03
 1.00797E+03	 1.07297E+03
 1.01229E+03	 1.06153E+03
 1.01660E+03	 1.05800E+03
 1.02091E+03	 1.06383E+03
 1.02522E+03	 1.06697E+03
 1.02953E+03	 1.07203E+03
 1.03383E+03	 1.08313E+03
 1.03813E+03	 1.09493E+03
 1.04243E+03	 1.12283E+03
 1.04673E+03	 1.14893E+03
 1.05103E+03	 1.19513E+03
 1.05532E+03	 1.22767E+03
 1.05961E+03	 1.27730E+03
 1.06390E+03	 1.31317E+03
 1.06819E+03	 1.33447E+03
 1.07247E+03	 1.35417E+03
 1.07676E+03	 1.34480E+03
 1.08104E+03	 1.34083E+03
 1.08531E+03	 1.31553E+03
 1.08959E+03	 1.30347E+03
 1.09386E+03	 1.27243E+03
 1.09813E+03	 1.26497E+03
 1.10240E+03	 1.25157E+03
 1.10667E+03	 1.24377E+03
 1.11094E+03	 1.23870E+03
 1.11520E+03	 1.23567E+03
 1.11946E+03	 1.24003E+03
 1.12372E+03	 1.24233E+03
 1.12797E+03	 1.25123E+03
 1.13223E+03	 1.24620E+03
 1.13648E+03	 1.22920E+03
 1.14073E+03	 1.19460E+03
 1.14498E+03	 1.14713E+03
 1.14922E+03	 1.11103E+03
 1.15347E+03	 1.08733E+03
 1.15771E+03	 1.06590E+03
 1.16194E+03	 1.06173E+03
 1.16618E+03	 1.05710E+03
 1.17042E+03	 1.05427E+03
 1.17465E+03	 1.04950E+03
 1.17888E+03	 1.05103E+03
 1.18311E+03	 1.05260E+03
 1.18733E+03	 1.05417E+03
 1.19156E+03	 1.05127E+03
 1.19578E+03	 1.05433E+03
 1.20000E+03	 1.05367E+03
 1.20421E+03	 1.06937E+03
 1.20843E+03	 1.07330E+03
 1.21264E+03	 1.07803E+03
 1.21685E+03	 1.09417E+03
 1.22106E+03	 1.09507E+03
 1.22527E+03	 1.10417E+03
 1.22947E+03	 1.11950E+03
 1.23367E+03	 1.12087E+03
 1.23787E+03	 1.12343E+03
 1.24207E+03	 1.13557E+03
 1.24627E+03	 1.13773E+03
 1.25046E+03	 1.14937E+03
 1.25465E+03	 1.15340E+03
 1.25884E+03	 1.16910E+03
 1.26303E+03	 1.18170E+03
 1.26721E+03	 1.18373E+03
 1.27140E+03	 1.18710E+03
 1.27558E+03	 1.18987E+03
 1.27975E+03	 1.18897E+03
 1.28393E+03	 1.18153E+03
 1.28811E+03	 1.17643E+03
 1.29228E+03	 1.16753E+03
 1.29645E+03	 1.17340E+03
 1.30062E+03	 1.16240E+03
 1.30478E+03	 1.15820E+03
 1.30895E+03	 1.15297E+03
 1.31311E+03	 1.14310E+03
 1.31727E+03	 1.14133E+03
 1.32142E+03	 1.13880E+03
 1.32558E+03	 1.14577E+03
 1.32973E+03	 1.15127E+03
 1.33388E+03	 1.15080E+03
 1.33803E+03	 1.15240E+03
 1.34218E+03	 1.15927E+03
 1.34632E+03	 1.15510E+03
 1.35047E+03	 1.15327E+03
 1.35461E+03	 1.15347E+03
 1.35875E+03	 1.16043E+03
 1.36288E+03	 1.16167E+03
 1.36702E+03	 1.16173E+03
 1.37115E+03	 1.15600E+03
 1.37528E+03	 1.15697E+03
 1.37941E+03	 1.15567E+03
 1.38353E+03	 1.14570E+03
 1.38766E+03	 1.13947E+03
 1.39178E+03	 1.13577E+03
 1.39590E+03	 1.13587E+03
 1.40001E+03	 1.13900E+03
 1.40413E+03	 1.13200E+03
 1.40824E+03	 1.13550E+03
 1.41235E+03	 1.13080E+03
 1.41646E+03	 1.12710E+03
 1.42057E+03	 1.13160E+03
 1.42468E+03	 1.12703E+03
 1.42878E+03	 1.13320E+03
 1.43288E+03	 1.13337E+03
 1.43698E+03	 1.12547E+03
 1.44107E+03	 1.11927E+03
 1.44517E+03	 1.12337E+03
 1.44926E+03	 1.12523E+03
 1.45335E+03	 1.12430E+03
 1.45744E+03	 1.12360E+03
 1.46153E+03	 1.13857E+03
 1.46561E+03	 1.17383E+03
 1.46969E+03	 1.21817E+03
 1.47377E+03	 1.27903E+03
 1.47785E+03	 1.32940E+03
 1.48193E+03	 1.36157E+03
 1.48600E+03	 1.35913E+03
 1.49007E+03	 1.32460E+03
 1.49414E+03	 1.26500E+03
 1.49821E+03	 1.20417E+03
 1.50228E+03	 1.14853E+03
 1.50634E+03	 1.10373E+03
 1.51040E+03	 1.07567E+03
 1.51446E+03	 1.06067E+03
 1.51852E+03	 1.05180E+03
 1.52258E+03	 1.05007E+03
 1.52663E+03	 1.04550E+03
 1.53068E+03	 1.04133E+03
 1.53473E+03	 1.03837E+03
 1.53878E+03	 1.03937E+03
 1.54282E+03	 1.03717E+03
 1.54687E+03	 1.03837E+03
 1.55091E+03	 1.03570E+03
 1.55495E+03	 1.03257E+03
 1.55899E+03	 1.03157E+03
 1.56302E+03	 1.03230E+03
 1.56705E+03	 1.03740E+03
 1.57109E+03	 1.03610E+03
 1.57512E+03	 1.03580E+03
 1.57914E+03	 1.03617E+03
 1.58317E+03	 1.03240E+03
 1.58719E+03	 1.03083E+03
 1.59121E+03	 1.03457E+03
 1.59523E+03	 1.03640E+03
 1.59925E+03	 1.03047E+03
 1.60326E+03	 1.03337E+03
 1.60728E+03	 1.03077E+03
 1.61129E+03	 1.03103E+03
 1.61530E+03	 1.03100E+03
 1.61930E+03	 1.03133E+03
 1.62331E+03	 1.03263E+03
 1.62731E+03	 1.02940E+03
 1.63131E+03	 1.02950E+03
 1.63531E+03	 1.02807E+03
 1.63931E+03	 1.03237E+03
 1.64330E+03	 1.02910E+03
 1.64730E+03	 1.02497E+03
 1.65129E+03	 1.02933E+03
 1.65528E+03	 1.02900E+03
 1.65926E+03	 1.02750E+03
 1.66325E+03	 1.03043E+03
 1.66723E+03	 1.03260E+03
 1.67121E+03	 1.02847E+03
 1.67519E+03	 1.03013E+03
 1.67917E+03	 1.02873E+03
 1.68314E+03	 1.02887E+03
 1.68712E+03	 1.03010E+03
 1.69109E+03	 1.02763E+03
 1.69506E+03	 1.02767E+03
 1.69903E+03	 1.02617E+03
 1.70299E+03	 1.02737E+03
 1.70695E+03	 1.02293E+03
 1.71092E+03	 1.02633E+03
 1.71487E+03	 1.02677E+03
 1.71883E+03	 1.02270E+03
 1.72279E+03	 1.02240E+03
 1.72674E+03	 1.02110E+03
 1.73069E+03	 1.02340E+03
 1.73464E+03	 1.02413E+03
 1.73859E+03	 1.02370E+03
 1.74253E+03	 1.01843E+03
 1.74648E+03	 1.02120E+03
 1.75042E+03	 1.02220E+03
 1.75436E+03	 1.02103E+03
 1.75830E+03	 1.01817E+03
 1.76223E+03	 1.01747E+03
 1.76617E+03	 1.02053E+03
 1.77010E+03	 1.02323E+03
 1.77403E+03	 1.01637E+03
 1.77796E+03	 1.01700E+03
 1.78188E+03	 1.01800E+03
 1.78581E+03	 1.01780E+03
 1.78973E+03	 1.01990E+03
 1.79365E+03	 1.02147E+03
 1.79757E+03	 1.01840E+03
 1.80148E+03	 1.02170E+03
 1.80540E+03	 1.02190E+03
 1.80931E+03	 1.01613E+03
 1.81322E+03	 1.01797E+03
 1.81713E+03	 1.02373E+03
 1.82104E+03	 1.01930E+03
 1.82494E+03	 1.02043E+03
 1.82884E+03	 1.01550E+03
 1.83274E+03	 1.01403E+03
 1.83664E+03	 1.01960E+03
 1.84054E+03	 1.02140E+03
 1.84443E+03	 1.01437E+03
 1.84833E+03	 1.01667E+03
 1.85222E+03	 1.01667E+03
 1.85611E+03	 1.01417E+03
 1.85999E+03	 1.01757E+03
 1.86388E+03	 1.01597E+03
 1.86776E+03	 1.01633E+03
 1.87164E+03	 1.01567E+03
 1.87552E+03	 1.01577E+03
 1.87940E+03	 1.01773E+03
 1.88328E+03	 1.01687E+03
 1.88715E+03	 1.01123E+03
 1.89102E+03	 1.01533E+03
 1.89489E+03	 1.01767E+03
 1.89876E+03	 1.01520E+03
 1.90263E+03	 1.01653E+03
 1.90649E+03	 1.01770E+03
 1.91035E+03	 1.01633E+03
 1.91421E+03	 1.01780E+03
 1.91807E+03	 1.02033E+03
 1.92193E+03	 1.01813E+03
 1.92578E+03	 1.01527E+03
 1.92964E+03	 1.01240E+03
 1.93349E+03	 1.01703E+03
 1.93734E+03	 1.01660E+03
 1.94118E+03	 1.01873E+03
 1.94503E+03	 1.01833E+03
 1.94887E+03	 1.01467E+03
 1.95271E+03	 1.01480E+03
 1.95655E+03	 1.01217E+03
 1.96039E+03	 1.01977E+03
 1.96423E+03	 1.01593E+03
 1.96806E+03	 1.01320E+03
 1.97189E+03	 1.01430E+03
 1.97572E+03	 1.01340E+03
 1.97955E+03	 1.01830E+03
 1.98338E+03	 1.01547E+03
 1.98720E+03	 1.01400E+03
 1.99103E+03	 1.01720E+03
 1.99485E+03	 1.01640E+03
 1.99866E+03	 1.01273E+03
 2.00248E+03	 1.01340E+03
 2.00630E+03	 1.01277E+03
 2.01011E+03	 1.01717E+03
 2.01392E+03	 1.01370E+03
 2.01773E+03	 1.01543E+03
 2.02154E+03	 1.01530E+03
 2.02534E+03	 1.01540E+03
 2.02915E+03	 1.01643E+03
 2.03295E+03	 1.01703E+03
 2.03675E+03	 1.01327E+03
 2.04055E+03	 1.01627E+03
 2.04435E+03	 1.01497E+03
 2.04814E+03	 1.01823E+03
 2.05193E+03	 1.01757E+03
 2.05572E+03	 1.01627E+03
 2.05951E+03	 1.01393E+03
 2.06330E+03	 1.01437E+03
 2.06708E+03	 1.01780E+03
 2.07087E+03	 1.01467E+03
 2.07465E+03	 1.01483E+03
 2.07843E+03	 1.01573E+03
 2.08221E+03	 1.01593E+03
 2.08598E+03	 1.01377E+03
 2.08976E+03	 1.01363E+03
 2.09353E+03	 1.01740E+03
 2.09730E+03	 1.01533E+03
 2.10107E+03	 1.01157E+03
 2.10484E+03	 1.01583E+03
 2.10860E+03	 1.01717E+03
 2.11236E+03	 1.01697E+03
 2.11613E+03	 1.01163E+03
 2.11989E+03	 1.01750E+03
 2.12364E+03	 1.01693E+03
 2.12740E+03	 1.01680E+03
 2.13115E+03	 1.01657E+03
 2.13490E+03	 1.01870E+03
 2.13866E+03	 1.01600E+03
 2.14240E+03	 1.01533E+03
 2.14615E+03	 1.01443E+03
 2.14990E+03	 1.01520E+03
 2.15364E+03	 1.01407E+03
 2.15738E+03	 1.01550E+03
 2.16112E+03	 1.01583E+03
 2.16486E+03	 1.01833E+03
 2.16859E+03	 1.01697E+03
 2.17233E+03	 1.01493E+03
 2.17606E+03	 1.01577E+03
 2.17979E+03	 1.01637E+03
 2.18352E+03	 1.01770E+03
 2.18724E+03	 1.01537E+03
 2.19097E+03	 1.01363E+03
 2.19469E+03	 1.01510E+03
 2.19841E+03	 1.01367E+03
 2.20213E+03	 1.01440E+03
 2.20585E+03	 1.01467E+03
 2.20956E+03	 1.01043E+03
 2.21328E+03	 1.01310E+03
 2.21699E+03	 1.01443E+03
 2.22070E+03	 1.01780E+03
 2.22441E+03	 1.01287E+03
 2.22812E+03	 1.01260E+03
 2.23182E+03	 1.01457E+03
 2.23552E+03	 1.01317E+03
 2.23923E+03	 1.01497E+03
 2.24293E+03	 1.01483E+03
 2.24662E+03	 1.01520E+03
 2.25032E+03	 1.00867E+03
 2.25401E+03	 1.01370E+03
 2.25771E+03	 1.01313E+03
 2.26140E+03	 1.00867E+03
 2.26509E+03	 1.00897E+03
 2.26877E+03	 1.01190E+03
 2.27246E+03	 1.00987E+03
 2.27614E+03	 1.00990E+03
 2.27982E+03	 1.01083E+03
 2.28350E+03	 1.01250E+03
 2.28718E+03	 1.01310E+03
 2.29086E+03	 1.01373E+03
 2.29453E+03	 1.01147E+03
 2.29820E+03	 1.01023E+03
 2.30188E+03	 1.01013E+03
 2.30555E+03	 1.01007E+03
 2.30921E+03	 1.01080E+03
 2.31288E+03	 1.01137E+03
 2.31654E+03	 1.01427E+03
 2.32020E+03	 1.01303E+03
 2.32386E+03	 1.01247E+03
 2.32752E+03	 1.01320E+03
 2.33118E+03	 1.00960E+03
 2.33484E+03	 1.00893E+03
 2.33849E+03	 1.01523E+03
 2.34214E+03	 1.01247E+03
 2.34579E+03	 1.01317E+03
 2.34944E+03	 1.01367E+03
 2.35308E+03	 1.01990E+03
 2.35673E+03	 1.01000E+03
 2.36037E+03	 1.01193E+03
 2.36401E+03	 1.01030E+03
 2.36765E+03	 1.01607E+03
 2.37129E+03	 1.01227E+03
 2.37492E+03	 1.01707E+03
 2.37856E+03	 1.01630E+03
 2.38219E+03	 1.01147E+03
 2.38582E+03	 1.01400E+03
 2.38945E+03	 1.01337E+03
 2.39308E+03	 1.01453E+03
 2.39670E+03	 1.01317E+03
 2.40033E+03	 1.01580E+03
 2.40395E+03	 1.01390E+03
 2.40757E+03	 1.01487E+03
 2.41119E+03	 1.01263E+03
 2.41480E+03	 1.01393E+03
 2.41842E+03	 1.01210E+03
 2.42203E+03	 1.01133E+03
 2.42564E+03	 1.01193E+03
 2.42925E+03	 1.01240E+03
 2.43286E+03	 1.01097E+03
 2.43647E+03	 1.01407E+03
 2.44007E+03	 1.01123E+03
 2.44367E+03	 1.00760E+03
 2.44727E+03	 1.01553E+03
 2.45087E+03	 1.01427E+03
 2.45447E+03	 1.01007E+03
 2.45807E+03	 1.01093E+03
 2.46166E+03	 1.01097E+03
 2.46525E+03	 1.01490E+03
 2.46884E+03	 1.01363E+03
 2.47243E+03	 1.01340E+03
 2.47602E+03	 1.01163E+03
 2.47960E+03	 1.01363E+03
 2.48319E+03	 1.01173E+03
 2.48677E+03	 1.01063E+03
 2.49035E+03	 1.01380E+03
 2.49393E+03	 1.01587E+03
 2.49751E+03	 1.01243E+03
 2.50108E+03	 1.01373E+03
 2.50465E+03	 1.01143E+03
 2.50823E+03	 1.01700E+03
 2.51180E+03	 1.01620E+03
 2.51536E+03	 1.01723E+03
 2.51893E+03	 1.01397E+03
 2.52250E+03	 1.01383E+03
 2.52606E+03	 1.01563E+03
 2.52962E+03	 1.01627E+03
 2.53318E+03	 1.01703E+03
 2.53674E+03	 1.01730E+03
 2.54029E+03	 1.01987E+03
 2.54385E+03	 1.01983E+03
 2.54740E+03	 1.02097E+03
 2.55095E+03	 1.02183E+03
 2.55450E+03	 1.01593E+03
 2.55805E+03	 1.02043E+03
 2.56160E+03	 1.01823E+03
 2.56514E+03	 1.01747E+03
 2.56868E+03	 1.02030E+03
 2.57222E+03	 1.01900E+03
 2.57576E+03	 1.01617E+03
 2.57930E+03	 1.01627E+03
 2.58284E+03	 1.02210E+03
 2.58637E+03	 1.01930E+03
 2.58991E+03	 1.02210E+03
 2.59344E+03	 1.02037E+03
 2.59697E+03	 1.01827E+03
 2.60049E+03	 1.01527E+03
 2.60402E+03	 1.01820E+03
 2.60754E+03	 1.01870E+03
 2.61107E+03	 1.02007E+03
 2.61459E+03	 1.01630E+03
 2.61811E+03	 1.01557E+03
 2.62162E+03	 1.02120E+03
 2.62514E+03	 1.01967E+03
 2.62865E+03	 1.01920E+03
 2.63217E+03	 1.01930E+03
 2.63568E+03	 1.02063E+03
 2.63919E+03	 1.02017E+03
 2.64269E+03	 1.02087E+03
 2.64620E+03	 1.02353E+03
 2.64970E+03	 1.02463E+03
 2.65321E+03	 1.02833E+03
 2.65671E+03	 1.02567E+03
 2.66021E+03	 1.02527E+03
 2.66370E+03	 1.02377E+03
 2.66720E+03	 1.02990E+03
 2.67069E+03	 1.02557E+03
 2.67419E+03	 1.03237E+03
 2.67768E+03	 1.03067E+03
 2.68117E+03	 1.02937E+03
 2.68466E+03	 1.03547E+03
 2.68814E+03	 1.03940E+03
 2.69163E+03	 1.03700E+03
 2.69511E+03	 1.03540E+03
 2.69859E+03	 1.04103E+03
 2.70207E+03	 1.03860E+03
 2.70555E+03	 1.04330E+03
 2.70902E+03	 1.04367E+03
 2.71250E+03	 1.04950E+03
 2.71597E+03	 1.05170E+03
 2.71944E+03	 1.04837E+03
 2.72291E+03	 1.06000E+03
 2.72638E+03	 1.06903E+03
 2.72984E+03	 1.07060E+03
 2.73331E+03	 1.07297E+03
 2.73677E+03	 1.07777E+03
 2.74023E+03	 1.08230E+03
 2.74369E+03	 1.09267E+03
 2.74715E+03	 1.09183E+03
 2.75061E+03	 1.08923E+03
 2.75406E+03	 1.08823E+03
 2.75752E+03	 1.09783E+03
 2.76097E+03	 1.10160E+03
 2.76442E+03	 1.09420E+03
 2.76786E+03	 1.09070E+03
 2.77131E+03	 1.09550E+03
 2.77476E+03	 1.09593E+03
 2.77820E+03	 1.09250E+03
 2.78164E+03	 1.08977E+03
 2.78508E+03	 1.09017E+03
 2.78852E+03	 1.09127E+03
 2.79196E+03	 1.09243E+03
 2.79539E+03	 1.08880E+03
 2.79883E+03	 1.09613E+03
 2.80226E+03	 1.10160E+03
 2.80569E+03	 1.09767E+03
 2.80912E+03	 1.10460E+03
 2.81254E+03	 1.10227E+03
 2.81597E+03	 1.12163E+03
 2.81939E+03	 1.12430E+03
 2.82282E+03	 1.12177E+03
 2.82624E+03	 1.13473E+03
 2.82966E+03	 1.14857E+03
 2.83307E+03	 1.15377E+03
 2.83649E+03	 1.16117E+03
 2.83990E+03	 1.17960E+03
 2.84332E+03	 1.20033E+03
 2.84673E+03	 1.21607E+03
 2.85014E+03	 1.23240E+03
 2.85354E+03	 1.24040E+03
 2.85695E+03	 1.26650E+03
 2.86036E+03	 1.29800E+03
 2.86376E+03	 1.32597E+03
 2.86716E+03	 1.35293E+03
 2.87056E+03	 1.38723E+03
 2.87396E+03	 1.43243E+03
 2.87736E+03	 1.47773E+03
 2.88075E+03	 1.52547E+03
 2.88414E+03	 1.58540E+03
 2.88754E+03	 1.65787E+03
 2.89093E+03	 1.73937E+03
 2.89431E+03	 1.79453E+03
 2.89770E+03	 1.84927E+03
 2.90109E+03	 1.83477E+03
 2.90447E+03	 1.83523E+03
 2.90785E+03	 1.82773E+03
 2.91123E+03	 1.81083E+03
 2.91461E+03	 1.80147E+03
 2.91799E+03	 1.77500E+03
 2.92137E+03	 1.74460E+03
 2.92474E+03	 1.71653E+03
 2.92811E+03	 1.71170E+03
 2.93149E+03	 1.70910E+03
 2.93486E+03	 1.72233E+03
 2.93822E+03	 1.76717E+03
 2.94159E+03	 1.75713E+03
 2.94496E+03	 1.74273E+03
 2.94832E+03	 1.81867E+03
 2.95168E+03	 1.82083E+03
 2.95504E+03	 1.79867E+03
 2.95840E+03	 1.81413E+03
 2.96176E+03	 1.78337E+03
 2.96511E+03	 1.79523E+03
 2.96847E+03	 1.71263E+03
 2.97182E+03	 1.69317E+03
 2.97517E+03	 1.65873E+03
 2.97852E+03	 1.58960E+03
 2.98187E+03	 1.56177E+03
 2.98521E+03	 1.48827E+03
 2.98856E+03	 1.43090E+03
 2.99190E+03	 1.36370E+03
 2.99524E+03	 1.30773E+03
 2.99858E+03	 1.26837E+03
 3.00192E+03	 1.20570E+03
 3.00526E+03	 1.17193E+03
 3.00859E+03	 1.14723E+03
 3.01193E+03	 1.11610E+03
 3.01526E+03	 1.09450E+03
 3.01859E+03	 1.08137E+03
 3.02192E+03	 1.07387E+03
 3.02525E+03	 1.06083E+03
 3.02857E+03	 1.05063E+03
 3.03190E+03	 1.04507E+03
 3.03522E+03	 1.04027E+03
 3.03854E+03	 1.03203E+03
 3.04186E+03	 1.03477E+03
 3.04518E+03	 1.02803E+03
 3.04850E+03	 1.02570E+03
 3.05181E+03	 1.02933E+03
 3.05512E+03	 1.02500E+03
 3.05844E+03	 1.02113E+03
 3.06175E+03	 1.02163E+03
 3.06506E+03	 1.01937E+03
 3.06836E+03	 1.01927E+03
 3.07167E+03	 1.01567E+03
 3.07497E+03	 1.01673E+03
 3.07828E+03	 1.01647E+03
 3.08158E+03	 1.02040E+03
 3.08488E+03	 1.01600E+03
 3.08818E+03	 1.01240E+03
 3.09147E+03	 1.01907E+03
 3.09477E+03	 1.01973E+03
 3.09806E+03	 1.01533E+03
 3.10135E+03	 1.01563E+03
 3.10464E+03	 1.02090E+03
 3.10793E+03	 1.02070E+03
 3.11122E+03	 1.01713E+03
 3.11451E+03	 1.02123E+03
 3.11779E+03	 1.01860E+03
 3.12107E+03	 1.02317E+03
 3.12436E+03	 1.02273E+03
 3.12764E+03	 1.02180E+03
 3.13091E+03	 1.02480E+03
 3.13419E+03	 1.03207E+03
 3.13747E+03	 1.03327E+03
 3.14074E+03	 1.02697E+03
 3.14401E+03	 1.02930E+03
 3.14728E+03	 1.03090E+03
 3.15055E+03	 1.03260E+03
 3.15382E+03	 1.03847E+03
 3.15709E+03	 1.03730E+03
 3.16035E+03	 1.03843E+03
 3.16362E+03	 1.04100E+03
 3.16688E+03	 1.04203E+03
 3.17014E+03	 1.04763E+03
 3.17340E+03	 1.04390E+03
 3.17665E+03	 1.04333E+03
 3.17991E+03	 1.05093E+03
 3.18316E+03	 1.05060E+03
 3.18642E+03	 1.04967E+03
 3.18967E+03	 1.04573E+03
 3.19292E+03	 1.05473E+03
 3.19617E+03	 1.05487E+03
 3.19941E+03	 1.06050E+03
 3.20266E+03	 1.06270E+03
 3.20590E+03	 1.06087E+03
 3.20914E+03	 1.06053E+03
 3.21238E+03	 1.06117E+03
 3.21562E+03	 1.06823E+03
 3.21886E+03	 1.06837E+03
 3.22210E+03	 1.06820E+03
 3.22533E+03	 1.07343E+03
 3.22857E+03	 1.07617E+03
 3.23180E+03	 1.07083E+03
 3.23503E+03	 1.07593E+03
 3.23826E+03	 1.07950E+03
 3.24148E+03	 1.07913E+03
 3.24471E+03	 1.07873E+03
 3.24793E+03	 1.07587E+03
 3.25116E+03	 1.07770E+03
 3.25438E+03	 1.08207E+03
 3.25760E+03	 1.08710E+03
 3.26082E+03	 1.08823E+03
 3.26403E+03	 1.08477E+03
 3.26725E+03	 1.08363E+03
 3.27046E+03	 1.09297E+03
 3.27368E+03	 1.09223E+03
 3.27689E+03	 1.09283E+03
 3.28010E+03	 1.08847E+03
 3.28331E+03	 1.08660E+03
 3.28651E+03	 1.08503E+03
 3.28972E+03	 1.08767E+03
 3.29292E+03	 1.08997E+03
 3.29612E+03	 1.08800E+03
 3.29932E+03	 1.09673E+03
 3.30252E+03	 1.08527E+03
 3.30572E+03	 1.09030E+03
 3.30892E+03	 1.08963E+03
 3.31211E+03	 1.08627E+03
 3.31531E+03	 1.09337E+03
 3.31850E+03	 1.09740E+03
 3.32169E+03	 1.09257E+03
 3.32488E+03	 1.09560E+03
 3.32807E+03	 1.09923E+03
 3.33125E+03	 1.09880E+03
 3.33444E+03	 1.09340E+03
 3.33762E+03	 1.09123E+03
 3.34080E+03	 1.08947E+03
 3.34398E+03	 1.09470E+03
 3.34716E+03	 1.10403E+03
 3.35034E+03	 1.09253E+03
 3.35351E+03	 1.09600E+03
 3.35669E+03	 1.08557E+03
 3.35986E+03	 1.09817E+03
 3.36303E+03	 1.09750E+03
 3.36620E+03	 1.09930E+03
 3.36937E+03	 1.08923E+03
 3.37254E+03	 1.09970E+03
 3.37570E+03	 1.09197E+03
 3.37887E+03	 1.08613E+03
 3.38203E+03	 1.09310E+03
 3.38519E+03	 1.09797E+03
 3.38835E+03	 1.09420E+03
 3.39151E+03	 1.09777E+03
 3.39467E+03	 1.09603E+03
 3.39782E+03	 1.09290E+03
 3.40098E+03	 1.09517E+03
 3.40413E+03	 1.08627E+03
 3.40728E+03	 1.08810E+03
 3.41043E+03	 1.08850E+03
 3.41358E+03	 1.08283E+03
 3.41673E+03	 1.09287E+03
 3.41987E+03	 1.09127E+03
 3.42302E+03	 1.08230E+03
 3.42616E+03	 1.08637E+03
 3.42930E+03	 1.08333E+03
 3.43244E+03	 1.07967E+03
 3.43558E+03	 1.08300E+03
 3.43872E+03	 1.07597E+03
 3.44185E+03	 1.08377E+03
 3.44499E+03	 1.07393E+03
 3.44812E+03	 1.07060E+03
 3.45125E+03	 1.07517E+03
 3.45438E+03	 1.07707E+03
 3.45751E+03	 1.07140E+03
 3.46064E+03	 1.06350E+03
 3.46376E+03	 1.06130E+03
 3.46689E+03	 1.05767E+03
 3.47001E+03	 1.05953E+03
 3.47313E+03	 1.06280E+03
 3.47625E+03	 1.05860E+03
 3.47937E+03	 1.06147E+03
 3.48249E+03	 1.05440E+03
 3.48560E+03	 1.04887E+03
 3.48872E+03	 1.05460E+03
 3.49183E+03	 1.04290E+03
 3.49494E+03	 1.03860E+03
 3.49805E+03	 1.04173E+03
 3.50116E+03	 1.03817E+03
 3.50427E+03	 1.03727E+03
 3.50737E+03	 1.03643E+03
 3.51048E+03	 1.03437E+03
 3.51358E+03	 1.02777E+03
 3.51668E+03	 1.02373E+03
 3.51978E+03	 1.01977E+03
 3.52288E+03	 1.02180E+03
 3.52598E+03	 1.02180E+03
 3.52907E+03	 1.01543E+03
 3.53217E+03	 1.00877E+03
 3.53526E+03	 1.00887E+03
 3.53835E+03	 1.01107E+03
 3.54144E+03	 1.01013E+03
 3.54453E+03	 1.00920E+03
 3.54762E+03	 1.00840E+03
 3.55071E+03	 1.00370E+03
 3.55379E+03	 9.99067E+02
 3.55687E+03	 9.97767E+02
 3.55996E+03	 9.93867E+02
 3.56304E+03	 9.93100E+02
 3.56612E+03	 9.91300E+02
 3.56919E+03	 9.86500E+02
 3.57227E+03	 9.86500E+02
 3.57535E+03	 9.85533E+02
 3.57842E+03	 9.83167E+02
 3.58149E+03	 9.79267E+02
 3.58456E+03	 9.78267E+02
 3.58763E+03	 9.76000E+02
 3.59070E+03	 9.75233E+02
 3.59377E+03	 9.73667E+02
 3.59683E+03	 9.71467E+02
 3.59990E+03	 9.72800E+02
 3.60296E+03	 9.71100E+02
 3.60602E+03	 9.67567E+02
 3.60908E+03	 9.65300E+02
 3.61214E+03	 9.66333E+02
 3.61519E+03	 9.65400E+02
 3.61825E+03	 9.60967E+02
 3.62130E+03	 9.60800E+02
 3.62436E+03	 9.59667E+02
 3.62741E+03	 9.56700E+02
 3.63046E+03	 9.58767E+02
 3.63351E+03	 9.53200E+02
 3.63656E+03	 9.52667E+02
 3.63960E+03	 9.52533E+02
 3.64265E+03	 9.50533E+02
 3.64569E+03	 9.50400E+02
 3.64873E+03	 9.49233E+02
 3.65177E+03	 9.49833E+02
 3.65481E+03	 9.49367E+02
 3.65785E+03	 9.47500E+02
 3.66089E+03	 9.44633E+02
 3.66392E+03	 9.44567E+02
 3.66695E+03	 9.43067E+02
 3.66999E+03	 9.45167E+02
 3.67302E+03	 9.42767E+02
 3.67605E+03	 9.42133E+02
 3.67908E+03	 9.40667E+02
 3.68210E+03	 9.41500E+02
 3.68513E+03	 9.38400E+02
 3.68815E+03	 9.41600E+02
 3.69117E+03	 9.40867E+02
 3.69420E+03	 9.39200E+02
 3.69722E+03	 9.40400E+02
 3.70023E+03	 9.38667E+02
 3.70325E+03	 9.38733E+02
 3.70627E+03	 9.39233E+02
 3.70928E+03	 9.39467E+02
 3.71230E+03	 9.37433E+02
 3.71531E+03	 9.37733E+02
 3.71832E+03	 9.35667E+02
 3.72133E+03	 9.35533E+02
 3.72434E+03	 9.33600E+02
 3.72734E+03	 9.35000E+02
 3.73035E+03	 9.34600E+02
 3.73335E+03	 9.35333E+02
 3.73635E+03	 9.33300E+02
 3.73936E+03	 9.33467E+02
 3.74236E+03	 9.34167E+02
 3.74535E+03	 9.35033E+02
 3.74835E+03	 9.36167E+02
 3.75135E+03	 9.34333E+02
 3.75434E+03	 9.33367E+02
 3.75733E+03	 9.34700E+02
 3.76033E+03	 9.31633E+02
 3.76332E+03	 9.32633E+02
 3.76631E+03	 9.32667E+02
 3.76929E+03	 9.31867E+02
 3.77228E+03	 9.28633E+02
 3.77527E+03	 9.30367E+02
 3.77825E+03	 9.30733E+02
 3.78123E+03	 9.30667E+02
 3.78421E+03	 9.31900E+02
 3.78719E+03	 9.28967E+02
