-1.40382E+02	 9.05733E+02
-1.35457E+02	 9.07267E+02
-1.30535E+02	 9.06467E+02
-1.25616E+02	 9.06067E+02
-1.20700E+02	 9.08367E+02
-1.15786E+02	 9.07833E+02
-1.10875E+02	 9.06733E+02
-1.05967E+02	 9.06400E+02
-1.01061E+02	 9.08100E+02
-9.61580E+01	 9.08467E+02
-9.12576E+01	 9.07833E+02
-8.63599E+01	 9.07500E+02
-8.14648E+01	 9.07800E+02
-7.65724E+01	 9.08000E+02
-7.16827E+01	 9.07933E+02
-6.67956E+01	 9.09367E+02
-6.19111E+01	 9.09567E+02
-5.70293E+01	 9.07467E+02
-5.21502E+01	 9.10167E+02
-4.72737E+01	 9.10000E+02
-4.23998E+01	 9.10200E+02
-3.75286E+01	 9.10333E+02
-3.26600E+01	 9.10533E+02
-2.77941E+01	 9.12400E+02
-2.29308E+01	 9.13367E+02
-1.80701E+01	 9.14433E+02
-1.32121E+01	 9.16200E+02
-8.35667E+00	 9.21800E+02
-3.50389E+00	 9.27900E+02
 1.34626E+00	 9.68667E+02
 6.19379E+00	 1.57307E+03
 1.10387E+01	 6.26330E+03
 1.58810E+01	 9.06363E+03
 2.07207E+01	 3.99400E+03
 2.55577E+01	 1.14217E+03
 3.03922E+01	 9.36700E+02
 3.52240E+01	 9.20100E+02
 4.00532E+01	 9.15633E+02
 4.48798E+01	 9.13633E+02
 4.97038E+01	 9.14767E+02
 5.45252E+01	 9.13000E+02
 5.93440E+01	 9.13333E+02
 6.41602E+01	 9.14400E+02
 6.89738E+01	 9.18067E+02
 7.37848E+01	 9.37633E+02
 7.85932E+01	 9.95433E+02
 8.33991E+01	 1.16627E+03
 8.82023E+01	 1.45523E+03
 9.30029E+01	 1.75040E+03
 9.78010E+01	 1.92083E+03
 1.02596E+02	 1.99950E+03
 1.07389E+02	 2.02020E+03
 1.12180E+02	 1.95100E+03
 1.16967E+02	 1.90303E+03
 1.21753E+02	 1.85550E+03
 1.26535E+02	 1.81883E+03
 1.31315E+02	 1.80100E+03
 1.36093E+02	 1.76607E+03
 1.40867E+02	 1.72227E+03
 1.45640E+02	 1.71580E+03
 1.50409E+02	 1.66203E+03
 1.55177E+02	 1.65410E+03
 1.59941E+02	 1.60513E+03
 1.64703E+02	 1.60717E+03
 1.69463E+02	 1.58273E+03
 1.74220E+02	 1.55063E+03
 1.78974E+02	 1.51860E+03
 1.83726E+02	 1.49663E+03
 1.88475E+02	 1.47297E+03
 1.93222E+02	 1.46603E+03
 1.97966E+02	 1.45107E+03
 2.02708E+02	 1.43447E+03
 2.07447E+02	 1.41797E+03
 2.12184E+02	 1.41893E+03
 2.16918E+02	 1.40840E+03
 2.21649E+02	 1.39253E+03
 2.26378E+02	 1.38587E+03
 2.31105E+02	 1.36623E+03
 2.35829E+02	 1.35417E+03
 2.40550E+02	 1.33967E+03
 2.45269E+02	 1.31790E+03
 2.49985E+02	 1.31577E+03
 2.54699E+02	 1.30727E+03
 2.59410E+02	 1.30407E+03
 2.64119E+02	 1.30660E+03
 2.68825E+02	 1.29580E+03
 2.73529E+02	 1.28560E+03
 2.78230E+02	 1.27720E+03
 2.82929E+02	 1.26783E+03
 2.87625E+02	 1.26857E+03
 2.92319E+02	 1.25953E+03
 2.97010E+02	 1.25817E+03
 3.01699E+02	 1.25260E+03
 3.06385E+02	 1.24983E+03
 3.11069E+02	 1.24913E+03
 3.15750E+02	 1.25143E+03
 3.20428E+02	 1.24503E+03
 3.25105E+02	 1.24037E+03
 3.29778E+02	 1.24173E+03
 3.34450E+02	 1.24300E+03
 3.39118E+02	 1.24040E+03
 3.43785E+02	 1.23743E+03
 3.48448E+02	 1.23513E+03
 3.53110E+02	 1.24080E+03
 3.57768E+02	 1.23427E+03
 3.62425E+02	 1.22243E+03
 3.67079E+02	 1.20197E+03
 3.71730E+02	 1.20250E+03
 3.76379E+02	 1.19637E+03
 3.81025E+02	 1.19317E+03
 3.85669E+02	 1.19870E+03
 3.90311E+02	 1.22443E+03
 3.94950E+02	 1.24173E+03
 3.99586E+02	 1.25413E+03
 4.04220E+02	 1.25640E+03
 4.08852E+02	 1.25797E+03
 4.13481E+02	 1.27603E+03
 4.18108E+02	 1.30943E+03
 4.22732E+02	 1.37873E+03
 4.27354E+02	 1.42997E+03
 4.31973E+02	 1.47297E+03
 4.36590E+02	 1.47717E+03
 4.41205E+02	 1.43480E+03
 4.45817E+02	 1.38053E+03
 4.50426E+02	 1.33007E+03
 4.55034E+02	 1.30213E+03
 4.59638E+02	 1.28053E+03
 4.64241E+02	 1.25520E+03
 4.68840E+02	 1.25037E+03
 4.73438E+02	 1.25247E+03
 4.78033E+02	 1.27630E+03
 4.82625E+02	 1.32543E+03
 4.87215E+02	 1.40593E+03
 4.91803E+02	 1.51647E+03
 4.96388E+02	 1.62550E+03
 5.00971E+02	 1.69967E+03
 5.05552E+02	 1.71730E+03
 5.10129E+02	 1.62940E+03
 5.14705E+02	 1.55150E+03
 5.19278E+02	 1.44853E+03
 5.23849E+02	 1.34233E+03
 5.28417E+02	 1.28297E+03
 5.32983E+02	 1.24690E+03
 5.37547E+02	 1.21473E+03
 5.42108E+02	 1.20943E+03
 5.46666E+02	 1.20643E+03
 5.51223E+02	 1.20487E+03
 5.55777E+02	 1.22067E+03
 5.60328E+02	 1.24127E+03
 5.64877E+02	 1.24887E+03
 5.69424E+02	 1.24830E+03
 5.73968E+02	 1.25467E+03
 5.78510E+02	 1.24090E+03
 5.83049E+02	 1.20377E+03
 5.87587E+02	 1.19557E+03
 5.92121E+02	 1.18610E+03
 5.96654E+02	 1.18510E+03
 6.01184E+02	 1.16930E+03
 6.05711E+02	 1.16110E+03
 6.10236E+02	 1.15473E+03
 6.14759E+02	 1.15257E+03
 6.19280E+02	 1.15083E+03
 6.23798E+02	 1.15197E+03
 6.28313E+02	 1.15323E+03
 6.32827E+02	 1.15487E+03
 6.37338E+02	 1.16290E+03
 6.41846E+02	 1.15350E+03
 6.46352E+02	 1.16077E+03
 6.50856E+02	 1.16170E+03
 6.55358E+02	 1.16573E+03
 6.59857E+02	 1.16987E+03
 6.64354E+02	 1.19917E+03
 6.68848E+02	 1.22050E+03
 6.73340E+02	 1.23603E+03
 6.77830E+02	 1.24803E+03
 6.82317E+02	 1.27773E+03
 6.86802E+02	 1.30603E+03
 6.91285E+02	 1.32060E+03
 6.95765E+02	 1.31573E+03
 7.00243E+02	 1.29090E+03
 7.04718E+02	 1.24700E+03
 7.09192E+02	 1.21087E+03
 7.13663E+02	 1.17417E+03
 7.18131E+02	 1.15927E+03
 7.22597E+02	 1.15500E+03
 7.27061E+02	 1.13713E+03
 7.31523E+02	 1.13233E+03
 7.35982E+02	 1.13627E+03
 7.40439E+02	 1.13840E+03
 7.44894E+02	 1.12737E+03
 7.49346E+02	 1.12230E+03
 7.53796E+02	 1.12230E+03
 7.58243E+02	 1.12407E+03
 7.62689E+02	 1.11717E+03
 7.67132E+02	 1.12120E+03
 7.71572E+02	 1.12700E+03
 7.76011E+02	 1.12700E+03
 7.80447E+02	 1.12407E+03
 7.84880E+02	 1.12737E+03
 7.89312E+02	 1.13893E+03
 7.93741E+02	 1.14277E+03
 7.98167E+02	 1.15773E+03
 8.02592E+02	 1.18740E+03
 8.07014E+02	 1.18290E+03
 8.11434E+02	 1.18230E+03
 8.15851E+02	 1.19733E+03
 8.20267E+02	 1.22183E+03
 8.24680E+02	 1.29427E+03
 8.29090E+02	 1.41200E+03
 8.33499E+02	 1.52257E+03
 8.37905E+02	 1.60623E+03
 8.42309E+02	 1.62090E+03
 8.46710E+02	 1.57403E+03
 8.51109E+02	 1.56870E+03
 8.55506E+02	 1.67063E+03
 8.59901E+02	 1.85230E+03
 8.64293E+02	 1.97077E+03
 8.68683E+02	 2.01340E+03
 8.73071E+02	 2.01250E+03
 8.77456E+02	 1.90670E+03
 8.81840E+02	 1.80670E+03
 8.86221E+02	 1.67610E+03
 8.90599E+02	 1.54773E+03
 8.94976E+02	 1.41663E+03
 8.99350E+02	 1.30253E+03
 9.03722E+02	 1.23940E+03
 9.08091E+02	 1.20543E+03
 9.12459E+02	 1.23273E+03
 9.16824E+02	 1.27893E+03
 9.21187E+02	 1.34737E+03
 9.25547E+02	 1.41970E+03
 9.29905E+02	 1.47787E+03
 9.34261E+02	 1.55317E+03
 9.38615E+02	 1.61210E+03
 9.42967E+02	 1.66093E+03
 9.47316E+02	 1.59247E+03
 9.51663E+02	 1.49653E+03
 9.56008E+02	 1.37690E+03
 9.60350E+02	 1.26137E+03
 9.64691E+02	 1.20120E+03
 9.69029E+02	 1.17030E+03
 9.73364E+02	 1.17083E+03
 9.77698E+02	 1.18177E+03
 9.82029E+02	 1.21283E+03
 9.86358E+02	 1.26440E+03
 9.90685E+02	 1.33897E+03
 9.95010E+02	 1.35670E+03
 9.99332E+02	 1.33450E+03
 1.00365E+03	 1.28247E+03
 1.00797E+03	 1.23653E+03
 1.01229E+03	 1.19923E+03
 1.01660E+03	 1.19327E+03
 1.02091E+03	 1.19100E+03
 1.02522E+03	 1.19630E+03
 1.02953E+03	 1.22533E+03
 1.03383E+03	 1.26007E+03
 1.03813E+03	 1.31600E+03
 1.04243E+03	 1.41297E+03
 1.04673E+03	 1.52203E+03
 1.05103E+03	 1.63390E+03
 1.05532E+03	 1.76887E+03
 1.05961E+03	 1.92967E+03
 1.06390E+03	 2.04953E+03
 1.06819E+03	 2.11367E+03
 1.07247E+03	 2.17723E+03
 1.07676E+03	 2.15957E+03
 1.08104E+03	 2.11720E+03
 1.08531E+03	 2.06373E+03
 1.08959E+03	 1.98103E+03
 1.09386E+03	 1.94583E+03
 1.09813E+03	 1.90493E+03
 1.10240E+03	 1.85923E+03
 1.10667E+03	 1.83887E+03
 1.11094E+03	 1.83860E+03
 1.11520E+03	 1.80983E+03
 1.11946E+03	 1.80767E+03
 1.12372E+03	 1.81637E+03
 1.12797E+03	 1.83243E+03
 1.13223E+03	 1.79850E+03
 1.13648E+03	 1.75550E+03
 1.14073E+03	 1.62917E+03
 1.14498E+03	 1.47567E+03
 1.14922E+03	 1.35257E+03
 1.15347E+03	 1.26623E+03
 1.15771E+03	 1.21340E+03
 1.16194E+03	 1.18803E+03
 1.16618E+03	 1.17230E+03
 1.17042E+03	 1.16117E+03
 1.17465E+03	 1.16083E+03
 1.17888E+03	 1.14967E+03
 1.18311E+03	 1.15010E+03
 1.18733E+03	 1.15900E+03
 1.19156E+03	 1.16700E+03
 1.19578E+03	 1.17690E+03
 1.20000E+03	 1.19210E+03
 1.20421E+03	 1.20960E+03
 1.20843E+03	 1.23317E+03
 1.21264E+03	 1.27047E+03
 1.21685E+03	 1.30443E+03
 1.22106E+03	 1.33600E+03
 1.22527E+03	 1.36733E+03
 1.22947E+03	 1.38807E+03
 1.23367E+03	 1.39713E+03
 1.23787E+03	 1.42440E+03
 1.24207E+03	 1.44007E+03
 1.24627E+03	 1.47757E+03
 1.25046E+03	 1.50253E+03
 1.25465E+03	 1.54997E+03
 1.25884E+03	 1.60293E+03
 1.26303E+03	 1.63843E+03
 1.26721E+03	 1.65430E+03
 1.27140E+03	 1.65967E+03
 1.27558E+03	 1.67110E+03
 1.27975E+03	 1.64847E+03
 1.28393E+03	 1.61853E+03
 1.28811E+03	 1.59830E+03
 1.29228E+03	 1.60760E+03
 1.29645E+03	 1.58687E+03
 1.30062E+03	 1.54060E+03
 1.30478E+03	 1.51247E+03
 1.30895E+03	 1.49863E+03
 1.31311E+03	 1.48543E+03
 1.31727E+03	 1.48927E+03
 1.32142E+03	 1.49083E+03
 1.32558E+03	 1.50150E+03
 1.32973E+03	 1.51933E+03
 1.33388E+03	 1.52573E+03
 1.33803E+03	 1.52230E+03
 1.34218E+03	 1.52690E+03
 1.34632E+03	 1.49937E+03
 1.35047E+03	 1.50587E+03
 1.35461E+03	 1.51250E+03
 1.35875E+03	 1.52423E+03
 1.36288E+03	 1.56410E+03
 1.36702E+03	 1.57420E+03
 1.37115E+03	 1.57400E+03
 1.37528E+03	 1.54237E+03
 1.37941E+03	 1.51803E+03
 1.38353E+03	 1.49320E+03
 1.38766E+03	 1.48390E+03
 1.39178E+03	 1.46847E+03
 1.39590E+03	 1.45167E+03
 1.40001E+03	 1.45673E+03
 1.40413E+03	 1.45040E+03
 1.40824E+03	 1.44710E+03
 1.41235E+03	 1.44543E+03
 1.41646E+03	 1.43423E+03
 1.42057E+03	 1.43970E+03
 1.42468E+03	 1.43743E+03
 1.42878E+03	 1.41567E+03
 1.43288E+03	 1.43347E+03
 1.43698E+03	 1.42407E+03
 1.44107E+03	 1.40377E+03
 1.44517E+03	 1.38227E+03
 1.44926E+03	 1.39283E+03
 1.45335E+03	 1.39737E+03
 1.45744E+03	 1.41760E+03
 1.46153E+03	 1.49233E+03
 1.46561E+03	 1.62223E+03
 1.46969E+03	 1.80200E+03
 1.47377E+03	 2.00353E+03
 1.47785E+03	 2.15027E+03
 1.48193E+03	 2.23110E+03
 1.48600E+03	 2.21460E+03
 1.49007E+03	 2.08513E+03
 1.49414E+03	 1.85930E+03
 1.49821E+03	 1.64077E+03
 1.50228E+03	 1.45807E+03
 1.50634E+03	 1.32113E+03
 1.51040E+03	 1.23477E+03
 1.51446E+03	 1.17840E+03
 1.51852E+03	 1.14463E+03
 1.52258E+03	 1.12653E+03
 1.52663E+03	 1.11947E+03
 1.53068E+03	 1.11273E+03
 1.53473E+03	 1.10530E+03
 1.53878E+03	 1.09813E+03
 1.54282E+03	 1.09280E+03
 1.54687E+03	 1.09257E+03
 1.55091E+03	 1.08890E+03
 1.55495E+03	 1.08677E+03
 1.55899E+03	 1.08227E+03
 1.56302E+03	 1.08123E+03
 1.56705E+03	 1.08393E+03
 1.57109E+03	 1.07903E+03
 1.57512E+03	 1.07973E+03
 1.57914E+03	 1.07867E+03
 1.58317E+03	 1.07267E+03
 1.58719E+03	 1.07800E+03
 1.59121E+03	 1.07220E+03
 1.59523E+03	 1.07367E+03
 1.59925E+03	 1.07500E+03
 1.60326E+03	 1.07277E+03
 1.60728E+03	 1.07237E+03
 1.61129E+03	 1.06913E+03
 1.61530E+03	 1.07107E+03
 1.61930E+03	 1.06883E+03
 1.62331E+03	 1.06730E+03
 1.62731E+03	 1.06550E+03
 1.63131E+03	 1.06713E+03
 1.63531E+03	 1.06770E+03
 1.63931E+03	 1.06280E+03
 1.64330E+03	 1.05907E+03
 1.64730E+03	 1.06710E+03
 1.65129E+03	 1.06240E+03
 1.65528E+03	 1.06373E+03
 1.65926E+03	 1.06290E+03
 1.66325E+03	 1.05977E+03
 1.66723E+03	 1.06390E+03
 1.67121E+03	 1.05980E+03
 1.67519E+03	 1.05927E+03
 1.67917E+03	 1.05703E+03
 1.68314E+03	 1.05690E+03
 1.68712E+03	 1.05470E+03
 1.69109E+03	 1.05533E+03
 1.69506E+03	 1.04773E+03
 1.69903E+03	 1.04567E+03
 1.70299E+03	 1.04553E+03
 1.70695E+03	 1.04430E+03
 1.71092E+03	 1.04343E+03
 1.71487E+03	 1.04510E+03
 1.71883E+03	 1.03850E+03
 1.72279E+03	 1.04023E+03
 1.72674E+03	 1.03767E+03
 1.73069E+03	 1.03913E+03
 1.73464E+03	 1.03930E+03
 1.73859E+03	 1.03093E+03
 1.74253E+03	 1.03080E+03
 1.74648E+03	 1.03360E+03
 1.75042E+03	 1.03370E+03
 1.75436E+03	 1.03327E+03
 1.75830E+03	 1.03477E+03
 1.76223E+03	 1.02930E+03
 1.76617E+03	 1.02633E+03
 1.77010E+03	 1.03127E+03
 1.77403E+03	 1.03300E+03
 1.77796E+03	 1.02980E+03
 1.78188E+03	 1.02823E+03
 1.78581E+03	 1.02800E+03
 1.78973E+03	 1.02987E+03
 1.79365E+03	 1.02877E+03
 1.79757E+03	 1.02813E+03
 1.80148E+03	 1.02833E+03
 1.80540E+03	 1.02633E+03
 1.80931E+03	 1.02940E+03
 1.81322E+03	 1.02260E+03
 1.81713E+03	 1.02787E+03
 1.82104E+03	 1.02803E+03
 1.82494E+03	 1.02443E+03
 1.82884E+03	 1.02713E+03
 1.83274E+03	 1.02583E+03
 1.83664E+03	 1.02537E+03
 1.84054E+03	 1.02470E+03
 1.84443E+03	 1.02307E+03
 1.84833E+03	 1.02323E+03
 1.85222E+03	 1.02477E+03
 1.85611E+03	 1.02643E+03
 1.85999E+03	 1.02323E+03
 1.86388E+03	 1.02563E+03
 1.86776E+03	 1.02260E+03
 1.87164E+03	 1.02053E+03
 1.87552E+03	 1.01800E+03
 1.87940E+03	 1.02163E+03
 1.88328E+03	 1.02727E+03
 1.88715E+03	 1.02490E+03
 1.89102E+03	 1.02367E+03
 1.89489E+03	 1.01920E+03
 1.89876E+03	 1.02160E+03
 1.90263E+03	 1.02413E+03
 1.90649E+03	 1.02403E+03
 1.91035E+03	 1.01997E+03
 1.91421E+03	 1.02410E+03
 1.91807E+03	 1.02437E+03
 1.92193E+03	 1.02243E+03
 1.92578E+03	 1.02577E+03
 1.92964E+03	 1.02087E+03
 1.93349E+03	 1.02400E+03
 1.93734E+03	 1.02387E+03
 1.94118E+03	 1.02270E+03
 1.94503E+03	 1.02540E+03
 1.94887E+03	 1.02410E+03
 1.95271E+03	 1.02400E+03
 1.95655E+03	 1.02067E+03
 1.96039E+03	 1.01990E+03
 1.96423E+03	 1.02450E+03
 1.96806E+03	 1.02433E+03
 1.97189E+03	 1.02363E+03
 1.97572E+03	 1.02757E+03
 1.97955E+03	 1.02347E+03
 1.98338E+03	 1.02127E+03
 1.98720E+03	 1.02630E+03
 1.99103E+03	 1.02037E+03
 1.99485E+03	 1.02273E+03
 1.99866E+03	 1.02053E+03
 2.00248E+03	 1.02380E+03
 2.00630E+03	 1.02113E+03
 2.01011E+03	 1.02527E+03
 2.01392E+03	 1.02307E+03
 2.01773E+03	 1.02527E+03
 2.02154E+03	 1.02523E+03
 2.02534E+03	 1.02360E+03
 2.02915E+03	 1.02367E+03
 2.03295E+03	 1.02340E+03
 2.03675E+03	 1.02750E+03
 2.04055E+03	 1.02000E+03
 2.04435E+03	 1.02677E+03
 2.04814E+03	 1.03030E+03
 2.05193E+03	 1.02663E+03
 2.05572E+03	 1.02607E+03
 2.05951E+03	 1.02487E+03
 2.06330E+03	 1.02530E+03
 2.06708E+03	 1.02640E+03
 2.07087E+03	 1.02510E+03
 2.07465E+03	 1.02733E+03
 2.07843E+03	 1.02647E+03
 2.08221E+03	 1.02940E+03
 2.08598E+03	 1.03197E+03
 2.08976E+03	 1.02657E+03
 2.09353E+03	 1.02497E+03
 2.09730E+03	 1.02520E+03
 2.10107E+03	 1.02517E+03
 2.10484E+03	 1.02843E+03
 2.10860E+03	 1.02803E+03
 2.11236E+03	 1.03263E+03
 2.11613E+03	 1.03087E+03
 2.11989E+03	 1.02967E+03
 2.12364E+03	 1.03070E+03
 2.12740E+03	 1.03307E+03
 2.13115E+03	 1.03330E+03
 2.13490E+03	 1.03173E+03
 2.13866E+03	 1.03303E+03
 2.14240E+03	 1.03353E+03
 2.14615E+03	 1.03333E+03
 2.14990E+03	 1.03570E+03
 2.15364E+03	 1.03730E+03
 2.15738E+03	 1.03257E+03
 2.16112E+03	 1.03247E+03
 2.16486E+03	 1.02983E+03
 2.16859E+03	 1.03350E+03
 2.17233E+03	 1.03420E+03
 2.17606E+03	 1.03293E+03
 2.17979E+03	 1.03237E+03
 2.18352E+03	 1.03207E+03
 2.18724E+03	 1.03227E+03
 2.19097E+03	 1.03857E+03
 2.19469E+03	 1.03377E+03
 2.19841E+03	 1.03143E+03
 2.20213E+03	 1.02980E+03
 2.20585E+03	 1.02737E+03
 2.20956E+03	 1.02847E+03
 2.21328E+03	 1.03267E+03
 2.21699E+03	 1.03473E+03
 2.22070E+03	 1.03027E+03
 2.22441E+03	 1.02837E+03
 2.22812E+03	 1.03063E+03
 2.23182E+03	 1.02890E+03
 2.23552E+03	 1.02920E+03
 2.23923E+03	 1.03077E+03
 2.24293E+03	 1.03087E+03
 2.24662E+03	 1.02807E+03
 2.25032E+03	 1.03360E+03
 2.25401E+03	 1.02857E+03
 2.25771E+03	 1.03010E+03
 2.26140E+03	 1.03057E+03
 2.26509E+03	 1.02883E+03
 2.26877E+03	 1.02793E+03
 2.27246E+03	 1.02850E+03
 2.27614E+03	 1.03183E+03
 2.27982E+03	 1.03040E+03
 2.28350E+03	 1.02643E+03
 2.28718E+03	 1.02710E+03
 2.29086E+03	 1.02210E+03
 2.29453E+03	 1.02973E+03
 2.29820E+03	 1.02970E+03
 2.30188E+03	 1.02930E+03
 2.30555E+03	 1.03480E+03
 2.30921E+03	 1.03533E+03
 2.31288E+03	 1.03233E+03
 2.31654E+03	 1.03100E+03
 2.32020E+03	 1.03143E+03
 2.32386E+03	 1.03567E+03
 2.32752E+03	 1.03730E+03
 2.33118E+03	 1.03423E+03
 2.33484E+03	 1.03647E+03
 2.33849E+03	 1.03867E+03
 2.34214E+03	 1.03820E+03
 2.34579E+03	 1.03617E+03
 2.34944E+03	 1.03767E+03
 2.35308E+03	 1.03763E+03
 2.35673E+03	 1.03910E+03
 2.36037E+03	 1.04037E+03
 2.36401E+03	 1.04150E+03
 2.36765E+03	 1.04200E+03
 2.37129E+03	 1.04033E+03
 2.37492E+03	 1.04377E+03
 2.37856E+03	 1.05093E+03
 2.38219E+03	 1.04787E+03
 2.38582E+03	 1.04717E+03
 2.38945E+03	 1.05200E+03
 2.39308E+03	 1.05410E+03
 2.39670E+03	 1.05520E+03
 2.40033E+03	 1.05283E+03
 2.40395E+03	 1.04743E+03
 2.40757E+03	 1.05430E+03
 2.41119E+03	 1.04713E+03
 2.41480E+03	 1.04610E+03
 2.41842E+03	 1.04777E+03
 2.42203E+03	 1.04637E+03
 2.42564E+03	 1.04803E+03
 2.42925E+03	 1.04820E+03
 2.43286E+03	 1.04883E+03
 2.43647E+03	 1.05003E+03
 2.44007E+03	 1.04960E+03
 2.44367E+03	 1.04710E+03
 2.44727E+03	 1.04620E+03
 2.45087E+03	 1.05240E+03
 2.45447E+03	 1.05320E+03
 2.45807E+03	 1.05283E+03
 2.46166E+03	 1.04933E+03
 2.46525E+03	 1.04880E+03
 2.46884E+03	 1.05303E+03
 2.47243E+03	 1.05583E+03
 2.47602E+03	 1.05470E+03
 2.47960E+03	 1.05810E+03
 2.48319E+03	 1.05410E+03
 2.48677E+03	 1.05670E+03
 2.49035E+03	 1.05890E+03
 2.49393E+03	 1.06217E+03
 2.49751E+03	 1.05893E+03
 2.50108E+03	 1.06213E+03
 2.50465E+03	 1.06293E+03
 2.50823E+03	 1.06430E+03
 2.51180E+03	 1.06427E+03
 2.51536E+03	 1.06673E+03
 2.51893E+03	 1.07160E+03
 2.52250E+03	 1.07483E+03
 2.52606E+03	 1.08130E+03
 2.52962E+03	 1.08313E+03
 2.53318E+03	 1.07647E+03
 2.53674E+03	 1.08250E+03
 2.54029E+03	 1.07880E+03
 2.54385E+03	 1.08457E+03
 2.54740E+03	 1.09070E+03
 2.55095E+03	 1.08790E+03
 2.55450E+03	 1.08263E+03
 2.55805E+03	 1.09047E+03
 2.56160E+03	 1.08613E+03
 2.56514E+03	 1.08537E+03
 2.56868E+03	 1.09070E+03
 2.57222E+03	 1.08740E+03
 2.57576E+03	 1.09113E+03
 2.57930E+03	 1.09483E+03
 2.58284E+03	 1.09470E+03
 2.58637E+03	 1.09257E+03
 2.58991E+03	 1.08950E+03
 2.59344E+03	 1.09047E+03
 2.59697E+03	 1.09067E+03
 2.60049E+03	 1.08963E+03
 2.60402E+03	 1.09437E+03
 2.60754E+03	 1.08970E+03
 2.61107E+03	 1.08823E+03
 2.61459E+03	 1.09513E+03
 2.61811E+03	 1.09177E+03
 2.62162E+03	 1.09280E+03
 2.62514E+03	 1.09430E+03
 2.62865E+03	 1.10640E+03
 2.63217E+03	 1.10390E+03
 2.63568E+03	 1.10143E+03
 2.63919E+03	 1.11340E+03
 2.64269E+03	 1.11383E+03
 2.64620E+03	 1.11817E+03
 2.64970E+03	 1.11393E+03
 2.65321E+03	 1.11860E+03
 2.65671E+03	 1.12763E+03
 2.66021E+03	 1.12813E+03
 2.66370E+03	 1.13313E+03
 2.66720E+03	 1.13440E+03
 2.67069E+03	 1.14140E+03
 2.67419E+03	 1.14433E+03
 2.67768E+03	 1.15013E+03
 2.68117E+03	 1.17000E+03
 2.68466E+03	 1.17090E+03
 2.68814E+03	 1.17377E+03
 2.69163E+03	 1.18030E+03
 2.69511E+03	 1.18730E+03
 2.69859E+03	 1.19493E+03
 2.70207E+03	 1.20517E+03
 2.70555E+03	 1.21103E+03
 2.70902E+03	 1.20957E+03
 2.71250E+03	 1.22197E+03
 2.71597E+03	 1.24243E+03
 2.71944E+03	 1.25880E+03
 2.72291E+03	 1.28410E+03
 2.72638E+03	 1.29907E+03
 2.72984E+03	 1.30883E+03
 2.73331E+03	 1.33223E+03
 2.73677E+03	 1.35233E+03
 2.74023E+03	 1.37507E+03
 2.74369E+03	 1.37950E+03
 2.74715E+03	 1.40533E+03
 2.75061E+03	 1.41280E+03
 2.75406E+03	 1.41400E+03
 2.75752E+03	 1.42797E+03
 2.76097E+03	 1.41890E+03
 2.76442E+03	 1.43057E+03
 2.76786E+03	 1.42243E+03
 2.77131E+03	 1.42227E+03
 2.77476E+03	 1.41700E+03
 2.77820E+03	 1.40763E+03
 2.78164E+03	 1.40677E+03
 2.78508E+03	 1.41887E+03
 2.78852E+03	 1.40783E+03
 2.79196E+03	 1.43130E+03
 2.79539E+03	 1.43827E+03
 2.79883E+03	 1.42703E+03
 2.80226E+03	 1.44687E+03
 2.80569E+03	 1.45907E+03
 2.80912E+03	 1.48670E+03
 2.81254E+03	 1.51670E+03
 2.81597E+03	 1.52737E+03
 2.81939E+03	 1.55853E+03
 2.82282E+03	 1.58167E+03
 2.82624E+03	 1.61313E+03
 2.82966E+03	 1.66103E+03
 2.83307E+03	 1.69943E+03
 2.83649E+03	 1.78303E+03
 2.83990E+03	 1.80893E+03
 2.84332E+03	 1.85063E+03
 2.84673E+03	 1.92477E+03
 2.85014E+03	 1.99857E+03
 2.85354E+03	 2.08583E+03
 2.85695E+03	 2.18387E+03
 2.86036E+03	 2.26097E+03
 2.86376E+03	 2.39910E+03
 2.86716E+03	 2.48647E+03
 2.87056E+03	 2.65987E+03
 2.87396E+03	 2.82823E+03
 2.87736E+03	 3.08140E+03
 2.88075E+03	 3.38547E+03
 2.88414E+03	 3.61437E+03
 2.88754E+03	 3.93330E+03
 2.89093E+03	 4.16310E+03
 2.89431E+03	 4.32190E+03
 2.89770E+03	 4.54677E+03
 2.90109E+03	 4.53873E+03
 2.90447E+03	 4.57363E+03
 2.90785E+03	 4.44980E+03
 2.91123E+03	 4.34373E+03
 2.91461E+03	 4.24160E+03
 2.91799E+03	 4.16427E+03
 2.92137E+03	 4.14920E+03
 2.92474E+03	 4.09850E+03
 2.92811E+03	 4.14143E+03
 2.93149E+03	 4.12913E+03
 2.93486E+03	 4.19880E+03
 2.93822E+03	 4.27040E+03
 2.94159E+03	 4.35030E+03
 2.94496E+03	 4.47557E+03
 2.94832E+03	 4.54577E+03
 2.95168E+03	 4.50983E+03
 2.95504E+03	 4.44663E+03
 2.95840E+03	 4.42477E+03
 2.96176E+03	 4.44990E+03
 2.96511E+03	 4.38977E+03
 2.96847E+03	 4.26313E+03
 2.97182E+03	 3.95693E+03
 2.97517E+03	 3.80617E+03
 2.97852E+03	 3.63227E+03
 2.98187E+03	 3.41690E+03
 2.98521E+03	 3.17213E+03
 2.98856E+03	 2.90350E+03
 2.99190E+03	 2.58390E+03
 2.99524E+03	 2.35583E+03
 2.99858E+03	 2.18040E+03
 3.00192E+03	 1.98197E+03
 3.00526E+03	 1.81243E+03
 3.00859E+03	 1.69883E+03
 3.01193E+03	 1.62110E+03
 3.01526E+03	 1.52277E+03
 3.01859E+03	 1.45780E+03
 3.02192E+03	 1.41523E+03
 3.02525E+03	 1.36000E+03
 3.02857E+03	 1.33760E+03
 3.03190E+03	 1.31377E+03
 3.03522E+03	 1.29750E+03
 3.03854E+03	 1.26957E+03
 3.04186E+03	 1.25710E+03
 3.04518E+03	 1.23397E+03
 3.04850E+03	 1.24123E+03
 3.05181E+03	 1.23580E+03
 3.05512E+03	 1.20973E+03
 3.05844E+03	 1.21653E+03
 3.06175E+03	 1.21463E+03
 3.06506E+03	 1.21343E+03
 3.06836E+03	 1.20510E+03
 3.07167E+03	 1.20800E+03
 3.07497E+03	 1.20030E+03
 3.07828E+03	 1.21103E+03
 3.08158E+03	 1.20600E+03
 3.08488E+03	 1.19873E+03
 3.08818E+03	 1.20107E+03
 3.09147E+03	 1.20663E+03
 3.09477E+03	 1.21017E+03
 3.09806E+03	 1.21177E+03
 3.10135E+03	 1.21890E+03
 3.10464E+03	 1.21673E+03
 3.10793E+03	 1.22337E+03
 3.11122E+03	 1.23087E+03
 3.11451E+03	 1.23537E+03
 3.11779E+03	 1.24693E+03
 3.12107E+03	 1.24140E+03
 3.12436E+03	 1.24920E+03
 3.12764E+03	 1.26713E+03
 3.13091E+03	 1.26917E+03
 3.13419E+03	 1.27573E+03
 3.13747E+03	 1.27167E+03
 3.14074E+03	 1.28113E+03
 3.14401E+03	 1.29770E+03
 3.14728E+03	 1.31033E+03
 3.15055E+03	 1.31243E+03
 3.15382E+03	 1.32067E+03
 3.15709E+03	 1.33173E+03
 3.16035E+03	 1.34847E+03
 3.16362E+03	 1.33637E+03
 3.16688E+03	 1.35273E+03
 3.17014E+03	 1.36423E+03
 3.17340E+03	 1.36600E+03
 3.17665E+03	 1.37787E+03
 3.17991E+03	 1.39527E+03
 3.18316E+03	 1.39813E+03
 3.18642E+03	 1.42583E+03
 3.18967E+03	 1.43060E+03
 3.19292E+03	 1.42160E+03
 3.19617E+03	 1.42967E+03
 3.19941E+03	 1.45017E+03
 3.20266E+03	 1.45823E+03
 3.20590E+03	 1.47360E+03
 3.20914E+03	 1.47640E+03
 3.21238E+03	 1.45530E+03
 3.21562E+03	 1.49023E+03
 3.21886E+03	 1.53060E+03
 3.22210E+03	 1.53287E+03
 3.22533E+03	 1.50757E+03
 3.22857E+03	 1.54077E+03
 3.23180E+03	 1.54400E+03
 3.23503E+03	 1.55813E+03
 3.23826E+03	 1.57593E+03
 3.24148E+03	 1.60757E+03
 3.24471E+03	 1.59777E+03
 3.24793E+03	 1.58983E+03
 3.25116E+03	 1.58903E+03
 3.25438E+03	 1.60467E+03
 3.25760E+03	 1.63320E+03
 3.26082E+03	 1.62927E+03
 3.26403E+03	 1.64300E+03
 3.26725E+03	 1.65083E+03
 3.27046E+03	 1.64923E+03
 3.27368E+03	 1.64183E+03
 3.27689E+03	 1.64087E+03
 3.28010E+03	 1.65693E+03
 3.28331E+03	 1.65030E+03
 3.28651E+03	 1.65983E+03
 3.28972E+03	 1.68833E+03
 3.29292E+03	 1.68810E+03
 3.29612E+03	 1.67833E+03
 3.29932E+03	 1.68040E+03
 3.30252E+03	 1.71637E+03
 3.30572E+03	 1.68477E+03
 3.30892E+03	 1.69660E+03
 3.31211E+03	 1.71107E+03
 3.31531E+03	 1.72260E+03
 3.31850E+03	 1.67900E+03
 3.32169E+03	 1.71307E+03
 3.32488E+03	 1.74817E+03
 3.32807E+03	 1.72433E+03
 3.33125E+03	 1.73420E+03
 3.33444E+03	 1.70517E+03
 3.33762E+03	 1.70253E+03
 3.34080E+03	 1.72023E+03
 3.34398E+03	 1.74363E+03
 3.34716E+03	 1.72077E+03
 3.35034E+03	 1.75137E+03
 3.35351E+03	 1.76853E+03
 3.35669E+03	 1.76520E+03
 3.35986E+03	 1.75493E+03
 3.36303E+03	 1.75863E+03
 3.36620E+03	 1.75980E+03
 3.36937E+03	 1.74610E+03
 3.37254E+03	 1.76400E+03
 3.37570E+03	 1.75117E+03
 3.37887E+03	 1.77003E+03
 3.38203E+03	 1.75447E+03
 3.38519E+03	 1.76147E+03
 3.38835E+03	 1.77373E+03
 3.39151E+03	 1.75990E+03
 3.39467E+03	 1.76227E+03
 3.39782E+03	 1.72013E+03
 3.40098E+03	 1.71633E+03
 3.40413E+03	 1.74057E+03
 3.40728E+03	 1.77877E+03
 3.41043E+03	 1.73973E+03
 3.41358E+03	 1.72517E+03
 3.41673E+03	 1.73293E+03
 3.41987E+03	 1.71383E+03
 3.42302E+03	 1.71247E+03
 3.42616E+03	 1.72843E+03
 3.42930E+03	 1.72150E+03
 3.43244E+03	 1.72630E+03
 3.43558E+03	 1.68640E+03
 3.43872E+03	 1.69360E+03
 3.44185E+03	 1.66913E+03
 3.44499E+03	 1.66643E+03
 3.44812E+03	 1.65177E+03
 3.45125E+03	 1.62843E+03
 3.45438E+03	 1.68573E+03
 3.45751E+03	 1.66973E+03
 3.46064E+03	 1.63090E+03
 3.46376E+03	 1.62963E+03
 3.46689E+03	 1.63300E+03
 3.47001E+03	 1.64603E+03
 3.47313E+03	 1.61277E+03
 3.47625E+03	 1.57317E+03
 3.47937E+03	 1.56483E+03
 3.48249E+03	 1.54247E+03
 3.48560E+03	 1.52727E+03
 3.48872E+03	 1.53930E+03
 3.49183E+03	 1.53150E+03
 3.49494E+03	 1.49110E+03
 3.49805E+03	 1.50107E+03
 3.50116E+03	 1.45857E+03
 3.50427E+03	 1.48883E+03
 3.50737E+03	 1.46403E+03
 3.51048E+03	 1.47003E+03
 3.51358E+03	 1.45510E+03
 3.51668E+03	 1.41683E+03
 3.51978E+03	 1.41417E+03
 3.52288E+03	 1.39913E+03
 3.52598E+03	 1.36480E+03
 3.52907E+03	 1.34470E+03
 3.53217E+03	 1.34943E+03
 3.53526E+03	 1.34677E+03
 3.53835E+03	 1.33417E+03
 3.54144E+03	 1.30647E+03
 3.54453E+03	 1.29293E+03
 3.54762E+03	 1.29100E+03
 3.55071E+03	 1.28953E+03
 3.55379E+03	 1.28980E+03
 3.55687E+03	 1.26940E+03
 3.55996E+03	 1.25517E+03
 3.56304E+03	 1.24093E+03
 3.56612E+03	 1.21690E+03
 3.56919E+03	 1.21147E+03
 3.57227E+03	 1.20350E+03
 3.57535E+03	 1.20503E+03
 3.57842E+03	 1.20123E+03
 3.58149E+03	 1.18647E+03
 3.58456E+03	 1.17653E+03
 3.58763E+03	 1.16200E+03
 3.59070E+03	 1.15030E+03
 3.59377E+03	 1.15057E+03
 3.59683E+03	 1.14093E+03
 3.59990E+03	 1.12210E+03
 3.60296E+03	 1.11970E+03
 3.60602E+03	 1.11410E+03
 3.60908E+03	 1.11693E+03
 3.61214E+03	 1.10200E+03
 3.61519E+03	 1.08773E+03
 3.61825E+03	 1.09167E+03
 3.62130E+03	 1.08220E+03
 3.62436E+03	 1.06150E+03
 3.62741E+03	 1.05703E+03
 3.63046E+03	 1.05623E+03
 3.63351E+03	 1.05140E+03
 3.63656E+03	 1.04587E+03
 3.63960E+03	 1.03343E+03
 3.64265E+03	 1.03190E+03
 3.64569E+03	 1.02637E+03
 3.64873E+03	 1.02283E+03
 3.65177E+03	 1.01443E+03
 3.65481E+03	 1.01483E+03
 3.65785E+03	 1.00397E+03
 3.66089E+03	 1.00270E+03
 3.66392E+03	 1.00333E+03
 3.66695E+03	 9.99900E+02
 3.66999E+03	 9.89767E+02
 3.67302E+03	 9.87967E+02
 3.67605E+03	 9.87067E+02
 3.67908E+03	 9.86567E+02
 3.68210E+03	 9.84267E+02
 3.68513E+03	 9.79733E+02
 3.68815E+03	 9.75633E+02
 3.69117E+03	 9.79100E+02
 3.69420E+03	 9.74933E+02
 3.69722E+03	 9.71367E+02
 3.70023E+03	 9.71600E+02
 3.70325E+03	 9.71033E+02
 3.70627E+03	 9.69633E+02
 3.70928E+03	 9.68467E+02
 3.71230E+03	 9.62467E+02
 3.71531E+03	 9.64400E+02
 3.71832E+03	 9.64900E+02
 3.72133E+03	 9.65500E+02
 3.72434E+03	 9.62400E+02
 3.72734E+03	 9.61167E+02
 3.73035E+03	 9.57233E+02
 3.73335E+03	 9.58933E+02
 3.73635E+03	 9.57433E+02
 3.73936E+03	 9.57900E+02
 3.74236E+03	 9.59067E+02
 3.74535E+03	 9.59000E+02
 3.74835E+03	 9.54767E+02
 3.75135E+03	 9.52567E+02
 3.75434E+03	 9.51633E+02
 3.75733E+03	 9.55200E+02
 3.76033E+03	 9.50733E+02
 3.76332E+03	 9.54267E+02
 3.76631E+03	 9.52600E+02
 3.76929E+03	 9.54167E+02
 3.77228E+03	 9.49333E+02
 3.77527E+03	 9.50667E+02
 3.77825E+03	 9.49900E+02
 3.78123E+03	 9.46667E+02
 3.78421E+03	 9.51200E+02
 3.78719E+03	 9.47233E+02
