-1.40382E+02	 9.06367E+02
-1.35457E+02	 9.08100E+02
-1.30535E+02	 9.06800E+02
-1.25616E+02	 9.07267E+02
-1.20700E+02	 9.08767E+02
-1.15786E+02	 9.08267E+02
-1.10875E+02	 9.07300E+02
-1.05967E+02	 9.08267E+02
-1.01061E+02	 9.07533E+02
-9.61580E+01	 9.08867E+02
-9.12576E+01	 9.09100E+02
-8.63599E+01	 9.07500E+02
-8.14648E+01	 9.09333E+02
-7.65724E+01	 9.08400E+02
-7.16827E+01	 9.08167E+02
-6.67956E+01	 9.09100E+02
-6.19111E+01	 9.09733E+02
-5.70293E+01	 9.09067E+02
-5.21502E+01	 9.10600E+02
-4.72737E+01	 9.09967E+02
-4.23998E+01	 9.12100E+02
-3.75286E+01	 9.12567E+02
-3.26600E+01	 9.12167E+02
-2.77941E+01	 9.12867E+02
-2.29308E+01	 9.15133E+02
-1.80701E+01	 9.15267E+02
-1.32121E+01	 9.19433E+02
-8.35667E+00	 9.26567E+02
-3.50389E+00	 9.32233E+02
 1.34626E+00	 9.77367E+02
 6.19379E+00	 1.66503E+03
 1.10387E+01	 6.68600E+03
 1.58810E+01	 9.00803E+03
 2.07207E+01	 4.43707E+03
 2.55577E+01	 1.20197E+03
 3.03922E+01	 9.40133E+02
 3.52240E+01	 9.22667E+02
 4.00532E+01	 9.15533E+02
 4.48798E+01	 9.15600E+02
 4.97038E+01	 9.14033E+02
 5.45252E+01	 9.13167E+02
 5.93440E+01	 9.14500E+02
 6.41602E+01	 9.15600E+02
 6.89738E+01	 9.19167E+02
 7.37848E+01	 9.40933E+02
 7.85932E+01	 1.00563E+03
 8.33991E+01	 1.19567E+03
 8.82023E+01	 1.53827E+03
 9.30029E+01	 1.89237E+03
 9.78010E+01	 2.05790E+03
 1.02596E+02	 2.11130E+03
 1.07389E+02	 2.13663E+03
 1.12180E+02	 2.07433E+03
 1.16967E+02	 2.02040E+03
 1.21753E+02	 1.96977E+03
 1.26535E+02	 1.92983E+03
 1.31315E+02	 1.90437E+03
 1.36093E+02	 1.86180E+03
 1.40867E+02	 1.82543E+03
 1.45640E+02	 1.78433E+03
 1.50409E+02	 1.74507E+03
 1.55177E+02	 1.72397E+03
 1.59941E+02	 1.67197E+03
 1.64703E+02	 1.68510E+03
 1.69463E+02	 1.65090E+03
 1.74220E+02	 1.61230E+03
 1.78974E+02	 1.57413E+03
 1.83726E+02	 1.55940E+03
 1.88475E+02	 1.52463E+03
 1.93222E+02	 1.50840E+03
 1.97966E+02	 1.49693E+03
 2.02708E+02	 1.46640E+03
 2.07447E+02	 1.47633E+03
 2.12184E+02	 1.47237E+03
 2.16918E+02	 1.45290E+03
 2.21649E+02	 1.42843E+03
 2.26378E+02	 1.41443E+03
 2.31105E+02	 1.40263E+03
 2.35829E+02	 1.38207E+03
 2.40550E+02	 1.37437E+03
 2.45269E+02	 1.34947E+03
 2.49985E+02	 1.34943E+03
 2.54699E+02	 1.34663E+03
 2.59410E+02	 1.33630E+03
 2.64119E+02	 1.33463E+03
 2.68825E+02	 1.33617E+03
 2.73529E+02	 1.32610E+03
 2.78230E+02	 1.30820E+03
 2.82929E+02	 1.29787E+03
 2.87625E+02	 1.29740E+03
 2.92319E+02	 1.28583E+03
 2.97010E+02	 1.28460E+03
 3.01699E+02	 1.27817E+03
 3.06385E+02	 1.27700E+03
 3.11069E+02	 1.28087E+03
 3.15750E+02	 1.27497E+03
 3.20428E+02	 1.27483E+03
 3.25105E+02	 1.26547E+03
 3.29778E+02	 1.27533E+03
 3.34450E+02	 1.27190E+03
 3.39118E+02	 1.26507E+03
 3.43785E+02	 1.26323E+03
 3.48448E+02	 1.26457E+03
 3.53110E+02	 1.26317E+03
 3.57768E+02	 1.25720E+03
 3.62425E+02	 1.24520E+03
 3.67079E+02	 1.22957E+03
 3.71730E+02	 1.22827E+03
 3.76379E+02	 1.21637E+03
 3.81025E+02	 1.20947E+03
 3.85669E+02	 1.22657E+03
 3.90311E+02	 1.24893E+03
 3.94950E+02	 1.26537E+03
 3.99586E+02	 1.27557E+03
 4.04220E+02	 1.27647E+03
 4.08852E+02	 1.27617E+03
 4.13481E+02	 1.30353E+03
 4.18108E+02	 1.33750E+03
 4.22732E+02	 1.40267E+03
 4.27354E+02	 1.46480E+03
 4.31973E+02	 1.51770E+03
 4.36590E+02	 1.50813E+03
 4.41205E+02	 1.47000E+03
 4.45817E+02	 1.40857E+03
 4.50426E+02	 1.37433E+03
 4.55034E+02	 1.34117E+03
 4.59638E+02	 1.30720E+03
 4.64241E+02	 1.27937E+03
 4.68840E+02	 1.28277E+03
 4.73438E+02	 1.27073E+03
 4.78033E+02	 1.30163E+03
 4.82625E+02	 1.35633E+03
 4.87215E+02	 1.45417E+03
 4.91803E+02	 1.56013E+03
 4.96388E+02	 1.68930E+03
 5.00971E+02	 1.76473E+03
 5.05552E+02	 1.78103E+03
 5.10129E+02	 1.68643E+03
 5.14705E+02	 1.60897E+03
 5.19278E+02	 1.48683E+03
 5.23849E+02	 1.37283E+03
 5.28417E+02	 1.31187E+03
 5.32983E+02	 1.27030E+03
 5.37547E+02	 1.24467E+03
 5.42108E+02	 1.23467E+03
 5.46666E+02	 1.23033E+03
 5.51223E+02	 1.23093E+03
 5.55777E+02	 1.24990E+03
 5.60328E+02	 1.27613E+03
 5.64877E+02	 1.28430E+03
 5.69424E+02	 1.28400E+03
 5.73968E+02	 1.28957E+03
 5.78510E+02	 1.26037E+03
 5.83049E+02	 1.22850E+03
 5.87587E+02	 1.23060E+03
 5.92121E+02	 1.22030E+03
 5.96654E+02	 1.19963E+03
 6.01184E+02	 1.19757E+03
 6.05711E+02	 1.18927E+03
 6.10236E+02	 1.18090E+03
 6.14759E+02	 1.16897E+03
 6.19280E+02	 1.17417E+03
 6.23798E+02	 1.17807E+03
 6.28313E+02	 1.18483E+03
 6.32827E+02	 1.18020E+03
 6.37338E+02	 1.18380E+03
 6.41846E+02	 1.18027E+03
 6.46352E+02	 1.18633E+03
 6.50856E+02	 1.18383E+03
 6.55358E+02	 1.20053E+03
 6.59857E+02	 1.21087E+03
 6.64354E+02	 1.23753E+03
 6.68848E+02	 1.25807E+03
 6.73340E+02	 1.27347E+03
 6.77830E+02	 1.29187E+03
 6.82317E+02	 1.32533E+03
 6.86802E+02	 1.35640E+03
 6.91285E+02	 1.38103E+03
 6.95765E+02	 1.37093E+03
 7.00243E+02	 1.34653E+03
 7.04718E+02	 1.29880E+03
 7.09192E+02	 1.25000E+03
 7.13663E+02	 1.20257E+03
 7.18131E+02	 1.19383E+03
 7.22597E+02	 1.18440E+03
 7.27061E+02	 1.16660E+03
 7.31523E+02	 1.16043E+03
 7.35982E+02	 1.15930E+03
 7.40439E+02	 1.15470E+03
 7.44894E+02	 1.15283E+03
 7.49346E+02	 1.14417E+03
 7.53796E+02	 1.14493E+03
 7.58243E+02	 1.14620E+03
 7.62689E+02	 1.14520E+03
 7.67132E+02	 1.14653E+03
 7.71572E+02	 1.14523E+03
 7.76011E+02	 1.14820E+03
 7.80447E+02	 1.14663E+03
 7.84880E+02	 1.15563E+03
 7.89312E+02	 1.16753E+03
 7.93741E+02	 1.17317E+03
 7.98167E+02	 1.19363E+03
 8.02592E+02	 1.21960E+03
 8.07014E+02	 1.21300E+03
 8.11434E+02	 1.22180E+03
 8.15851E+02	 1.22957E+03
 8.20267E+02	 1.26327E+03
 8.24680E+02	 1.34960E+03
 8.29090E+02	 1.48597E+03
 8.33499E+02	 1.63307E+03
 8.37905E+02	 1.72653E+03
 8.42309E+02	 1.73940E+03
 8.46710E+02	 1.68223E+03
 8.51109E+02	 1.67567E+03
 8.55506E+02	 1.78973E+03
 8.59901E+02	 1.98127E+03
 8.64293E+02	 2.14897E+03
 8.68683E+02	 2.20887E+03
 8.73071E+02	 2.18867E+03
 8.77456E+02	 2.06210E+03
 8.81840E+02	 1.95023E+03
 8.86221E+02	 1.79560E+03
 8.90599E+02	 1.63763E+03
 8.94976E+02	 1.48897E+03
 8.99350E+02	 1.35287E+03
 9.03722E+02	 1.27610E+03
 9.08091E+02	 1.24847E+03
 9.12459E+02	 1.26843E+03
 9.16824E+02	 1.32217E+03
 9.21187E+02	 1.40680E+03
 9.25547E+02	 1.48710E+03
 9.29905E+02	 1.54690E+03
 9.34261E+02	 1.63687E+03
 9.38615E+02	 1.71263E+03
 9.42967E+02	 1.75393E+03
 9.47316E+02	 1.68200E+03
 9.51663E+02	 1.56590E+03
 9.56008E+02	 1.42047E+03
 9.60350E+02	 1.29880E+03
 9.64691E+02	 1.23327E+03
 9.69029E+02	 1.19080E+03
 9.73364E+02	 1.19167E+03
 9.77698E+02	 1.21140E+03
 9.82029E+02	 1.24513E+03
 9.86358E+02	 1.30353E+03
 9.90685E+02	 1.38160E+03
 9.95010E+02	 1.40493E+03
 9.99332E+02	 1.37310E+03
 1.00365E+03	 1.31223E+03
 1.00797E+03	 1.26217E+03
 1.01229E+03	 1.21720E+03
 1.01660E+03	 1.21567E+03
 1.02091E+03	 1.21477E+03
 1.02522E+03	 1.21957E+03
 1.02953E+03	 1.24833E+03
 1.03383E+03	 1.28803E+03
 1.03813E+03	 1.34727E+03
 1.04243E+03	 1.45340E+03
 1.04673E+03	 1.57350E+03
 1.05103E+03	 1.70020E+03
 1.05532E+03	 1.86093E+03
 1.05961E+03	 2.02480E+03
 1.06390E+03	 2.16110E+03
 1.06819E+03	 2.24557E+03
 1.07247E+03	 2.29623E+03
 1.07676E+03	 2.27733E+03
 1.08104E+03	 2.23923E+03
 1.08531E+03	 2.18490E+03
 1.08959E+03	 2.10387E+03
 1.09386E+03	 2.05113E+03
 1.09813E+03	 1.99290E+03
 1.10240E+03	 1.95943E+03
 1.10667E+03	 1.93737E+03
 1.11094E+03	 1.93167E+03
 1.11520E+03	 1.86627E+03
 1.11946E+03	 1.87447E+03
 1.12372E+03	 1.87853E+03
 1.12797E+03	 1.90820E+03
 1.13223E+03	 1.85260E+03
 1.13648E+03	 1.81400E+03
 1.14073E+03	 1.68267E+03
 1.14498E+03	 1.51167E+03
 1.14922E+03	 1.37510E+03
 1.15347E+03	 1.28450E+03
 1.15771E+03	 1.22217E+03
 1.16194E+03	 1.19563E+03
 1.16618E+03	 1.17173E+03
 1.17042E+03	 1.16083E+03
 1.17465E+03	 1.15687E+03
 1.17888E+03	 1.14843E+03
 1.18311E+03	 1.15640E+03
 1.18733E+03	 1.15680E+03
 1.19156E+03	 1.16807E+03
 1.19578E+03	 1.18107E+03
 1.20000E+03	 1.18917E+03
 1.20421E+03	 1.21497E+03
 1.20843E+03	 1.24193E+03
 1.21264E+03	 1.27597E+03
 1.21685E+03	 1.31113E+03
 1.22106E+03	 1.34863E+03
 1.22527E+03	 1.36713E+03
 1.22947E+03	 1.39070E+03
 1.23367E+03	 1.42483E+03
 1.23787E+03	 1.44343E+03
 1.24207E+03	 1.45747E+03
 1.24627E+03	 1.48217E+03
 1.25046E+03	 1.52467E+03
 1.25465E+03	 1.57760E+03
 1.25884E+03	 1.62643E+03
 1.26303E+03	 1.64547E+03
 1.26721E+03	 1.67910E+03
 1.27140E+03	 1.68810E+03
 1.27558E+03	 1.69667E+03
 1.27975E+03	 1.66397E+03
 1.28393E+03	 1.63493E+03
 1.28811E+03	 1.63777E+03
 1.29228E+03	 1.63293E+03
 1.29645E+03	 1.59430E+03
 1.30062E+03	 1.56163E+03
 1.30478E+03	 1.52937E+03
 1.30895E+03	 1.51607E+03
 1.31311E+03	 1.49853E+03
 1.31727E+03	 1.50697E+03
 1.32142E+03	 1.50303E+03
 1.32558E+03	 1.51917E+03
 1.32973E+03	 1.53583E+03
 1.33388E+03	 1.54667E+03
 1.33803E+03	 1.55280E+03
 1.34218E+03	 1.54247E+03
 1.34632E+03	 1.52243E+03
 1.35047E+03	 1.52560E+03
 1.35461E+03	 1.52300E+03
 1.35875E+03	 1.55293E+03
 1.36288E+03	 1.58180E+03
 1.36702E+03	 1.59773E+03
 1.37115E+03	 1.60250E+03
 1.37528E+03	 1.56530E+03
 1.37941E+03	 1.53043E+03
 1.38353E+03	 1.51137E+03
 1.38766E+03	 1.49797E+03
 1.39178E+03	 1.48843E+03
 1.39590E+03	 1.48273E+03
 1.40001E+03	 1.48020E+03
 1.40413E+03	 1.47650E+03
 1.40824E+03	 1.46967E+03
 1.41235E+03	 1.46007E+03
 1.41646E+03	 1.46060E+03
 1.42057E+03	 1.45640E+03
 1.42468E+03	 1.45430E+03
 1.42878E+03	 1.44277E+03
 1.43288E+03	 1.44743E+03
 1.43698E+03	 1.43357E+03
 1.44107E+03	 1.42747E+03
 1.44517E+03	 1.41133E+03
 1.44926E+03	 1.42193E+03
 1.45335E+03	 1.41740E+03
 1.45744E+03	 1.44857E+03
 1.46153E+03	 1.51950E+03
 1.46561E+03	 1.65140E+03
 1.46969E+03	 1.86457E+03
 1.47377E+03	 2.08180E+03
 1.47785E+03	 2.22987E+03
 1.48193E+03	 2.31890E+03
 1.48600E+03	 2.30530E+03
 1.49007E+03	 2.16597E+03
 1.49414E+03	 1.92717E+03
 1.49821E+03	 1.69347E+03
 1.50228E+03	 1.48850E+03
 1.50634E+03	 1.34567E+03
 1.51040E+03	 1.25137E+03
 1.51446E+03	 1.19290E+03
 1.51852E+03	 1.15690E+03
 1.52258E+03	 1.13743E+03
 1.52663E+03	 1.12877E+03
 1.53068E+03	 1.12083E+03
 1.53473E+03	 1.10990E+03
 1.53878E+03	 1.10380E+03
 1.54282E+03	 1.09530E+03
 1.54687E+03	 1.09597E+03
 1.55091E+03	 1.09287E+03
 1.55495E+03	 1.09270E+03
 1.55899E+03	 1.08433E+03
 1.56302E+03	 1.08693E+03
 1.56705E+03	 1.09013E+03
 1.57109E+03	 1.08427E+03
 1.57512E+03	 1.08903E+03
 1.57914E+03	 1.08410E+03
 1.58317E+03	 1.08347E+03
 1.58719E+03	 1.08683E+03
 1.59121E+03	 1.07913E+03
 1.59523E+03	 1.08350E+03
 1.59925E+03	 1.07907E+03
 1.60326E+03	 1.07713E+03
 1.60728E+03	 1.07783E+03
 1.61129E+03	 1.07680E+03
 1.61530E+03	 1.08207E+03
 1.61930E+03	 1.07797E+03
 1.62331E+03	 1.07693E+03
 1.62731E+03	 1.06787E+03
 1.63131E+03	 1.07157E+03
 1.63531E+03	 1.07237E+03
 1.63931E+03	 1.06663E+03
 1.64330E+03	 1.07137E+03
 1.64730E+03	 1.07337E+03
 1.65129E+03	 1.07290E+03
 1.65528E+03	 1.07200E+03
 1.65926E+03	 1.07257E+03
 1.66325E+03	 1.07150E+03
 1.66723E+03	 1.07377E+03
 1.67121E+03	 1.06810E+03
 1.67519E+03	 1.06933E+03
 1.67917E+03	 1.06610E+03
 1.68314E+03	 1.06517E+03
 1.68712E+03	 1.06573E+03
 1.69109E+03	 1.05807E+03
 1.69506E+03	 1.05547E+03
 1.69903E+03	 1.05913E+03
 1.70299E+03	 1.05717E+03
 1.70695E+03	 1.05747E+03
 1.71092E+03	 1.04963E+03
 1.71487E+03	 1.05177E+03
 1.71883E+03	 1.05053E+03
 1.72279E+03	 1.05013E+03
 1.72674E+03	 1.04550E+03
 1.73069E+03	 1.04407E+03
 1.73464E+03	 1.04443E+03
 1.73859E+03	 1.03600E+03
 1.74253E+03	 1.03497E+03
 1.74648E+03	 1.03930E+03
 1.75042E+03	 1.04393E+03
 1.75436E+03	 1.04180E+03
 1.75830E+03	 1.03920E+03
 1.76223E+03	 1.03730E+03
 1.76617E+03	 1.03337E+03
 1.77010E+03	 1.03803E+03
 1.77403E+03	 1.03827E+03
 1.77796E+03	 1.03400E+03
 1.78188E+03	 1.03277E+03
 1.78581E+03	 1.03523E+03
 1.78973E+03	 1.03350E+03
 1.79365E+03	 1.03697E+03
 1.79757E+03	 1.03463E+03
 1.80148E+03	 1.03440E+03
 1.80540E+03	 1.03310E+03
 1.80931E+03	 1.03433E+03
 1.81322E+03	 1.02687E+03
 1.81713E+03	 1.03307E+03
 1.82104E+03	 1.03233E+03
 1.82494E+03	 1.03003E+03
 1.82884E+03	 1.03493E+03
 1.83274E+03	 1.02963E+03
 1.83664E+03	 1.03247E+03
 1.84054E+03	 1.03110E+03
 1.84443E+03	 1.02883E+03
 1.84833E+03	 1.02703E+03
 1.85222E+03	 1.02983E+03
 1.85611E+03	 1.03190E+03
 1.85999E+03	 1.02637E+03
 1.86388E+03	 1.02453E+03
 1.86776E+03	 1.03047E+03
 1.87164E+03	 1.02463E+03
 1.87552E+03	 1.02493E+03
 1.87940E+03	 1.02650E+03
 1.88328E+03	 1.02970E+03
 1.88715E+03	 1.03063E+03
 1.89102E+03	 1.02577E+03
 1.89489E+03	 1.02380E+03
 1.89876E+03	 1.02473E+03
 1.90263E+03	 1.02703E+03
 1.90649E+03	 1.02353E+03
 1.91035E+03	 1.02587E+03
 1.91421E+03	 1.02843E+03
 1.91807E+03	 1.02913E+03
 1.92193E+03	 1.02603E+03
 1.92578E+03	 1.02503E+03
 1.92964E+03	 1.02690E+03
 1.93349E+03	 1.02577E+03
 1.93734E+03	 1.02863E+03
 1.94118E+03	 1.02493E+03
 1.94503E+03	 1.02453E+03
 1.94887E+03	 1.02760E+03
 1.95271E+03	 1.02720E+03
 1.95655E+03	 1.02707E+03
 1.96039E+03	 1.02693E+03
 1.96423E+03	 1.02850E+03
 1.96806E+03	 1.02567E+03
 1.97189E+03	 1.02647E+03
 1.97572E+03	 1.02477E+03
 1.97955E+03	 1.02460E+03
 1.98338E+03	 1.02700E+03
 1.98720E+03	 1.02193E+03
 1.99103E+03	 1.01867E+03
 1.99485E+03	 1.02413E+03
 1.99866E+03	 1.02333E+03
 2.00248E+03	 1.02473E+03
 2.00630E+03	 1.02257E+03
 2.01011E+03	 1.02280E+03
 2.01392E+03	 1.02467E+03
 2.01773E+03	 1.02453E+03
 2.02154E+03	 1.02513E+03
 2.02534E+03	 1.02447E+03
 2.02915E+03	 1.02390E+03
 2.03295E+03	 1.02340E+03
 2.03675E+03	 1.02567E+03
 2.04055E+03	 1.02140E+03
 2.04435E+03	 1.02580E+03
 2.04814E+03	 1.02617E+03
 2.05193E+03	 1.02553E+03
 2.05572E+03	 1.02437E+03
 2.05951E+03	 1.02443E+03
 2.06330E+03	 1.02543E+03
 2.06708E+03	 1.02670E+03
 2.07087E+03	 1.02173E+03
 2.07465E+03	 1.02293E+03
 2.07843E+03	 1.02550E+03
 2.08221E+03	 1.02790E+03
 2.08598E+03	 1.02563E+03
 2.08976E+03	 1.02273E+03
 2.09353E+03	 1.02597E+03
 2.09730E+03	 1.02577E+03
 2.10107E+03	 1.02480E+03
 2.10484E+03	 1.02567E+03
 2.10860E+03	 1.02623E+03
 2.11236E+03	 1.02597E+03
 2.11613E+03	 1.02477E+03
 2.11989E+03	 1.02800E+03
 2.12364E+03	 1.02807E+03
 2.12740E+03	 1.02780E+03
 2.13115E+03	 1.02920E+03
 2.13490E+03	 1.03020E+03
 2.13866E+03	 1.03133E+03
 2.14240E+03	 1.02563E+03
 2.14615E+03	 1.02713E+03
 2.14990E+03	 1.02867E+03
 2.15364E+03	 1.03117E+03
 2.15738E+03	 1.03010E+03
 2.16112E+03	 1.03060E+03
 2.16486E+03	 1.02807E+03
 2.16859E+03	 1.03003E+03
 2.17233E+03	 1.03247E+03
 2.17606E+03	 1.02787E+03
 2.17979E+03	 1.02650E+03
 2.18352E+03	 1.02860E+03
 2.18724E+03	 1.02773E+03
 2.19097E+03	 1.02917E+03
 2.19469E+03	 1.02743E+03
 2.19841E+03	 1.02613E+03
 2.20213E+03	 1.02773E+03
 2.20585E+03	 1.02360E+03
 2.20956E+03	 1.02693E+03
 2.21328E+03	 1.02767E+03
 2.21699E+03	 1.02520E+03
 2.22070E+03	 1.02367E+03
 2.22441E+03	 1.02377E+03
 2.22812E+03	 1.02657E+03
 2.23182E+03	 1.02753E+03
 2.23552E+03	 1.02997E+03
 2.23923E+03	 1.02773E+03
 2.24293E+03	 1.02607E+03
 2.24662E+03	 1.02517E+03
 2.25032E+03	 1.02857E+03
 2.25401E+03	 1.02333E+03
 2.25771E+03	 1.02460E+03
 2.26140E+03	 1.02677E+03
 2.26509E+03	 1.02450E+03
 2.26877E+03	 1.01820E+03
 2.27246E+03	 1.02333E+03
 2.27614E+03	 1.02310E+03
 2.27982E+03	 1.02297E+03
 2.28350E+03	 1.02410E+03
 2.28718E+03	 1.02487E+03
 2.29086E+03	 1.01813E+03
 2.29453E+03	 1.02097E+03
 2.29820E+03	 1.02603E+03
 2.30188E+03	 1.02503E+03
 2.30555E+03	 1.02953E+03
 2.30921E+03	 1.03163E+03
 2.31288E+03	 1.02993E+03
 2.31654E+03	 1.02617E+03
 2.32020E+03	 1.02907E+03
 2.32386E+03	 1.03190E+03
 2.32752E+03	 1.03320E+03
 2.33118E+03	 1.02973E+03
 2.33484E+03	 1.03257E+03
 2.33849E+03	 1.03690E+03
 2.34214E+03	 1.03467E+03
 2.34579E+03	 1.03237E+03
 2.34944E+03	 1.03223E+03
 2.35308E+03	 1.03413E+03
 2.35673E+03	 1.03607E+03
 2.36037E+03	 1.03970E+03
 2.36401E+03	 1.03740E+03
 2.36765E+03	 1.04410E+03
 2.37129E+03	 1.03860E+03
 2.37492E+03	 1.04420E+03
 2.37856E+03	 1.04583E+03
 2.38219E+03	 1.04693E+03
 2.38582E+03	 1.05073E+03
 2.38945E+03	 1.05097E+03
 2.39308E+03	 1.05433E+03
 2.39670E+03	 1.05500E+03
 2.40033E+03	 1.05193E+03
 2.40395E+03	 1.04960E+03
 2.40757E+03	 1.05113E+03
 2.41119E+03	 1.04250E+03
 2.41480E+03	 1.04787E+03
 2.41842E+03	 1.04593E+03
 2.42203E+03	 1.04890E+03
 2.42564E+03	 1.04730E+03
 2.42925E+03	 1.04727E+03
 2.43286E+03	 1.04560E+03
 2.43647E+03	 1.05227E+03
 2.44007E+03	 1.05183E+03
 2.44367E+03	 1.04487E+03
 2.44727E+03	 1.05070E+03
 2.45087E+03	 1.05580E+03
 2.45447E+03	 1.05723E+03
 2.45807E+03	 1.05337E+03
 2.46166E+03	 1.05073E+03
 2.46525E+03	 1.05593E+03
 2.46884E+03	 1.05367E+03
 2.47243E+03	 1.05537E+03
 2.47602E+03	 1.05977E+03
 2.47960E+03	 1.06193E+03
 2.48319E+03	 1.05663E+03
 2.48677E+03	 1.06300E+03
 2.49035E+03	 1.06637E+03
 2.49393E+03	 1.06583E+03
 2.49751E+03	 1.06567E+03
 2.50108E+03	 1.06040E+03
 2.50465E+03	 1.06870E+03
 2.50823E+03	 1.07437E+03
 2.51180E+03	 1.07223E+03
 2.51536E+03	 1.07380E+03
 2.51893E+03	 1.07897E+03
 2.52250E+03	 1.08383E+03
 2.52606E+03	 1.09383E+03
 2.52962E+03	 1.08663E+03
 2.53318E+03	 1.08950E+03
 2.53674E+03	 1.08817E+03
 2.54029E+03	 1.09430E+03
 2.54385E+03	 1.09610E+03
 2.54740E+03	 1.09850E+03
 2.55095E+03	 1.09560E+03
 2.55450E+03	 1.09463E+03
 2.55805E+03	 1.10150E+03
 2.56160E+03	 1.10093E+03
 2.56514E+03	 1.10147E+03
 2.56868E+03	 1.09837E+03
 2.57222E+03	 1.10497E+03
 2.57576E+03	 1.10780E+03
 2.57930E+03	 1.10787E+03
 2.58284E+03	 1.10547E+03
 2.58637E+03	 1.10400E+03
 2.58991E+03	 1.10603E+03
 2.59344E+03	 1.10860E+03
 2.59697E+03	 1.11073E+03
 2.60049E+03	 1.11087E+03
 2.60402E+03	 1.10797E+03
 2.60754E+03	 1.10467E+03
 2.61107E+03	 1.11570E+03
 2.61459E+03	 1.11160E+03
 2.61811E+03	 1.11343E+03
 2.62162E+03	 1.11473E+03
 2.62514E+03	 1.11613E+03
 2.62865E+03	 1.12150E+03
 2.63217E+03	 1.12533E+03
 2.63568E+03	 1.12900E+03
 2.63919E+03	 1.13757E+03
 2.64269E+03	 1.13593E+03
 2.64620E+03	 1.14037E+03
 2.64970E+03	 1.14017E+03
 2.65321E+03	 1.14687E+03
 2.65671E+03	 1.15393E+03
 2.66021E+03	 1.15470E+03
 2.66370E+03	 1.16117E+03
 2.66720E+03	 1.16293E+03
 2.67069E+03	 1.17380E+03
 2.67419E+03	 1.17567E+03
 2.67768E+03	 1.18760E+03
 2.68117E+03	 1.20047E+03
 2.68466E+03	 1.20367E+03
 2.68814E+03	 1.20650E+03
 2.69163E+03	 1.21723E+03
 2.69511E+03	 1.22510E+03
 2.69859E+03	 1.23450E+03
 2.70207E+03	 1.24883E+03
 2.70555E+03	 1.25463E+03
 2.70902E+03	 1.25620E+03
 2.71250E+03	 1.27577E+03
 2.71597E+03	 1.30317E+03
 2.71944E+03	 1.31837E+03
 2.72291E+03	 1.33927E+03
 2.72638E+03	 1.36630E+03
 2.72984E+03	 1.37147E+03
 2.73331E+03	 1.39583E+03
 2.73677E+03	 1.41707E+03
 2.74023E+03	 1.44470E+03
 2.74369E+03	 1.46243E+03
 2.74715E+03	 1.49247E+03
 2.75061E+03	 1.48637E+03
 2.75406E+03	 1.50647E+03
 2.75752E+03	 1.51047E+03
 2.76097E+03	 1.51503E+03
 2.76442E+03	 1.52787E+03
 2.76786E+03	 1.50960E+03
 2.77131E+03	 1.50207E+03
 2.77476E+03	 1.50783E+03
 2.77820E+03	 1.48273E+03
 2.78164E+03	 1.50113E+03
 2.78508E+03	 1.50630E+03
 2.78852E+03	 1.50310E+03
 2.79196E+03	 1.51283E+03
 2.79539E+03	 1.52133E+03
 2.79883E+03	 1.51993E+03
 2.80226E+03	 1.54347E+03
 2.80569E+03	 1.55103E+03
 2.80912E+03	 1.58617E+03
 2.81254E+03	 1.62260E+03
 2.81597E+03	 1.62733E+03
 2.81939E+03	 1.67310E+03
 2.82282E+03	 1.71563E+03
 2.82624E+03	 1.74960E+03
 2.82966E+03	 1.79510E+03
 2.83307E+03	 1.83477E+03
 2.83649E+03	 1.88980E+03
 2.83990E+03	 1.97870E+03
 2.84332E+03	 2.01353E+03
 2.84673E+03	 2.09380E+03
 2.85014E+03	 2.20290E+03
 2.85354E+03	 2.27117E+03
 2.85695E+03	 2.38007E+03
 2.86036E+03	 2.48657E+03
 2.86376E+03	 2.64283E+03
 2.86716E+03	 2.75197E+03
 2.87056E+03	 2.95090E+03
 2.87396E+03	 3.17770E+03
 2.87736E+03	 3.40463E+03
 2.88075E+03	 3.76230E+03
 2.88414E+03	 4.06573E+03
 2.88754E+03	 4.43773E+03
 2.89093E+03	 4.60790E+03
 2.89431E+03	 4.84937E+03
 2.89770E+03	 5.09923E+03
 2.90109E+03	 5.14290E+03
 2.90447E+03	 5.15187E+03
 2.90785E+03	 4.91537E+03
 2.91123E+03	 4.81570E+03
 2.91461E+03	 4.75087E+03
 2.91799E+03	 4.69813E+03
 2.92137E+03	 4.57537E+03
 2.92474E+03	 4.51667E+03
 2.92811E+03	 4.58370E+03
 2.93149E+03	 4.54203E+03
 2.93486E+03	 4.62810E+03
 2.93822E+03	 4.64980E+03
 2.94159E+03	 4.87533E+03
 2.94496E+03	 4.93140E+03
 2.94832E+03	 5.00107E+03
 2.95168E+03	 4.91413E+03
 2.95504E+03	 4.84003E+03
 2.95840E+03	 4.78027E+03
 2.96176E+03	 4.91357E+03
 2.96511E+03	 4.80033E+03
 2.96847E+03	 4.62777E+03
 2.97182E+03	 4.30177E+03
 2.97517E+03	 4.18480E+03
 2.97852E+03	 3.95990E+03
 2.98187E+03	 3.66217E+03
 2.98521E+03	 3.40410E+03
 2.98856E+03	 3.08223E+03
 2.99190E+03	 2.79817E+03
 2.99524E+03	 2.52410E+03
 2.99858E+03	 2.30517E+03
 3.00192E+03	 2.06957E+03
 3.00526E+03	 1.89887E+03
 3.00859E+03	 1.79717E+03
 3.01193E+03	 1.68047E+03
 3.01526E+03	 1.58293E+03
 3.01859E+03	 1.50587E+03
 3.02192E+03	 1.45917E+03
 3.02525E+03	 1.39530E+03
 3.02857E+03	 1.37310E+03
 3.03190E+03	 1.35057E+03
 3.03522E+03	 1.32173E+03
 3.03854E+03	 1.29760E+03
 3.04186E+03	 1.27703E+03
 3.04518E+03	 1.27197E+03
 3.04850E+03	 1.27477E+03
 3.05181E+03	 1.25030E+03
 3.05512E+03	 1.23390E+03
 3.05844E+03	 1.23807E+03
 3.06175E+03	 1.24083E+03
 3.06506E+03	 1.22863E+03
 3.06836E+03	 1.22133E+03
 3.07167E+03	 1.22717E+03
 3.07497E+03	 1.23073E+03
 3.07828E+03	 1.22913E+03
 3.08158E+03	 1.21850E+03
 3.08488E+03	 1.21737E+03
 3.08818E+03	 1.22490E+03
 3.09147E+03	 1.21763E+03
 3.09477E+03	 1.22100E+03
 3.09806E+03	 1.22737E+03
 3.10135E+03	 1.23927E+03
 3.10464E+03	 1.23373E+03
 3.10793E+03	 1.24003E+03
 3.11122E+03	 1.24870E+03
 3.11451E+03	 1.25320E+03
 3.11779E+03	 1.26117E+03
 3.12107E+03	 1.26200E+03
 3.12436E+03	 1.26340E+03
 3.12764E+03	 1.27757E+03
 3.13091E+03	 1.28193E+03
 3.13419E+03	 1.28933E+03
 3.13747E+03	 1.27397E+03
 3.14074E+03	 1.29330E+03
 3.14401E+03	 1.30840E+03
 3.14728E+03	 1.32550E+03
 3.15055E+03	 1.31723E+03
 3.15382E+03	 1.33800E+03
 3.15709E+03	 1.34220E+03
 3.16035E+03	 1.35300E+03
 3.16362E+03	 1.35743E+03
 3.16688E+03	 1.36330E+03
 3.17014E+03	 1.37060E+03
 3.17340E+03	 1.38063E+03
 3.17665E+03	 1.39443E+03
 3.17991E+03	 1.40350E+03
 3.18316E+03	 1.40917E+03
 3.18642E+03	 1.43677E+03
 3.18967E+03	 1.43427E+03
 3.19292E+03	 1.44810E+03
 3.19617E+03	 1.45240E+03
 3.19941E+03	 1.46630E+03
 3.20266E+03	 1.46907E+03
 3.20590E+03	 1.48383E+03
 3.20914E+03	 1.46710E+03
 3.21238E+03	 1.47103E+03
 3.21562E+03	 1.51850E+03
 3.21886E+03	 1.56193E+03
 3.22210E+03	 1.53437E+03
 3.22533E+03	 1.51830E+03
 3.22857E+03	 1.55583E+03
 3.23180E+03	 1.55967E+03
 3.23503E+03	 1.57520E+03
 3.23826E+03	 1.59510E+03
 3.24148E+03	 1.61090E+03
 3.24471E+03	 1.59497E+03
 3.24793E+03	 1.60437E+03
 3.25116E+03	 1.60010E+03
 3.25438E+03	 1.62427E+03
 3.25760E+03	 1.63260E+03
 3.26082E+03	 1.64733E+03
 3.26403E+03	 1.65807E+03
 3.26725E+03	 1.65147E+03
 3.27046E+03	 1.66620E+03
 3.27368E+03	 1.66663E+03
 3.27689E+03	 1.67057E+03
 3.28010E+03	 1.68150E+03
 3.28331E+03	 1.66603E+03
 3.28651E+03	 1.66863E+03
 3.28972E+03	 1.67990E+03
 3.29292E+03	 1.69700E+03
 3.29612E+03	 1.69840E+03
 3.29932E+03	 1.71393E+03
 3.30252E+03	 1.70290E+03
 3.30572E+03	 1.68550E+03
 3.30892E+03	 1.70703E+03
 3.31211E+03	 1.73660E+03
 3.31531E+03	 1.71137E+03
 3.31850E+03	 1.70160E+03
 3.32169E+03	 1.73070E+03
 3.32488E+03	 1.75660E+03
 3.32807E+03	 1.72743E+03
 3.33125E+03	 1.73927E+03
 3.33444E+03	 1.72970E+03
 3.33762E+03	 1.71870E+03
 3.34080E+03	 1.74120E+03
 3.34398E+03	 1.74733E+03
 3.34716E+03	 1.74183E+03
 3.35034E+03	 1.76663E+03
 3.35351E+03	 1.78360E+03
 3.35669E+03	 1.78167E+03
 3.35986E+03	 1.77957E+03
 3.36303E+03	 1.77067E+03
 3.36620E+03	 1.75933E+03
 3.36937E+03	 1.77687E+03
 3.37254E+03	 1.77810E+03
 3.37570E+03	 1.76327E+03
 3.37887E+03	 1.77930E+03
 3.38203E+03	 1.77820E+03
 3.38519E+03	 1.78570E+03
 3.38835E+03	 1.80023E+03
 3.39151E+03	 1.77707E+03
 3.39467E+03	 1.76940E+03
 3.39782E+03	 1.74323E+03
 3.40098E+03	 1.76673E+03
 3.40413E+03	 1.78393E+03
 3.40728E+03	 1.77893E+03
 3.41043E+03	 1.73690E+03
 3.41358E+03	 1.74880E+03
 3.41673E+03	 1.74753E+03
 3.41987E+03	 1.75407E+03
 3.42302E+03	 1.74900E+03
 3.42616E+03	 1.76280E+03
 3.42930E+03	 1.75123E+03
 3.43244E+03	 1.74890E+03
 3.43558E+03	 1.71513E+03
 3.43872E+03	 1.71823E+03
 3.44185E+03	 1.71803E+03
 3.44499E+03	 1.69897E+03
 3.44812E+03	 1.68240E+03
 3.45125E+03	 1.65723E+03
 3.45438E+03	 1.70960E+03
 3.45751E+03	 1.69263E+03
 3.46064E+03	 1.65760E+03
 3.46376E+03	 1.67830E+03
 3.46689E+03	 1.64503E+03
 3.47001E+03	 1.65917E+03
 3.47313E+03	 1.63557E+03
 3.47625E+03	 1.60033E+03
 3.47937E+03	 1.60673E+03
 3.48249E+03	 1.58477E+03
 3.48560E+03	 1.57923E+03
 3.48872E+03	 1.57970E+03
 3.49183E+03	 1.55620E+03
 3.49494E+03	 1.52840E+03
 3.49805E+03	 1.52480E+03
 3.50116E+03	 1.50493E+03
 3.50427E+03	 1.52783E+03
 3.50737E+03	 1.50190E+03
 3.51048E+03	 1.49857E+03
 3.51358E+03	 1.48440E+03
 3.51668E+03	 1.45433E+03
 3.51978E+03	 1.46290E+03
 3.52288E+03	 1.42630E+03
 3.52598E+03	 1.38817E+03
 3.52907E+03	 1.37230E+03
 3.53217E+03	 1.38107E+03
 3.53526E+03	 1.38510E+03
 3.53835E+03	 1.35970E+03
 3.54144E+03	 1.33907E+03
 3.54453E+03	 1.32683E+03
 3.54762E+03	 1.32267E+03
 3.55071E+03	 1.31897E+03
 3.55379E+03	 1.31553E+03
 3.55687E+03	 1.29797E+03
 3.55996E+03	 1.28100E+03
 3.56304E+03	 1.26103E+03
 3.56612E+03	 1.23597E+03
 3.56919E+03	 1.24373E+03
 3.57227E+03	 1.23347E+03
 3.57535E+03	 1.22720E+03
 3.57842E+03	 1.23053E+03
 3.58149E+03	 1.21580E+03
 3.58456E+03	 1.20277E+03
 3.58763E+03	 1.18747E+03
 3.59070E+03	 1.18323E+03
 3.59377E+03	 1.18057E+03
 3.59683E+03	 1.16463E+03
 3.59990E+03	 1.14750E+03
 3.60296E+03	 1.14273E+03
 3.60602E+03	 1.13533E+03
 3.60908E+03	 1.13777E+03
 3.61214E+03	 1.11653E+03
 3.61519E+03	 1.11180E+03
 3.61825E+03	 1.11497E+03
 3.62130E+03	 1.09167E+03
 3.62436E+03	 1.07600E+03
 3.62741E+03	 1.07953E+03
 3.63046E+03	 1.07653E+03
 3.63351E+03	 1.06913E+03
 3.63656E+03	 1.06703E+03
 3.63960E+03	 1.05813E+03
 3.64265E+03	 1.05490E+03
 3.64569E+03	 1.04773E+03
 3.64873E+03	 1.03463E+03
 3.65177E+03	 1.02923E+03
 3.65481E+03	 1.02837E+03
 3.65785E+03	 1.01910E+03
 3.66089E+03	 1.02157E+03
 3.66392E+03	 1.01770E+03
 3.66695E+03	 1.01153E+03
 3.66999E+03	 1.00677E+03
 3.67302E+03	 1.00380E+03
 3.67605E+03	 9.98933E+02
 3.67908E+03	 9.97800E+02
 3.68210E+03	 9.96100E+02
 3.68513E+03	 9.90067E+02
 3.68815E+03	 9.89233E+02
 3.69117E+03	 9.92433E+02
 3.69420E+03	 9.88500E+02
 3.69722E+03	 9.84800E+02
 3.70023E+03	 9.86300E+02
 3.70325E+03	 9.82400E+02
 3.70627E+03	 9.80700E+02
 3.70928E+03	 9.79333E+02
 3.71230E+03	 9.74767E+02
 3.71531E+03	 9.77733E+02
 3.71832E+03	 9.78200E+02
 3.72133E+03	 9.74300E+02
 3.72434E+03	 9.73633E+02
 3.72734E+03	 9.71900E+02
 3.73035E+03	 9.68767E+02
 3.73335E+03	 9.67600E+02
 3.73635E+03	 9.68500E+02
 3.73936E+03	 9.66400E+02
 3.74236E+03	 9.69233E+02
 3.74535E+03	 9.67333E+02
 3.74835E+03	 9.64500E+02
 3.75135E+03	 9.64400E+02
 3.75434E+03	 9.66333E+02
 3.75733E+03	 9.65800E+02
 3.76033E+03	 9.63700E+02
 3.76332E+03	 9.63867E+02
 3.76631E+03	 9.63667E+02
 3.76929E+03	 9.65633E+02
 3.77228E+03	 9.62500E+02
 3.77527E+03	 9.58567E+02
 3.77825E+03	 9.58767E+02
 3.78123E+03	 9.56300E+02
 3.78421E+03	 9.61300E+02
 3.78719E+03	 9.55367E+02
