-1.40382E+02	 9.06700E+02
-1.35457E+02	 9.05167E+02
-1.30535E+02	 9.05633E+02
-1.25616E+02	 9.05567E+02
-1.20700E+02	 9.06333E+02
-1.15786E+02	 9.06367E+02
-1.10875E+02	 9.06200E+02
-1.05967E+02	 9.06667E+02
-1.01061E+02	 9.05800E+02
-9.61580E+01	 9.06667E+02
-9.12576E+01	 9.06867E+02
-8.63599E+01	 9.07100E+02
-8.14648E+01	 9.07000E+02
-7.65724E+01	 9.06733E+02
-7.16827E+01	 9.05667E+02
-6.67956E+01	 9.08133E+02
-6.19111E+01	 9.06833E+02
-5.70293E+01	 9.06433E+02
-5.21502E+01	 9.06500E+02
-4.72737E+01	 9.06733E+02
-4.23998E+01	 9.06800E+02
-3.75286E+01	 9.07400E+02
-3.26600E+01	 9.07233E+02
-2.77941E+01	 9.07500E+02
-2.29308E+01	 9.08333E+02
-1.80701E+01	 9.07767E+02
-1.32121E+01	 9.08900E+02
-8.35667E+00	 9.09233E+02
-3.50389E+00	 9.11833E+02
 1.34626E+00	 9.26000E+02
 6.19379E+00	 1.09997E+03
 1.10387E+01	 2.26003E+03
 1.58810E+01	 2.84777E+03
 2.07207E+01	 1.73070E+03
 2.55577E+01	 9.78800E+02
 3.03922E+01	 9.14433E+02
 3.52240E+01	 9.10233E+02
 4.00532E+01	 9.08767E+02
 4.48798E+01	 9.08000E+02
 4.97038E+01	 9.07733E+02
 5.45252E+01	 9.07400E+02
 5.93440E+01	 9.08500E+02
 6.41602E+01	 9.07900E+02
 6.89738E+01	 9.10000E+02
 7.37848E+01	 9.16233E+02
 7.85932E+01	 9.33167E+02
 8.33991E+01	 9.76133E+02
 8.82023E+01	 1.05473E+03
 9.30029E+01	 1.11433E+03
 9.78010E+01	 1.14893E+03
 1.02596E+02	 1.16583E+03
 1.07389E+02	 1.17867E+03
 1.12180E+02	 1.17353E+03
 1.16967E+02	 1.15850E+03
 1.21753E+02	 1.14933E+03
 1.26535E+02	 1.13820E+03
 1.31315E+02	 1.13817E+03
 1.36093E+02	 1.13453E+03
 1.40867E+02	 1.12640E+03
 1.45640E+02	 1.11813E+03
 1.50409E+02	 1.12340E+03
 1.55177E+02	 1.11433E+03
 1.59941E+02	 1.09997E+03
 1.64703E+02	 1.09917E+03
 1.69463E+02	 1.09200E+03
 1.74220E+02	 1.09087E+03
 1.78974E+02	 1.08183E+03
 1.83726E+02	 1.07400E+03
 1.88475E+02	 1.07520E+03
 1.93222E+02	 1.07333E+03
 1.97966E+02	 1.06717E+03
 2.02708E+02	 1.06583E+03
 2.07447E+02	 1.06997E+03
 2.12184E+02	 1.06683E+03
 2.16918E+02	 1.06493E+03
 2.21649E+02	 1.06423E+03
 2.26378E+02	 1.05893E+03
 2.31105E+02	 1.05213E+03
 2.35829E+02	 1.05367E+03
 2.40550E+02	 1.05207E+03
 2.45269E+02	 1.04893E+03
 2.49985E+02	 1.04960E+03
 2.54699E+02	 1.04517E+03
 2.59410E+02	 1.04953E+03
 2.64119E+02	 1.03897E+03
 2.68825E+02	 1.04223E+03
 2.73529E+02	 1.04407E+03
 2.78230E+02	 1.04287E+03
 2.82929E+02	 1.03743E+03
 2.87625E+02	 1.03700E+03
 2.92319E+02	 1.03883E+03
 2.97010E+02	 1.03163E+03
 3.01699E+02	 1.03330E+03
 3.06385E+02	 1.03377E+03
 3.11069E+02	 1.03450E+03
 3.15750E+02	 1.03267E+03
 3.20428E+02	 1.03333E+03
 3.25105E+02	 1.02997E+03
 3.29778E+02	 1.03103E+03
 3.34450E+02	 1.02797E+03
 3.39118E+02	 1.03020E+03
 3.43785E+02	 1.03480E+03
 3.48448E+02	 1.02740E+03
 3.53110E+02	 1.02887E+03
 3.57768E+02	 1.03053E+03
 3.62425E+02	 1.02823E+03
 3.67079E+02	 1.02040E+03
 3.71730E+02	 1.02693E+03
 3.76379E+02	 1.02093E+03
 3.81025E+02	 1.02223E+03
 3.85669E+02	 1.02170E+03
 3.90311E+02	 1.02917E+03
 3.94950E+02	 1.03500E+03
 3.99586E+02	 1.03200E+03
 4.04220E+02	 1.03210E+03
 4.08852E+02	 1.03397E+03
 4.13481E+02	 1.03260E+03
 4.18108E+02	 1.04457E+03
 4.22732E+02	 1.05137E+03
 4.27354E+02	 1.06233E+03
 4.31973E+02	 1.07343E+03
 4.36590E+02	 1.07470E+03
 4.41205E+02	 1.06417E+03
 4.45817E+02	 1.05687E+03
 4.50426E+02	 1.05167E+03
 4.55034E+02	 1.04263E+03
 4.59638E+02	 1.04030E+03
 4.64241E+02	 1.03043E+03
 4.68840E+02	 1.03133E+03
 4.73438E+02	 1.03167E+03
 4.78033E+02	 1.03613E+03
 4.82625E+02	 1.04617E+03
 4.87215E+02	 1.06310E+03
 4.91803E+02	 1.07957E+03
 4.96388E+02	 1.10913E+03
 5.00971E+02	 1.11100E+03
 5.05552E+02	 1.10367E+03
 5.10129E+02	 1.10143E+03
 5.14705E+02	 1.08033E+03
 5.19278E+02	 1.06277E+03
 5.23849E+02	 1.04893E+03
 5.28417E+02	 1.04003E+03
 5.32983E+02	 1.02930E+03
 5.37547E+02	 1.02263E+03
 5.42108E+02	 1.01947E+03
 5.46666E+02	 1.02367E+03
 5.51223E+02	 1.02560E+03
 5.55777E+02	 1.03077E+03
 5.60328E+02	 1.03067E+03
 5.64877E+02	 1.03107E+03
 5.69424E+02	 1.02763E+03
 5.73968E+02	 1.02807E+03
 5.78510E+02	 1.02470E+03
 5.83049E+02	 1.02667E+03
 5.87587E+02	 1.02263E+03
 5.92121E+02	 1.02090E+03
 5.96654E+02	 1.01607E+03
 6.01184E+02	 1.02007E+03
 6.05711E+02	 1.01257E+03
 6.10236E+02	 1.01617E+03
 6.14759E+02	 1.01603E+03
 6.19280E+02	 1.01313E+03
 6.23798E+02	 1.01750E+03
 6.28313E+02	 1.01150E+03
 6.32827E+02	 1.00973E+03
 6.37338E+02	 1.01170E+03
 6.41846E+02	 1.01080E+03
 6.46352E+02	 1.01417E+03
 6.50856E+02	 1.01503E+03
 6.55358E+02	 1.01547E+03
 6.59857E+02	 1.01850E+03
 6.64354E+02	 1.02267E+03
 6.68848E+02	 1.02507E+03
 6.73340E+02	 1.02853E+03
 6.77830E+02	 1.02447E+03
 6.82317E+02	 1.03487E+03
 6.86802E+02	 1.03883E+03
 6.91285E+02	 1.04313E+03
 6.95765E+02	 1.04527E+03
 7.00243E+02	 1.03913E+03
 7.04718E+02	 1.03033E+03
 7.09192E+02	 1.02140E+03
 7.13663E+02	 1.01503E+03
 7.18131E+02	 1.01213E+03
 7.22597E+02	 1.00987E+03
 7.27061E+02	 1.00767E+03
 7.31523E+02	 1.00770E+03
 7.35982E+02	 1.00843E+03
 7.40439E+02	 1.00907E+03
 7.44894E+02	 1.00497E+03
 7.49346E+02	 1.00457E+03
 7.53796E+02	 1.00347E+03
 7.58243E+02	 1.00177E+03
 7.62689E+02	 1.00543E+03
 7.67132E+02	 1.00277E+03
 7.71572E+02	 1.00570E+03
 7.76011E+02	 1.00360E+03
 7.80447E+02	 1.00560E+03
 7.84880E+02	 1.00920E+03
 7.89312E+02	 1.00773E+03
 7.93741E+02	 1.01467E+03
 7.98167E+02	 1.01323E+03
 8.02592E+02	 1.01223E+03
 8.07014E+02	 1.01203E+03
 8.11434E+02	 1.01440E+03
 8.15851E+02	 1.01547E+03
 8.20267E+02	 1.01900E+03
 8.24680E+02	 1.03013E+03
 8.29090E+02	 1.05347E+03
 8.33499E+02	 1.08233E+03
 8.37905E+02	 1.08923E+03
 8.42309E+02	 1.08257E+03
 8.46710E+02	 1.07537E+03
 8.51109E+02	 1.07663E+03
 8.55506E+02	 1.09380E+03
 8.59901E+02	 1.12150E+03
 8.64293E+02	 1.14817E+03
 8.68683E+02	 1.16120E+03
 8.73071E+02	 1.14993E+03
 8.77456E+02	 1.12567E+03
 8.81840E+02	 1.11343E+03
 8.86221E+02	 1.09500E+03
 8.90599E+02	 1.06703E+03
 8.94976E+02	 1.04847E+03
 8.99350E+02	 1.03067E+03
 9.03722E+02	 1.02287E+03
 9.08091E+02	 1.01213E+03
 9.12459E+02	 1.01863E+03
 9.16824E+02	 1.02107E+03
 9.21187E+02	 1.03420E+03
 9.25547E+02	 1.05120E+03
 9.29905E+02	 1.05677E+03
 9.34261E+02	 1.06567E+03
 9.38615E+02	 1.08113E+03
 9.42967E+02	 1.08897E+03
 9.47316E+02	 1.07130E+03
 9.51663E+02	 1.05580E+03
 9.56008E+02	 1.03683E+03
 9.60350E+02	 1.01900E+03
 9.64691E+02	 1.00753E+03
 9.69029E+02	 1.00307E+03
 9.73364E+02	 1.00907E+03
 9.77698E+02	 1.00983E+03
 9.82029E+02	 1.01130E+03
 9.86358E+02	 1.01727E+03
 9.90685E+02	 1.03173E+03
 9.95010E+02	 1.03503E+03
 9.99332E+02	 1.03030E+03
 1.00365E+03	 1.01957E+03
 1.00797E+03	 1.01143E+03
 1.01229E+03	 1.00473E+03
 1.01660E+03	 1.00517E+03
 1.02091E+03	 1.00597E+03
 1.02522E+03	 1.00923E+03
 1.02953E+03	 1.01530E+03
 1.03383E+03	 1.01780E+03
 1.03813E+03	 1.02833E+03
 1.04243E+03	 1.03670E+03
 1.04673E+03	 1.05227E+03
 1.05103E+03	 1.07083E+03
 1.05532E+03	 1.09570E+03
 1.05961E+03	 1.11927E+03
 1.06390E+03	 1.13023E+03
 1.06819E+03	 1.14613E+03
 1.07247E+03	 1.14523E+03
 1.07676E+03	 1.14260E+03
 1.08104E+03	 1.13900E+03
 1.08531E+03	 1.13510E+03
 1.08959E+03	 1.12210E+03
 1.09386E+03	 1.10050E+03
 1.09813E+03	 1.09690E+03
 1.10240E+03	 1.10043E+03
 1.10667E+03	 1.08803E+03
 1.11094E+03	 1.08563E+03
 1.11520E+03	 1.08470E+03
 1.11946E+03	 1.08690E+03
 1.12372E+03	 1.09380E+03
 1.12797E+03	 1.09287E+03
 1.13223E+03	 1.08437E+03
 1.13648E+03	 1.07480E+03
 1.14073E+03	 1.06100E+03
 1.14498E+03	 1.03883E+03
 1.14922E+03	 1.02937E+03
 1.15347E+03	 1.01063E+03
 1.15771E+03	 1.00533E+03
 1.16194E+03	 9.98400E+02
 1.16618E+03	 9.98733E+02
 1.17042E+03	 9.96967E+02
 1.17465E+03	 9.98000E+02
 1.17888E+03	 9.95467E+02
 1.18311E+03	 9.91767E+02
 1.18733E+03	 9.95533E+02
 1.19156E+03	 9.95400E+02
 1.19578E+03	 1.00133E+03
 1.20000E+03	 1.00300E+03
 1.20421E+03	 1.00153E+03
 1.20843E+03	 1.00730E+03
 1.21264E+03	 1.00863E+03
 1.21685E+03	 1.01233E+03
 1.22106E+03	 1.01683E+03
 1.22527E+03	 1.02127E+03
 1.22947E+03	 1.02340E+03
 1.23367E+03	 1.02697E+03
 1.23787E+03	 1.02493E+03
 1.24207E+03	 1.02950E+03
 1.24627E+03	 1.03857E+03
 1.25046E+03	 1.03830E+03
 1.25465E+03	 1.04033E+03
 1.25884E+03	 1.04920E+03
 1.26303E+03	 1.05593E+03
 1.26721E+03	 1.05357E+03
 1.27140E+03	 1.05253E+03
 1.27558E+03	 1.04983E+03
 1.27975E+03	 1.05090E+03
 1.28393E+03	 1.05437E+03
 1.28811E+03	 1.05233E+03
 1.29228E+03	 1.04693E+03
 1.29645E+03	 1.04620E+03
 1.30062E+03	 1.03500E+03
 1.30478E+03	 1.03437E+03
 1.30895E+03	 1.03677E+03
 1.31311E+03	 1.03220E+03
 1.31727E+03	 1.02827E+03
 1.32142E+03	 1.03080E+03
 1.32558E+03	 1.03557E+03
 1.32973E+03	 1.03433E+03
 1.33388E+03	 1.03550E+03
 1.33803E+03	 1.03823E+03
 1.34218E+03	 1.03837E+03
 1.34632E+03	 1.02927E+03
 1.35047E+03	 1.03120E+03
 1.35461E+03	 1.03287E+03
 1.35875E+03	 1.03830E+03
 1.36288E+03	 1.03787E+03
 1.36702E+03	 1.03383E+03
 1.37115E+03	 1.03237E+03
 1.37528E+03	 1.03437E+03
 1.37941E+03	 1.02970E+03
 1.38353E+03	 1.02957E+03
 1.38766E+03	 1.02900E+03
 1.39178E+03	 1.02320E+03
 1.39590E+03	 1.02547E+03
 1.40001E+03	 1.02700E+03
 1.40413E+03	 1.02367E+03
 1.40824E+03	 1.02267E+03
 1.41235E+03	 1.01877E+03
 1.41646E+03	 1.01550E+03
 1.42057E+03	 1.02007E+03
 1.42468E+03	 1.02057E+03
 1.42878E+03	 1.02263E+03
 1.43288E+03	 1.01980E+03
 1.43698E+03	 1.01707E+03
 1.44107E+03	 1.01560E+03
 1.44517E+03	 1.01857E+03
 1.44926E+03	 1.01600E+03
 1.45335E+03	 1.01720E+03
 1.45744E+03	 1.01963E+03
 1.46153E+03	 1.02450E+03
 1.46561E+03	 1.04380E+03
 1.46969E+03	 1.05827E+03
 1.47377E+03	 1.08647E+03
 1.47785E+03	 1.09917E+03
 1.48193E+03	 1.11030E+03
 1.48600E+03	 1.10920E+03
 1.49007E+03	 1.08543E+03
 1.49414E+03	 1.06557E+03
 1.49821E+03	 1.03967E+03
 1.50228E+03	 1.01980E+03
 1.50634E+03	 1.00397E+03
 1.51040E+03	 9.93567E+02
 1.51446E+03	 9.86667E+02
 1.51852E+03	 9.83733E+02
 1.52258E+03	 9.82333E+02
 1.52663E+03	 9.83033E+02
 1.53068E+03	 9.83300E+02
 1.53473E+03	 9.81200E+02
 1.53878E+03	 9.79567E+02
 1.54282E+03	 9.75200E+02
 1.54687E+03	 9.75533E+02
 1.55091E+03	 9.80167E+02
 1.55495E+03	 9.78433E+02
 1.55899E+03	 9.78067E+02
 1.56302E+03	 9.78500E+02
 1.56705E+03	 9.76967E+02
 1.57109E+03	 9.77367E+02
 1.57512E+03	 9.80600E+02
 1.57914E+03	 9.77200E+02
 1.58317E+03	 9.77833E+02
 1.58719E+03	 9.76333E+02
 1.59121E+03	 9.77300E+02
 1.59523E+03	 9.78000E+02
 1.59925E+03	 9.76767E+02
 1.60326E+03	 9.76133E+02
 1.60728E+03	 9.72867E+02
 1.61129E+03	 9.77567E+02
 1.61530E+03	 9.75433E+02
 1.61930E+03	 9.75533E+02
 1.62331E+03	 9.74167E+02
 1.62731E+03	 9.74733E+02
 1.63131E+03	 9.75000E+02
 1.63531E+03	 9.74300E+02
 1.63931E+03	 9.71967E+02
 1.64330E+03	 9.71133E+02
 1.64730E+03	 9.72300E+02
 1.65129E+03	 9.73567E+02
 1.65528E+03	 9.74233E+02
 1.65926E+03	 9.74500E+02
 1.66325E+03	 9.73200E+02
 1.66723E+03	 9.73333E+02
 1.67121E+03	 9.71533E+02
 1.67519E+03	 9.72033E+02
 1.67917E+03	 9.74567E+02
 1.68314E+03	 9.72933E+02
 1.68712E+03	 9.73233E+02
 1.69109E+03	 9.70667E+02
 1.69506E+03	 9.73667E+02
 1.69903E+03	 9.71400E+02
 1.70299E+03	 9.69700E+02
 1.70695E+03	 9.72400E+02
 1.71092E+03	 9.70800E+02
 1.71487E+03	 9.70233E+02
 1.71883E+03	 9.68533E+02
 1.72279E+03	 9.69767E+02
 1.72674E+03	 9.69400E+02
 1.73069E+03	 9.69267E+02
 1.73464E+03	 9.68633E+02
 1.73859E+03	 9.68333E+02
 1.74253E+03	 9.67333E+02
 1.74648E+03	 9.64900E+02
 1.75042E+03	 9.67133E+02
 1.75436E+03	 9.71767E+02
 1.75830E+03	 9.67900E+02
 1.76223E+03	 9.68800E+02
 1.76617E+03	 9.66900E+02
 1.77010E+03	 9.65833E+02
 1.77403E+03	 9.68033E+02
 1.77796E+03	 9.68700E+02
 1.78188E+03	 9.66867E+02
 1.78581E+03	 9.67133E+02
 1.78973E+03	 9.68133E+02
 1.79365E+03	 9.69700E+02
 1.79757E+03	 9.65767E+02
 1.80148E+03	 9.67367E+02
 1.80540E+03	 9.66600E+02
 1.80931E+03	 9.66667E+02
 1.81322E+03	 9.66167E+02
 1.81713E+03	 9.66933E+02
 1.82104E+03	 9.64467E+02
 1.82494E+03	 9.63833E+02
 1.82884E+03	 9.66800E+02
 1.83274E+03	 9.68967E+02
 1.83664E+03	 9.65500E+02
 1.84054E+03	 9.63467E+02
 1.84443E+03	 9.65733E+02
 1.84833E+03	 9.64733E+02
 1.85222E+03	 9.67000E+02
 1.85611E+03	 9.66500E+02
 1.85999E+03	 9.66167E+02
 1.86388E+03	 9.65267E+02
 1.86776E+03	 9.64467E+02
 1.87164E+03	 9.63733E+02
 1.87552E+03	 9.64333E+02
 1.87940E+03	 9.63800E+02
 1.88328E+03	 9.64100E+02
 1.88715E+03	 9.62400E+02
 1.89102E+03	 9.64700E+02
 1.89489E+03	 9.61633E+02
 1.89876E+03	 9.62667E+02
 1.90263E+03	 9.63333E+02
 1.90649E+03	 9.65233E+02
 1.91035E+03	 9.63067E+02
 1.91421E+03	 9.62733E+02
 1.91807E+03	 9.63967E+02
 1.92193E+03	 9.65100E+02
 1.92578E+03	 9.65833E+02
 1.92964E+03	 9.62933E+02
 1.93349E+03	 9.62700E+02
 1.93734E+03	 9.64800E+02
 1.94118E+03	 9.61967E+02
 1.94503E+03	 9.65733E+02
 1.94887E+03	 9.63367E+02
 1.95271E+03	 9.65333E+02
 1.95655E+03	 9.62900E+02
 1.96039E+03	 9.63667E+02
 1.96423E+03	 9.61733E+02
 1.96806E+03	 9.60833E+02
 1.97189E+03	 9.62333E+02
 1.97572E+03	 9.61467E+02
 1.97955E+03	 9.63200E+02
 1.98338E+03	 9.62967E+02
 1.98720E+03	 9.62033E+02
 1.99103E+03	 9.60933E+02
 1.99485E+03	 9.61700E+02
 1.99866E+03	 9.61800E+02
 2.00248E+03	 9.63300E+02
 2.00630E+03	 9.60033E+02
 2.01011E+03	 9.62400E+02
 2.01392E+03	 9.61433E+02
 2.01773E+03	 9.61500E+02
 2.02154E+03	 9.62533E+02
 2.02534E+03	 9.62600E+02
 2.02915E+03	 9.61767E+02
 2.03295E+03	 9.62600E+02
 2.03675E+03	 9.63433E+02
 2.04055E+03	 9.61033E+02
 2.04435E+03	 9.62533E+02
 2.04814E+03	 9.63200E+02
 2.05193E+03	 9.62033E+02
 2.05572E+03	 9.62533E+02
 2.05951E+03	 9.61200E+02
 2.06330E+03	 9.64333E+02
 2.06708E+03	 9.61367E+02
 2.07087E+03	 9.61267E+02
 2.07465E+03	 9.61033E+02
 2.07843E+03	 9.61833E+02
 2.08221E+03	 9.61700E+02
 2.08598E+03	 9.62167E+02
 2.08976E+03	 9.60067E+02
 2.09353E+03	 9.61533E+02
 2.09730E+03	 9.60200E+02
 2.10107E+03	 9.64133E+02
 2.10484E+03	 9.62767E+02
 2.10860E+03	 9.60567E+02
 2.11236E+03	 9.61100E+02
 2.11613E+03	 9.60300E+02
 2.11989E+03	 9.61600E+02
 2.12364E+03	 9.59200E+02
 2.12740E+03	 9.61567E+02
 2.13115E+03	 9.61633E+02
 2.13490E+03	 9.60433E+02
 2.13866E+03	 9.61900E+02
 2.14240E+03	 9.60000E+02
 2.14615E+03	 9.62133E+02
 2.14990E+03	 9.61967E+02
 2.15364E+03	 9.61900E+02
 2.15738E+03	 9.61000E+02
 2.16112E+03	 9.61333E+02
 2.16486E+03	 9.60833E+02
 2.16859E+03	 9.60867E+02
 2.17233E+03	 9.63067E+02
 2.17606E+03	 9.61033E+02
 2.17979E+03	 9.62900E+02
 2.18352E+03	 9.60433E+02
 2.18724E+03	 9.60233E+02
 2.19097E+03	 9.60133E+02
 2.19469E+03	 9.60933E+02
 2.19841E+03	 9.61433E+02
 2.20213E+03	 9.59067E+02
 2.20585E+03	 9.60767E+02
 2.20956E+03	 9.61633E+02
 2.21328E+03	 9.58667E+02
 2.21699E+03	 9.58933E+02
 2.22070E+03	 9.61733E+02
 2.22441E+03	 9.56933E+02
 2.22812E+03	 9.60633E+02
 2.23182E+03	 9.59600E+02
 2.23552E+03	 9.57867E+02
 2.23923E+03	 9.58867E+02
 2.24293E+03	 9.58933E+02
 2.24662E+03	 9.61333E+02
 2.25032E+03	 9.59967E+02
 2.25401E+03	 9.60333E+02
 2.25771E+03	 9.59700E+02
 2.26140E+03	 9.59433E+02
 2.26509E+03	 9.58667E+02
 2.26877E+03	 9.60900E+02
 2.27246E+03	 9.58900E+02
 2.27614E+03	 9.56567E+02
 2.27982E+03	 9.57867E+02
 2.28350E+03	 9.57367E+02
 2.28718E+03	 9.59133E+02
 2.29086E+03	 9.58233E+02
 2.29453E+03	 9.59000E+02
 2.29820E+03	 9.59233E+02
 2.30188E+03	 9.61033E+02
 2.30555E+03	 9.55700E+02
 2.30921E+03	 9.61033E+02
 2.31288E+03	 9.59733E+02
 2.31654E+03	 9.59167E+02
 2.32020E+03	 9.57400E+02
 2.32386E+03	 9.59300E+02
 2.32752E+03	 9.60367E+02
 2.33118E+03	 9.59200E+02
 2.33484E+03	 9.56600E+02
 2.33849E+03	 9.60167E+02
 2.34214E+03	 9.59400E+02
 2.34579E+03	 9.59967E+02
 2.34944E+03	 9.58333E+02
 2.35308E+03	 9.58733E+02
 2.35673E+03	 9.60133E+02
 2.36037E+03	 9.58500E+02
 2.36401E+03	 9.61233E+02
 2.36765E+03	 9.58633E+02
 2.37129E+03	 9.59667E+02
 2.37492E+03	 9.59267E+02
 2.37856E+03	 9.59033E+02
 2.38219E+03	 9.60167E+02
 2.38582E+03	 9.60067E+02
 2.38945E+03	 9.60867E+02
 2.39308E+03	 9.62767E+02
 2.39670E+03	 9.58867E+02
 2.40033E+03	 9.63467E+02
 2.40395E+03	 9.59800E+02
 2.40757E+03	 9.57533E+02
 2.41119E+03	 9.60967E+02
 2.41480E+03	 9.58833E+02
 2.41842E+03	 9.57800E+02
 2.42203E+03	 9.56800E+02
 2.42564E+03	 9.58933E+02
 2.42925E+03	 9.62067E+02
 2.43286E+03	 9.57733E+02
 2.43647E+03	 9.60800E+02
 2.44007E+03	 9.55933E+02
 2.44367E+03	 9.59000E+02
 2.44727E+03	 9.60333E+02
 2.45087E+03	 9.60233E+02
 2.45447E+03	 9.57133E+02
 2.45807E+03	 9.58833E+02
 2.46166E+03	 9.58333E+02
 2.46525E+03	 9.58400E+02
 2.46884E+03	 9.61467E+02
 2.47243E+03	 9.59133E+02
 2.47602E+03	 9.58067E+02
 2.47960E+03	 9.58667E+02
 2.48319E+03	 9.60067E+02
 2.48677E+03	 9.58200E+02
 2.49035E+03	 9.61000E+02
 2.49393E+03	 9.59100E+02
 2.49751E+03	 9.59433E+02
 2.50108E+03	 9.61833E+02
 2.50465E+03	 9.60333E+02
 2.50823E+03	 9.60300E+02
 2.51180E+03	 9.59033E+02
 2.51536E+03	 9.63600E+02
 2.51893E+03	 9.60733E+02
 2.52250E+03	 9.64033E+02
 2.52606E+03	 9.61333E+02
 2.52962E+03	 9.58467E+02
 2.53318E+03	 9.64200E+02
 2.53674E+03	 9.62600E+02
 2.54029E+03	 9.60867E+02
 2.54385E+03	 9.61133E+02
 2.54740E+03	 9.61200E+02
 2.55095E+03	 9.62567E+02
 2.55450E+03	 9.62333E+02
 2.55805E+03	 9.63533E+02
 2.56160E+03	 9.60267E+02
 2.56514E+03	 9.60633E+02
 2.56868E+03	 9.62100E+02
 2.57222E+03	 9.60200E+02
 2.57576E+03	 9.60333E+02
 2.57930E+03	 9.61900E+02
 2.58284E+03	 9.64033E+02
 2.58637E+03	 9.61333E+02
 2.58991E+03	 9.62000E+02
 2.59344E+03	 9.62433E+02
 2.59697E+03	 9.61900E+02
 2.60049E+03	 9.61833E+02
 2.60402E+03	 9.61133E+02
 2.60754E+03	 9.60500E+02
 2.61107E+03	 9.62233E+02
 2.61459E+03	 9.61133E+02
 2.61811E+03	 9.61600E+02
 2.62162E+03	 9.63000E+02
 2.62514E+03	 9.64000E+02
 2.62865E+03	 9.63600E+02
 2.63217E+03	 9.61933E+02
 2.63568E+03	 9.61267E+02
 2.63919E+03	 9.62933E+02
 2.64269E+03	 9.63767E+02
 2.64620E+03	 9.65467E+02
 2.64970E+03	 9.66300E+02
 2.65321E+03	 9.64767E+02
 2.65671E+03	 9.64867E+02
 2.66021E+03	 9.66133E+02
 2.66370E+03	 9.65267E+02
 2.66720E+03	 9.64900E+02
 2.67069E+03	 9.64433E+02
 2.67419E+03	 9.66467E+02
 2.67768E+03	 9.64733E+02
 2.68117E+03	 9.70033E+02
 2.68466E+03	 9.69367E+02
 2.68814E+03	 9.68767E+02
 2.69163E+03	 9.68400E+02
 2.69511E+03	 9.68100E+02
 2.69859E+03	 9.70700E+02
 2.70207E+03	 9.71600E+02
 2.70555E+03	 9.71633E+02
 2.70902E+03	 9.69900E+02
 2.71250E+03	 9.73167E+02
 2.71597E+03	 9.75767E+02
 2.71944E+03	 9.75633E+02
 2.72291E+03	 9.77167E+02
 2.72638E+03	 9.78667E+02
 2.72984E+03	 9.80967E+02
 2.73331E+03	 9.83433E+02
 2.73677E+03	 9.85133E+02
 2.74023E+03	 9.85600E+02
 2.74369E+03	 9.85867E+02
 2.74715E+03	 9.87500E+02
 2.75061E+03	 9.91300E+02
 2.75406E+03	 9.87400E+02
 2.75752E+03	 9.90500E+02
 2.76097E+03	 9.89533E+02
 2.76442E+03	 9.89233E+02
 2.76786E+03	 9.91467E+02
 2.77131E+03	 9.89033E+02
 2.77476E+03	 9.89833E+02
 2.77820E+03	 9.90967E+02
 2.78164E+03	 9.87133E+02
 2.78508E+03	 9.87367E+02
 2.78852E+03	 9.90600E+02
 2.79196E+03	 9.87733E+02
 2.79539E+03	 9.89333E+02
 2.79883E+03	 9.93567E+02
 2.80226E+03	 9.91633E+02
 2.80569E+03	 9.93033E+02
 2.80912E+03	 9.94767E+02
 2.81254E+03	 9.97133E+02
 2.81597E+03	 9.98367E+02
 2.81939E+03	 1.00357E+03
 2.82282E+03	 1.00503E+03
 2.82624E+03	 1.00820E+03
 2.82966E+03	 1.01253E+03
 2.83307E+03	 1.01307E+03
 2.83649E+03	 1.01537E+03
 2.83990E+03	 1.02563E+03
 2.84332E+03	 1.02973E+03
 2.84673E+03	 1.03820E+03
 2.85014E+03	 1.04730E+03
 2.85354E+03	 1.04990E+03
 2.85695E+03	 1.05817E+03
 2.86036E+03	 1.06960E+03
 2.86376E+03	 1.08203E+03
 2.86716E+03	 1.09690E+03
 2.87056E+03	 1.10637E+03
 2.87396E+03	 1.12233E+03
 2.87736E+03	 1.14167E+03
 2.88075E+03	 1.15983E+03
 2.88414E+03	 1.18350E+03
 2.88754E+03	 1.21903E+03
 2.89093E+03	 1.23653E+03
 2.89431E+03	 1.25393E+03
 2.89770E+03	 1.27053E+03
 2.90109E+03	 1.27940E+03
 2.90447E+03	 1.27903E+03
 2.90785E+03	 1.27083E+03
 2.91123E+03	 1.25140E+03
 2.91461E+03	 1.24463E+03
 2.91799E+03	 1.24780E+03
 2.92137E+03	 1.23273E+03
 2.92474E+03	 1.23547E+03
 2.92811E+03	 1.23433E+03
 2.93149E+03	 1.23357E+03
 2.93486E+03	 1.23383E+03
 2.93822E+03	 1.24250E+03
 2.94159E+03	 1.25240E+03
 2.94496E+03	 1.27577E+03
 2.94832E+03	 1.26810E+03
 2.95168E+03	 1.26727E+03
 2.95504E+03	 1.27380E+03
 2.95840E+03	 1.26850E+03
 2.96176E+03	 1.26323E+03
 2.96511E+03	 1.25610E+03
 2.96847E+03	 1.23687E+03
 2.97182E+03	 1.22783E+03
 2.97517E+03	 1.20757E+03
 2.97852E+03	 1.18690E+03
 2.98187E+03	 1.16687E+03
 2.98521E+03	 1.14440E+03
 2.98856E+03	 1.11793E+03
 2.99190E+03	 1.09780E+03
 2.99524E+03	 1.07880E+03
 2.99858E+03	 1.05610E+03
 3.00192E+03	 1.03973E+03
 3.00526E+03	 1.02277E+03
 3.00859E+03	 1.01323E+03
 3.01193E+03	 1.00473E+03
 3.01526E+03	 9.97067E+02
 3.01859E+03	 9.91433E+02
 3.02192E+03	 9.87400E+02
 3.02525E+03	 9.85833E+02
 3.02857E+03	 9.78567E+02
 3.03190E+03	 9.78067E+02
 3.03522E+03	 9.77533E+02
 3.03854E+03	 9.74900E+02
 3.04186E+03	 9.77200E+02
 3.04518E+03	 9.71900E+02
 3.04850E+03	 9.75467E+02
 3.05181E+03	 9.71500E+02
 3.05512E+03	 9.72533E+02
 3.05844E+03	 9.70900E+02
 3.06175E+03	 9.72533E+02
 3.06506E+03	 9.71400E+02
 3.06836E+03	 9.70433E+02
 3.07167E+03	 9.70767E+02
 3.07497E+03	 9.67100E+02
 3.07828E+03	 9.69100E+02
 3.08158E+03	 9.70867E+02
 3.08488E+03	 9.71767E+02
 3.08818E+03	 9.71800E+02
 3.09147E+03	 9.72000E+02
 3.09477E+03	 9.71100E+02
 3.09806E+03	 9.71500E+02
 3.10135E+03	 9.67800E+02
 3.10464E+03	 9.74633E+02
 3.10793E+03	 9.73400E+02
 3.11122E+03	 9.73933E+02
 3.11451E+03	 9.72200E+02
 3.11779E+03	 9.72233E+02
 3.12107E+03	 9.76700E+02
 3.12436E+03	 9.74900E+02
 3.12764E+03	 9.77000E+02
 3.13091E+03	 9.76900E+02
 3.13419E+03	 9.75633E+02
 3.13747E+03	 9.78700E+02
 3.14074E+03	 9.79933E+02
 3.14401E+03	 9.78533E+02
 3.14728E+03	 9.82067E+02
 3.15055E+03	 9.82233E+02
 3.15382E+03	 9.85367E+02
 3.15709E+03	 9.84133E+02
 3.16035E+03	 9.86867E+02
 3.16362E+03	 9.87100E+02
 3.16688E+03	 9.82133E+02
 3.17014E+03	 9.83867E+02
 3.17340E+03	 9.87600E+02
 3.17665E+03	 9.91067E+02
 3.17991E+03	 9.88733E+02
 3.18316E+03	 9.91300E+02
 3.18642E+03	 9.92833E+02
 3.18967E+03	 9.88900E+02
 3.19292E+03	 9.94867E+02
 3.19617E+03	 9.95800E+02
 3.19941E+03	 9.96067E+02
 3.20266E+03	 9.95367E+02
 3.20590E+03	 9.96900E+02
 3.20914E+03	 9.98200E+02
 3.21238E+03	 9.96000E+02
 3.21562E+03	 9.98633E+02
 3.21886E+03	 1.00360E+03
 3.22210E+03	 9.98400E+02
 3.22533E+03	 9.97667E+02
 3.22857E+03	 1.00520E+03
 3.23180E+03	 1.00460E+03
 3.23503E+03	 1.00520E+03
 3.23826E+03	 1.00533E+03
 3.24148E+03	 1.00693E+03
 3.24471E+03	 1.01010E+03
 3.24793E+03	 1.00777E+03
 3.25116E+03	 1.00850E+03
 3.25438E+03	 1.01123E+03
 3.25760E+03	 1.00810E+03
 3.26082E+03	 1.01023E+03
 3.26403E+03	 1.01110E+03
 3.26725E+03	 1.00940E+03
 3.27046E+03	 1.01673E+03
 3.27368E+03	 1.01120E+03
 3.27689E+03	 1.00890E+03
 3.28010E+03	 1.01367E+03
 3.28331E+03	 1.01313E+03
 3.28651E+03	 1.01687E+03
 3.28972E+03	 1.01563E+03
 3.29292E+03	 1.01470E+03
 3.29612E+03	 1.01480E+03
 3.29932E+03	 1.01413E+03
 3.30252E+03	 1.01230E+03
 3.30572E+03	 1.01440E+03
 3.30892E+03	 1.01283E+03
 3.31211E+03	 1.01170E+03
 3.31531E+03	 1.01337E+03
 3.31850E+03	 1.01593E+03
 3.32169E+03	 1.01650E+03
 3.32488E+03	 1.01937E+03
 3.32807E+03	 1.03170E+03
 3.33125E+03	 1.01533E+03
 3.33444E+03	 1.01420E+03
 3.33762E+03	 1.01520E+03
 3.34080E+03	 1.01603E+03
 3.34398E+03	 1.02307E+03
 3.34716E+03	 1.01583E+03
 3.35034E+03	 1.01460E+03
 3.35351E+03	 1.01713E+03
 3.35669E+03	 1.01603E+03
 3.35986E+03	 1.02353E+03
 3.36303E+03	 1.02137E+03
 3.36620E+03	 1.01577E+03
 3.36937E+03	 1.01900E+03
 3.37254E+03	 1.01953E+03
 3.37570E+03	 1.01737E+03
 3.37887E+03	 1.01903E+03
 3.38203E+03	 1.01367E+03
 3.38519E+03	 1.01670E+03
 3.38835E+03	 1.01833E+03
 3.39151E+03	 1.01670E+03
 3.39467E+03	 1.02007E+03
 3.39782E+03	 1.02283E+03
 3.40098E+03	 1.02050E+03
 3.40413E+03	 1.01613E+03
 3.40728E+03	 1.01683E+03
 3.41043E+03	 1.01940E+03
 3.41358E+03	 1.01527E+03
 3.41673E+03	 1.01233E+03
 3.41987E+03	 1.01473E+03
 3.42302E+03	 1.01533E+03
 3.42616E+03	 1.01170E+03
 3.42930E+03	 1.00957E+03
 3.43244E+03	 1.01477E+03
 3.43558E+03	 1.00823E+03
 3.43872E+03	 1.01060E+03
 3.44185E+03	 1.01333E+03
 3.44499E+03	 1.01330E+03
 3.44812E+03	 1.01280E+03
 3.45125E+03	 1.01007E+03
 3.45438E+03	 1.01057E+03
 3.45751E+03	 1.00937E+03
 3.46064E+03	 1.00607E+03
 3.46376E+03	 1.00500E+03
 3.46689E+03	 1.00293E+03
 3.47001E+03	 1.00920E+03
 3.47313E+03	 1.00327E+03
 3.47625E+03	 9.98667E+02
 3.47937E+03	 1.00633E+03
 3.48249E+03	 1.00010E+03
 3.48560E+03	 1.00147E+03
 3.48872E+03	 1.00117E+03
 3.49183E+03	 9.97300E+02
 3.49494E+03	 9.92700E+02
 3.49805E+03	 9.92433E+02
 3.50116E+03	 9.94100E+02
 3.50427E+03	 9.92667E+02
 3.50737E+03	 9.95767E+02
 3.51048E+03	 9.90967E+02
 3.51358E+03	 9.89533E+02
 3.51668E+03	 9.87833E+02
 3.51978E+03	 9.83367E+02
 3.52288E+03	 9.83233E+02
 3.52598E+03	 9.79500E+02
 3.52907E+03	 9.82300E+02
 3.53217E+03	 9.82100E+02
 3.53526E+03	 9.80567E+02
 3.53835E+03	 9.79433E+02
 3.54144E+03	 9.78933E+02
 3.54453E+03	 9.79433E+02
 3.54762E+03	 9.74067E+02
 3.55071E+03	 9.74300E+02
 3.55379E+03	 9.70633E+02
 3.55687E+03	 9.70733E+02
 3.55996E+03	 9.68167E+02
 3.56304E+03	 9.66633E+02
 3.56612E+03	 9.67600E+02
 3.56919E+03	 9.66667E+02
 3.57227E+03	 9.65433E+02
 3.57535E+03	 9.64933E+02
 3.57842E+03	 9.62567E+02
 3.58149E+03	 9.60100E+02
 3.58456E+03	 9.61667E+02
 3.58763E+03	 9.60733E+02
 3.59070E+03	 9.60633E+02
 3.59377E+03	 9.59633E+02
 3.59683E+03	 9.60000E+02
 3.59990E+03	 9.56867E+02
 3.60296E+03	 9.53900E+02
 3.60602E+03	 9.54867E+02
 3.60908E+03	 9.56933E+02
 3.61214E+03	 9.55100E+02
 3.61519E+03	 9.52900E+02
 3.61825E+03	 9.52233E+02
 3.62130E+03	 9.50533E+02
 3.62436E+03	 9.49367E+02
 3.62741E+03	 9.48133E+02
 3.63046E+03	 9.48567E+02
 3.63351E+03	 9.49500E+02
 3.63656E+03	 9.47333E+02
 3.63960E+03	 9.47300E+02
 3.64265E+03	 9.46067E+02
 3.64569E+03	 9.44000E+02
 3.64873E+03	 9.44433E+02
 3.65177E+03	 9.44167E+02
 3.65481E+03	 9.44300E+02
 3.65785E+03	 9.42300E+02
 3.66089E+03	 9.42867E+02
 3.66392E+03	 9.43933E+02
 3.66695E+03	 9.41633E+02
 3.66999E+03	 9.40900E+02
 3.67302E+03	 9.40733E+02
 3.67605E+03	 9.39700E+02
 3.67908E+03	 9.40033E+02
 3.68210E+03	 9.41033E+02
 3.68513E+03	 9.40067E+02
 3.68815E+03	 9.36900E+02
 3.69117E+03	 9.39567E+02
 3.69420E+03	 9.38667E+02
 3.69722E+03	 9.36700E+02
 3.70023E+03	 9.37600E+02
 3.70325E+03	 9.37733E+02
 3.70627E+03	 9.35733E+02
 3.70928E+03	 9.35167E+02
 3.71230E+03	 9.36267E+02
 3.71531E+03	 9.38367E+02
 3.71832E+03	 9.35867E+02
 3.72133E+03	 9.37100E+02
 3.72434E+03	 9.34833E+02
 3.72734E+03	 9.36733E+02
 3.73035E+03	 9.35400E+02
 3.73335E+03	 9.35600E+02
 3.73635E+03	 9.34767E+02
 3.73936E+03	 9.33867E+02
 3.74236E+03	 9.36500E+02
 3.74535E+03	 9.35467E+02
 3.74835E+03	 9.34967E+02
 3.75135E+03	 9.33667E+02
 3.75434E+03	 9.33000E+02
 3.75733E+03	 9.34267E+02
 3.76033E+03	 9.32300E+02
 3.76332E+03	 9.33767E+02
 3.76631E+03	 9.33267E+02
 3.76929E+03	 9.30633E+02
 3.77228E+03	 9.30100E+02
 3.77527E+03	 9.31333E+02
 3.77825E+03	 9.29967E+02
 3.78123E+03	 9.28233E+02
 3.78421E+03	 9.30233E+02
 3.78719E+03	 9.29033E+02
