-1.40382E+02	 9.06800E+02
-1.35457E+02	 9.07767E+02
-1.30535E+02	 9.08467E+02
-1.25616E+02	 9.07500E+02
-1.20700E+02	 9.08367E+02
-1.15786E+02	 9.08900E+02
-1.10875E+02	 9.08900E+02
-1.05967E+02	 9.07767E+02
-1.01061E+02	 9.07967E+02
-9.61580E+01	 9.09100E+02
-9.12576E+01	 9.09000E+02
-8.63599E+01	 9.08100E+02
-8.14648E+01	 9.09600E+02
-7.65724E+01	 9.10033E+02
-7.16827E+01	 9.08700E+02
-6.67956E+01	 9.11967E+02
-6.19111E+01	 9.10367E+02
-5.70293E+01	 9.09533E+02
-5.21502E+01	 9.12033E+02
-4.72737E+01	 9.11367E+02
-4.23998E+01	 9.11900E+02
-3.75286E+01	 9.12700E+02
-3.26600E+01	 9.13800E+02
-2.77941E+01	 9.14533E+02
-2.29308E+01	 9.17700E+02
-1.80701E+01	 9.20333E+02
-1.32121E+01	 9.22900E+02
-8.35667E+00	 9.29533E+02
-3.50389E+00	 9.40167E+02
 1.34626E+00	 9.95767E+02
 6.19379E+00	 1.73947E+03
 1.10387E+01	 7.22337E+03
 1.58810E+01	 1.02026E+04
 2.07207E+01	 5.22947E+03
 2.55577E+01	 1.23777E+03
 3.03922E+01	 9.46800E+02
 3.52240E+01	 9.25200E+02
 4.00532E+01	 9.19200E+02
 4.48798E+01	 9.15833E+02
 4.97038E+01	 9.15867E+02
 5.45252E+01	 9.14900E+02
 5.93440E+01	 9.15733E+02
 6.41602E+01	 9.16333E+02
 6.89738E+01	 9.21167E+02
 7.37848E+01	 9.43300E+02
 7.85932E+01	 1.01563E+03
 8.33991E+01	 1.20400E+03
 8.82023E+01	 1.54410E+03
 9.30029E+01	 1.89800E+03
 9.78010E+01	 2.07120E+03
 1.02596E+02	 2.16200E+03
 1.07389E+02	 2.16907E+03
 1.12180E+02	 2.11453E+03
 1.16967E+02	 2.05593E+03
 1.21753E+02	 1.99957E+03
 1.26535E+02	 1.96130E+03
 1.31315E+02	 1.93657E+03
 1.36093E+02	 1.90667E+03
 1.40867E+02	 1.84897E+03
 1.45640E+02	 1.83047E+03
 1.50409E+02	 1.80380E+03
 1.55177E+02	 1.78153E+03
 1.59941E+02	 1.71703E+03
 1.64703E+02	 1.72383E+03
 1.69463E+02	 1.70367E+03
 1.74220E+02	 1.67180E+03
 1.78974E+02	 1.62233E+03
 1.83726E+02	 1.59290E+03
 1.88475E+02	 1.57210E+03
 1.93222E+02	 1.55283E+03
 1.97966E+02	 1.54457E+03
 2.02708E+02	 1.50993E+03
 2.07447E+02	 1.50633E+03
 2.12184E+02	 1.50410E+03
 2.16918E+02	 1.48920E+03
 2.21649E+02	 1.47797E+03
 2.26378E+02	 1.46653E+03
 2.31105E+02	 1.44873E+03
 2.35829E+02	 1.43027E+03
 2.40550E+02	 1.41297E+03
 2.45269E+02	 1.38920E+03
 2.49985E+02	 1.40190E+03
 2.54699E+02	 1.38110E+03
 2.59410E+02	 1.37467E+03
 2.64119E+02	 1.37503E+03
 2.68825E+02	 1.37380E+03
 2.73529E+02	 1.35897E+03
 2.78230E+02	 1.34737E+03
 2.82929E+02	 1.33447E+03
 2.87625E+02	 1.33437E+03
 2.92319E+02	 1.32393E+03
 2.97010E+02	 1.32200E+03
 3.01699E+02	 1.31140E+03
 3.06385E+02	 1.31213E+03
 3.11069E+02	 1.31670E+03
 3.15750E+02	 1.31440E+03
 3.20428E+02	 1.30930E+03
 3.25105E+02	 1.29830E+03
 3.29778E+02	 1.30377E+03
 3.34450E+02	 1.29917E+03
 3.39118E+02	 1.28993E+03
 3.43785E+02	 1.28910E+03
 3.48448E+02	 1.29343E+03
 3.53110E+02	 1.29750E+03
 3.57768E+02	 1.29093E+03
 3.62425E+02	 1.28060E+03
 3.67079E+02	 1.26253E+03
 3.71730E+02	 1.25463E+03
 3.76379E+02	 1.25640E+03
 3.81025E+02	 1.23743E+03
 3.85669E+02	 1.25393E+03
 3.90311E+02	 1.27847E+03
 3.94950E+02	 1.30190E+03
 3.99586E+02	 1.30930E+03
 4.04220E+02	 1.31177E+03
 4.08852E+02	 1.31237E+03
 4.13481E+02	 1.33903E+03
 4.18108E+02	 1.36647E+03
 4.22732E+02	 1.43470E+03
 4.27354E+02	 1.49777E+03
 4.31973E+02	 1.54913E+03
 4.36590E+02	 1.55563E+03
 4.41205E+02	 1.50463E+03
 4.45817E+02	 1.45133E+03
 4.50426E+02	 1.40760E+03
 4.55034E+02	 1.37867E+03
 4.59638E+02	 1.33603E+03
 4.64241E+02	 1.31127E+03
 4.68840E+02	 1.31600E+03
 4.73438E+02	 1.31373E+03
 4.78033E+02	 1.33270E+03
 4.82625E+02	 1.39167E+03
 4.87215E+02	 1.49070E+03
 4.91803E+02	 1.60933E+03
 4.96388E+02	 1.72453E+03
 5.00971E+02	 1.81373E+03
 5.05552E+02	 1.82110E+03
 5.10129E+02	 1.72820E+03
 5.14705E+02	 1.65147E+03
 5.19278E+02	 1.52613E+03
 5.23849E+02	 1.41210E+03
 5.28417E+02	 1.35383E+03
 5.32983E+02	 1.30757E+03
 5.37547E+02	 1.27737E+03
 5.42108E+02	 1.27277E+03
 5.46666E+02	 1.26147E+03
 5.51223E+02	 1.26790E+03
 5.55777E+02	 1.28143E+03
 5.60328E+02	 1.31493E+03
 5.64877E+02	 1.31660E+03
 5.69424E+02	 1.31460E+03
 5.73968E+02	 1.32910E+03
 5.78510E+02	 1.30343E+03
 5.83049E+02	 1.26670E+03
 5.87587E+02	 1.26330E+03
 5.92121E+02	 1.24987E+03
 5.96654E+02	 1.23810E+03
 6.01184E+02	 1.23090E+03
 6.05711E+02	 1.22243E+03
 6.10236E+02	 1.21113E+03
 6.14759E+02	 1.20703E+03
 6.19280E+02	 1.20887E+03
 6.23798E+02	 1.21090E+03
 6.28313E+02	 1.21587E+03
 6.32827E+02	 1.21320E+03
 6.37338E+02	 1.21790E+03
 6.41846E+02	 1.20850E+03
 6.46352E+02	 1.21783E+03
 6.50856E+02	 1.21937E+03
 6.55358E+02	 1.23117E+03
 6.59857E+02	 1.23953E+03
 6.64354E+02	 1.26717E+03
 6.68848E+02	 1.29250E+03
 6.73340E+02	 1.30927E+03
 6.77830E+02	 1.33087E+03
 6.82317E+02	 1.36517E+03
 6.86802E+02	 1.39350E+03
 6.91285E+02	 1.41190E+03
 6.95765E+02	 1.40370E+03
 7.00243E+02	 1.37633E+03
 7.04718E+02	 1.32583E+03
 7.09192E+02	 1.28570E+03
 7.13663E+02	 1.23860E+03
 7.18131E+02	 1.22220E+03
 7.22597E+02	 1.21363E+03
 7.27061E+02	 1.19257E+03
 7.31523E+02	 1.19430E+03
 7.35982E+02	 1.19697E+03
 7.40439E+02	 1.19013E+03
 7.44894E+02	 1.18363E+03
 7.49346E+02	 1.17540E+03
 7.53796E+02	 1.17223E+03
 7.58243E+02	 1.17377E+03
 7.62689E+02	 1.16970E+03
 7.67132E+02	 1.17177E+03
 7.71572E+02	 1.17937E+03
 7.76011E+02	 1.18250E+03
 7.80447E+02	 1.17640E+03
 7.84880E+02	 1.18017E+03
 7.89312E+02	 1.19813E+03
 7.93741E+02	 1.19880E+03
 7.98167E+02	 1.21793E+03
 8.02592E+02	 1.25547E+03
 8.07014E+02	 1.24530E+03
 8.11434E+02	 1.24467E+03
 8.15851E+02	 1.26087E+03
 8.20267E+02	 1.29117E+03
 8.24680E+02	 1.36957E+03
 8.29090E+02	 1.51690E+03
 8.33499E+02	 1.65367E+03
 8.37905E+02	 1.75920E+03
 8.42309E+02	 1.77297E+03
 8.46710E+02	 1.71730E+03
 8.51109E+02	 1.70457E+03
 8.55506E+02	 1.82633E+03
 8.59901E+02	 2.01867E+03
 8.64293E+02	 2.17800E+03
 8.68683E+02	 2.25043E+03
 8.73071E+02	 2.23487E+03
 8.77456E+02	 2.10103E+03
 8.81840E+02	 1.98210E+03
 8.86221E+02	 1.83180E+03
 8.90599E+02	 1.66993E+03
 8.94976E+02	 1.52060E+03
 8.99350E+02	 1.38240E+03
 9.03722E+02	 1.30107E+03
 9.08091E+02	 1.26780E+03
 9.12459E+02	 1.29367E+03
 9.16824E+02	 1.34383E+03
 9.21187E+02	 1.43073E+03
 9.25547E+02	 1.51170E+03
 9.29905E+02	 1.57990E+03
 9.34261E+02	 1.65790E+03
 9.38615E+02	 1.73307E+03
 9.42967E+02	 1.79133E+03
 9.47316E+02	 1.71537E+03
 9.51663E+02	 1.59523E+03
 9.56008E+02	 1.44667E+03
 9.60350E+02	 1.31760E+03
 9.64691E+02	 1.25277E+03
 9.69029E+02	 1.21167E+03
 9.73364E+02	 1.21737E+03
 9.77698E+02	 1.22940E+03
 9.82029E+02	 1.26570E+03
 9.86358E+02	 1.31837E+03
 9.90685E+02	 1.40327E+03
 9.95010E+02	 1.42880E+03
 9.99332E+02	 1.39790E+03
 1.00365E+03	 1.33987E+03
 1.00797E+03	 1.28913E+03
 1.01229E+03	 1.24250E+03
 1.01660E+03	 1.23140E+03
 1.02091E+03	 1.23087E+03
 1.02522E+03	 1.23470E+03
 1.02953E+03	 1.26960E+03
 1.03383E+03	 1.31030E+03
 1.03813E+03	 1.36607E+03
 1.04243E+03	 1.47073E+03
 1.04673E+03	 1.59197E+03
 1.05103E+03	 1.71480E+03
 1.05532E+03	 1.86143E+03
 1.05961E+03	 2.04923E+03
 1.06390E+03	 2.19057E+03
 1.06819E+03	 2.26053E+03
 1.07247E+03	 2.32000E+03
 1.07676E+03	 2.29117E+03
 1.08104E+03	 2.23643E+03
 1.08531E+03	 2.20587E+03
 1.08959E+03	 2.13227E+03
 1.09386E+03	 2.07503E+03
 1.09813E+03	 2.02467E+03
 1.10240E+03	 1.97543E+03
 1.10667E+03	 1.93190E+03
 1.11094E+03	 1.92857E+03
 1.11520E+03	 1.89417E+03
 1.11946E+03	 1.89030E+03
 1.12372E+03	 1.89847E+03
 1.12797E+03	 1.91403E+03
 1.13223E+03	 1.86937E+03
 1.13648E+03	 1.81753E+03
 1.14073E+03	 1.68890E+03
 1.14498E+03	 1.52330E+03
 1.14922E+03	 1.38767E+03
 1.15347E+03	 1.29490E+03
 1.15771E+03	 1.24073E+03
 1.16194E+03	 1.20540E+03
 1.16618E+03	 1.18537E+03
 1.17042E+03	 1.17790E+03
 1.17465E+03	 1.17083E+03
 1.17888E+03	 1.16580E+03
 1.18311E+03	 1.16613E+03
 1.18733E+03	 1.17023E+03
 1.19156E+03	 1.18390E+03
 1.19578E+03	 1.19657E+03
 1.20000E+03	 1.20127E+03
 1.20421E+03	 1.22457E+03
 1.20843E+03	 1.24910E+03
 1.21264E+03	 1.29033E+03
 1.21685E+03	 1.32650E+03
 1.22106E+03	 1.35777E+03
 1.22527E+03	 1.38510E+03
 1.22947E+03	 1.40180E+03
 1.23367E+03	 1.42597E+03
 1.23787E+03	 1.45050E+03
 1.24207E+03	 1.46237E+03
 1.24627E+03	 1.49240E+03
 1.25046E+03	 1.52353E+03
 1.25465E+03	 1.58127E+03
 1.25884E+03	 1.63060E+03
 1.26303E+03	 1.65870E+03
 1.26721E+03	 1.68607E+03
 1.27140E+03	 1.69443E+03
 1.27558E+03	 1.70213E+03
 1.27975E+03	 1.67210E+03
 1.28393E+03	 1.64013E+03
 1.28811E+03	 1.63660E+03
 1.29228E+03	 1.63480E+03
 1.29645E+03	 1.60983E+03
 1.30062E+03	 1.56570E+03
 1.30478E+03	 1.54067E+03
 1.30895E+03	 1.52523E+03
 1.31311E+03	 1.51197E+03
 1.31727E+03	 1.50307E+03
 1.32142E+03	 1.51583E+03
 1.32558E+03	 1.52397E+03
 1.32973E+03	 1.53837E+03
 1.33388E+03	 1.55207E+03
 1.33803E+03	 1.55020E+03
 1.34218E+03	 1.55657E+03
 1.34632E+03	 1.53003E+03
 1.35047E+03	 1.53103E+03
 1.35461E+03	 1.53423E+03
 1.35875E+03	 1.55340E+03
 1.36288E+03	 1.59010E+03
 1.36702E+03	 1.59803E+03
 1.37115E+03	 1.60800E+03
 1.37528E+03	 1.57263E+03
 1.37941E+03	 1.54090E+03
 1.38353E+03	 1.52280E+03
 1.38766E+03	 1.51163E+03
 1.39178E+03	 1.49810E+03
 1.39590E+03	 1.48200E+03
 1.40001E+03	 1.48643E+03
 1.40413E+03	 1.47570E+03
 1.40824E+03	 1.47927E+03
 1.41235E+03	 1.46737E+03
 1.41646E+03	 1.45843E+03
 1.42057E+03	 1.46457E+03
 1.42468E+03	 1.46160E+03
 1.42878E+03	 1.44737E+03
 1.43288E+03	 1.45633E+03
 1.43698E+03	 1.44903E+03
 1.44107E+03	 1.43180E+03
 1.44517E+03	 1.41167E+03
 1.44926E+03	 1.42907E+03
 1.45335E+03	 1.42050E+03
 1.45744E+03	 1.44750E+03
 1.46153E+03	 1.53343E+03
 1.46561E+03	 1.65327E+03
 1.46969E+03	 1.84780E+03
 1.47377E+03	 2.07280E+03
 1.47785E+03	 2.23163E+03
 1.48193E+03	 2.30813E+03
 1.48600E+03	 2.30550E+03
 1.49007E+03	 2.15733E+03
 1.49414E+03	 1.92447E+03
 1.49821E+03	 1.69620E+03
 1.50228E+03	 1.49663E+03
 1.50634E+03	 1.35420E+03
 1.51040E+03	 1.25770E+03
 1.51446E+03	 1.20020E+03
 1.51852E+03	 1.16813E+03
 1.52258E+03	 1.14597E+03
 1.52663E+03	 1.13790E+03
 1.53068E+03	 1.13550E+03
 1.53473E+03	 1.12277E+03
 1.53878E+03	 1.11793E+03
 1.54282E+03	 1.11107E+03
 1.54687E+03	 1.10740E+03
 1.55091E+03	 1.10790E+03
 1.55495E+03	 1.10243E+03
 1.55899E+03	 1.09773E+03
 1.56302E+03	 1.10033E+03
 1.56705E+03	 1.10500E+03
 1.57109E+03	 1.10220E+03
 1.57512E+03	 1.10363E+03
 1.57914E+03	 1.09290E+03
 1.58317E+03	 1.10007E+03
 1.58719E+03	 1.10227E+03
 1.59121E+03	 1.09160E+03
 1.59523E+03	 1.09290E+03
 1.59925E+03	 1.09223E+03
 1.60326E+03	 1.08713E+03
 1.60728E+03	 1.08903E+03
 1.61129E+03	 1.09090E+03
 1.61530E+03	 1.08950E+03
 1.61930E+03	 1.08883E+03
 1.62331E+03	 1.08853E+03
 1.62731E+03	 1.08010E+03
 1.63131E+03	 1.08597E+03
 1.63531E+03	 1.08560E+03
 1.63931E+03	 1.08063E+03
 1.64330E+03	 1.07813E+03
 1.64730E+03	 1.08840E+03
 1.65129E+03	 1.08790E+03
 1.65528E+03	 1.08627E+03
 1.65926E+03	 1.08733E+03
 1.66325E+03	 1.08433E+03
 1.66723E+03	 1.08667E+03
 1.67121E+03	 1.08720E+03
 1.67519E+03	 1.08533E+03
 1.67917E+03	 1.08250E+03
 1.68314E+03	 1.07937E+03
 1.68712E+03	 1.08067E+03
 1.69109E+03	 1.07800E+03
 1.69506E+03	 1.06613E+03
 1.69903E+03	 1.07067E+03
 1.70299E+03	 1.06867E+03
 1.70695E+03	 1.06637E+03
 1.71092E+03	 1.06777E+03
 1.71487E+03	 1.06403E+03
 1.71883E+03	 1.06287E+03
 1.72279E+03	 1.06470E+03
 1.72674E+03	 1.05913E+03
 1.73069E+03	 1.05977E+03
 1.73464E+03	 1.05720E+03
 1.73859E+03	 1.05327E+03
 1.74253E+03	 1.05053E+03
 1.74648E+03	 1.05430E+03
 1.75042E+03	 1.05203E+03
 1.75436E+03	 1.05647E+03
 1.75830E+03	 1.05157E+03
 1.76223E+03	 1.05107E+03
 1.76617E+03	 1.04777E+03
 1.77010E+03	 1.05087E+03
 1.77403E+03	 1.05137E+03
 1.77796E+03	 1.04913E+03
 1.78188E+03	 1.04830E+03
 1.78581E+03	 1.04637E+03
 1.78973E+03	 1.04900E+03
 1.79365E+03	 1.04907E+03
 1.79757E+03	 1.04897E+03
 1.80148E+03	 1.04667E+03
 1.80540E+03	 1.04600E+03
 1.80931E+03	 1.04537E+03
 1.81322E+03	 1.03933E+03
 1.81713E+03	 1.04370E+03
 1.82104E+03	 1.04700E+03
 1.82494E+03	 1.04503E+03
 1.82884E+03	 1.04563E+03
 1.83274E+03	 1.04413E+03
 1.83664E+03	 1.04343E+03
 1.84054E+03	 1.04310E+03
 1.84443E+03	 1.04283E+03
 1.84833E+03	 1.04033E+03
 1.85222E+03	 1.04430E+03
 1.85611E+03	 1.04703E+03
 1.85999E+03	 1.03543E+03
 1.86388E+03	 1.04180E+03
 1.86776E+03	 1.04183E+03
 1.87164E+03	 1.03813E+03
 1.87552E+03	 1.03750E+03
 1.87940E+03	 1.03930E+03
 1.88328E+03	 1.04523E+03
 1.88715E+03	 1.04177E+03
 1.89102E+03	 1.03780E+03
 1.89489E+03	 1.03483E+03
 1.89876E+03	 1.04017E+03
 1.90263E+03	 1.04330E+03
 1.90649E+03	 1.03943E+03
 1.91035E+03	 1.03947E+03
 1.91421E+03	 1.04223E+03
 1.91807E+03	 1.04050E+03
 1.92193E+03	 1.04127E+03
 1.92578E+03	 1.04200E+03
 1.92964E+03	 1.03573E+03
 1.93349E+03	 1.03647E+03
 1.93734E+03	 1.04063E+03
 1.94118E+03	 1.03937E+03
 1.94503E+03	 1.03867E+03
 1.94887E+03	 1.03983E+03
 1.95271E+03	 1.03943E+03
 1.95655E+03	 1.03753E+03
 1.96039E+03	 1.03793E+03
 1.96423E+03	 1.04433E+03
 1.96806E+03	 1.03953E+03
 1.97189E+03	 1.03873E+03
 1.97572E+03	 1.04183E+03
 1.97955E+03	 1.04027E+03
 1.98338E+03	 1.03703E+03
 1.98720E+03	 1.03753E+03
 1.99103E+03	 1.03477E+03
 1.99485E+03	 1.03537E+03
 1.99866E+03	 1.03650E+03
 2.00248E+03	 1.03677E+03
 2.00630E+03	 1.03450E+03
 2.01011E+03	 1.03567E+03
 2.01392E+03	 1.03923E+03
 2.01773E+03	 1.04087E+03
 2.02154E+03	 1.03823E+03
 2.02534E+03	 1.03733E+03
 2.02915E+03	 1.03603E+03
 2.03295E+03	 1.03650E+03
 2.03675E+03	 1.03873E+03
 2.04055E+03	 1.03477E+03
 2.04435E+03	 1.03893E+03
 2.04814E+03	 1.04093E+03
 2.05193E+03	 1.03660E+03
 2.05572E+03	 1.03497E+03
 2.05951E+03	 1.03567E+03
 2.06330E+03	 1.03593E+03
 2.06708E+03	 1.03780E+03
 2.07087E+03	 1.03377E+03
 2.07465E+03	 1.03857E+03
 2.07843E+03	 1.03737E+03
 2.08221E+03	 1.04087E+03
 2.08598E+03	 1.04017E+03
 2.08976E+03	 1.03747E+03
 2.09353E+03	 1.03723E+03
 2.09730E+03	 1.03327E+03
 2.10107E+03	 1.03607E+03
 2.10484E+03	 1.03373E+03
 2.10860E+03	 1.03640E+03
 2.11236E+03	 1.03913E+03
 2.11613E+03	 1.03597E+03
 2.11989E+03	 1.04040E+03
 2.12364E+03	 1.03977E+03
 2.12740E+03	 1.03933E+03
 2.13115E+03	 1.03827E+03
 2.13490E+03	 1.03523E+03
 2.13866E+03	 1.04177E+03
 2.14240E+03	 1.04053E+03
 2.14615E+03	 1.03710E+03
 2.14990E+03	 1.04007E+03
 2.15364E+03	 1.04180E+03
 2.15738E+03	 1.04140E+03
 2.16112E+03	 1.03413E+03
 2.16486E+03	 1.03650E+03
 2.16859E+03	 1.03633E+03
 2.17233E+03	 1.03983E+03
 2.17606E+03	 1.03883E+03
 2.17979E+03	 1.03490E+03
 2.18352E+03	 1.03877E+03
 2.18724E+03	 1.03417E+03
 2.19097E+03	 1.04037E+03
 2.19469E+03	 1.03013E+03
 2.19841E+03	 1.03320E+03
 2.20213E+03	 1.03357E+03
 2.20585E+03	 1.02857E+03
 2.20956E+03	 1.02910E+03
 2.21328E+03	 1.03790E+03
 2.21699E+03	 1.03623E+03
 2.22070E+03	 1.03233E+03
 2.22441E+03	 1.02873E+03
 2.22812E+03	 1.02900E+03
 2.23182E+03	 1.03123E+03
 2.23552E+03	 1.03380E+03
 2.23923E+03	 1.03407E+03
 2.24293E+03	 1.02967E+03
 2.24662E+03	 1.03053E+03
 2.25032E+03	 1.03450E+03
 2.25401E+03	 1.02783E+03
 2.25771E+03	 1.02783E+03
 2.26140E+03	 1.02777E+03
 2.26509E+03	 1.02783E+03
 2.26877E+03	 1.02537E+03
 2.27246E+03	 1.02683E+03
 2.27614E+03	 1.02870E+03
 2.27982E+03	 1.02863E+03
 2.28350E+03	 1.02750E+03
 2.28718E+03	 1.02883E+03
 2.29086E+03	 1.02513E+03
 2.29453E+03	 1.02547E+03
 2.29820E+03	 1.02850E+03
 2.30188E+03	 1.02477E+03
 2.30555E+03	 1.03113E+03
 2.30921E+03	 1.03240E+03
 2.31288E+03	 1.03133E+03
 2.31654E+03	 1.02747E+03
 2.32020E+03	 1.02840E+03
 2.32386E+03	 1.03620E+03
 2.32752E+03	 1.03517E+03
 2.33118E+03	 1.03223E+03
 2.33484E+03	 1.03160E+03
 2.33849E+03	 1.03667E+03
 2.34214E+03	 1.03187E+03
 2.34579E+03	 1.03517E+03
 2.34944E+03	 1.03377E+03
 2.35308E+03	 1.03740E+03
 2.35673E+03	 1.03757E+03
 2.36037E+03	 1.04043E+03
 2.36401E+03	 1.03883E+03
 2.36765E+03	 1.03887E+03
 2.37129E+03	 1.04020E+03
 2.37492E+03	 1.04527E+03
 2.37856E+03	 1.04647E+03
 2.38219E+03	 1.04307E+03
 2.38582E+03	 1.04733E+03
 2.38945E+03	 1.04940E+03
 2.39308E+03	 1.04993E+03
 2.39670E+03	 1.05170E+03
 2.40033E+03	 1.04893E+03
 2.40395E+03	 1.04807E+03
 2.40757E+03	 1.04533E+03
 2.41119E+03	 1.03873E+03
 2.41480E+03	 1.04230E+03
 2.41842E+03	 1.04563E+03
 2.42203E+03	 1.04303E+03
 2.42564E+03	 1.04093E+03
 2.42925E+03	 1.04410E+03
 2.43286E+03	 1.04610E+03
 2.43647E+03	 1.04683E+03
 2.44007E+03	 1.04497E+03
 2.44367E+03	 1.04420E+03
 2.44727E+03	 1.04470E+03
 2.45087E+03	 1.05183E+03
 2.45447E+03	 1.05237E+03
 2.45807E+03	 1.05063E+03
 2.46166E+03	 1.04563E+03
 2.46525E+03	 1.04887E+03
 2.46884E+03	 1.04800E+03
 2.47243E+03	 1.05007E+03
 2.47602E+03	 1.05433E+03
 2.47960E+03	 1.05333E+03
 2.48319E+03	 1.05190E+03
 2.48677E+03	 1.05667E+03
 2.49035E+03	 1.05610E+03
 2.49393E+03	 1.06213E+03
 2.49751E+03	 1.05630E+03
 2.50108E+03	 1.05860E+03
 2.50465E+03	 1.05950E+03
 2.50823E+03	 1.06087E+03
 2.51180E+03	 1.06523E+03
 2.51536E+03	 1.06500E+03
 2.51893E+03	 1.07253E+03
 2.52250E+03	 1.07740E+03
 2.52606E+03	 1.07933E+03
 2.52962E+03	 1.07720E+03
 2.53318E+03	 1.08147E+03
 2.53674E+03	 1.08383E+03
 2.54029E+03	 1.08213E+03
 2.54385E+03	 1.08517E+03
 2.54740E+03	 1.08940E+03
 2.55095E+03	 1.08757E+03
 2.55450E+03	 1.08387E+03
 2.55805E+03	 1.09193E+03
 2.56160E+03	 1.09130E+03
 2.56514E+03	 1.09100E+03
 2.56868E+03	 1.09133E+03
 2.57222E+03	 1.09240E+03
 2.57576E+03	 1.09730E+03
 2.57930E+03	 1.09510E+03
 2.58284E+03	 1.09720E+03
 2.58637E+03	 1.09517E+03
 2.58991E+03	 1.09370E+03
 2.59344E+03	 1.09347E+03
 2.59697E+03	 1.09890E+03
 2.60049E+03	 1.09807E+03
 2.60402E+03	 1.09637E+03
 2.60754E+03	 1.09287E+03
 2.61107E+03	 1.10167E+03
 2.61459E+03	 1.10220E+03
 2.61811E+03	 1.10147E+03
 2.62162E+03	 1.10307E+03
 2.62514E+03	 1.10413E+03
 2.62865E+03	 1.11273E+03
 2.63217E+03	 1.11043E+03
 2.63568E+03	 1.11413E+03
 2.63919E+03	 1.12253E+03
 2.64269E+03	 1.12443E+03
 2.64620E+03	 1.12687E+03
 2.64970E+03	 1.13113E+03
 2.65321E+03	 1.13380E+03
 2.65671E+03	 1.14297E+03
 2.66021E+03	 1.14093E+03
 2.66370E+03	 1.14683E+03
 2.66720E+03	 1.15030E+03
 2.67069E+03	 1.15483E+03
 2.67419E+03	 1.16237E+03
 2.67768E+03	 1.16707E+03
 2.68117E+03	 1.18837E+03
 2.68466E+03	 1.18833E+03
 2.68814E+03	 1.19053E+03
 2.69163E+03	 1.19373E+03
 2.69511E+03	 1.21310E+03
 2.69859E+03	 1.21517E+03
 2.70207E+03	 1.23163E+03
 2.70555E+03	 1.23610E+03
 2.70902E+03	 1.24017E+03
 2.71250E+03	 1.25193E+03
 2.71597E+03	 1.27623E+03
 2.71944E+03	 1.29370E+03
 2.72291E+03	 1.31517E+03
 2.72638E+03	 1.34250E+03
 2.72984E+03	 1.35380E+03
 2.73331E+03	 1.38027E+03
 2.73677E+03	 1.39257E+03
 2.74023E+03	 1.42933E+03
 2.74369E+03	 1.43423E+03
 2.74715E+03	 1.45750E+03
 2.75061E+03	 1.47150E+03
 2.75406E+03	 1.48923E+03
 2.75752E+03	 1.49343E+03
 2.76097E+03	 1.48210E+03
 2.76442E+03	 1.50073E+03
 2.76786E+03	 1.48193E+03
 2.77131E+03	 1.48797E+03
 2.77476E+03	 1.48373E+03
 2.77820E+03	 1.47327E+03
 2.78164E+03	 1.47343E+03
 2.78508E+03	 1.48353E+03
 2.78852E+03	 1.48380E+03
 2.79196E+03	 1.49873E+03
 2.79539E+03	 1.50287E+03
 2.79883E+03	 1.49863E+03
 2.80226E+03	 1.51967E+03
 2.80569E+03	 1.53033E+03
 2.80912E+03	 1.56387E+03
 2.81254E+03	 1.60327E+03
 2.81597E+03	 1.61353E+03
 2.81939E+03	 1.65430E+03
 2.82282E+03	 1.68337E+03
 2.82624E+03	 1.72150E+03
 2.82966E+03	 1.76593E+03
 2.83307E+03	 1.81510E+03
 2.83649E+03	 1.88553E+03
 2.83990E+03	 1.93377E+03
 2.84332E+03	 1.99030E+03
 2.84673E+03	 2.07617E+03
 2.85014E+03	 2.18167E+03
 2.85354E+03	 2.26137E+03
 2.85695E+03	 2.36727E+03
 2.86036E+03	 2.46073E+03
 2.86376E+03	 2.63727E+03
 2.86716E+03	 2.72620E+03
 2.87056E+03	 2.92863E+03
 2.87396E+03	 3.11703E+03
 2.87736E+03	 3.38827E+03
 2.88075E+03	 3.76030E+03
 2.88414E+03	 4.03757E+03
 2.88754E+03	 4.42583E+03
 2.89093E+03	 4.64393E+03
 2.89431E+03	 4.85430E+03
 2.89770E+03	 5.11457E+03
 2.90109E+03	 5.15543E+03
 2.90447E+03	 5.19163E+03
 2.90785E+03	 4.99817E+03
 2.91123E+03	 4.86633E+03
 2.91461E+03	 4.80067E+03
 2.91799E+03	 4.72407E+03
 2.92137E+03	 4.67577E+03
 2.92474E+03	 4.58580E+03
 2.92811E+03	 4.63430E+03
 2.93149E+03	 4.59653E+03
 2.93486E+03	 4.71687E+03
 2.93822E+03	 4.80157E+03
 2.94159E+03	 4.90827E+03
 2.94496E+03	 4.99793E+03
 2.94832E+03	 5.10903E+03
 2.95168E+03	 5.03540E+03
 2.95504E+03	 4.98827E+03
 2.95840E+03	 4.96113E+03
 2.96176E+03	 5.02107E+03
 2.96511E+03	 4.93590E+03
 2.96847E+03	 4.74930E+03
 2.97182E+03	 4.40160E+03
 2.97517E+03	 4.28160E+03
 2.97852E+03	 4.08280E+03
 2.98187E+03	 3.82013E+03
 2.98521E+03	 3.51197E+03
 2.98856E+03	 3.17570E+03
 2.99190E+03	 2.84373E+03
 2.99524E+03	 2.58147E+03
 2.99858E+03	 2.36560E+03
 3.00192E+03	 2.13503E+03
 3.00526E+03	 1.93127E+03
 3.00859E+03	 1.82530E+03
 3.01193E+03	 1.71440E+03
 3.01526E+03	 1.61363E+03
 3.01859E+03	 1.53370E+03
 3.02192E+03	 1.48317E+03
 3.02525E+03	 1.41733E+03
 3.02857E+03	 1.39613E+03
 3.03190E+03	 1.36390E+03
 3.03522E+03	 1.34730E+03
 3.03854E+03	 1.31447E+03
 3.04186E+03	 1.30053E+03
 3.04518E+03	 1.28173E+03
 3.04850E+03	 1.28443E+03
 3.05181E+03	 1.27273E+03
 3.05512E+03	 1.25207E+03
 3.05844E+03	 1.25740E+03
 3.06175E+03	 1.25520E+03
 3.06506E+03	 1.24977E+03
 3.06836E+03	 1.24173E+03
 3.07167E+03	 1.25107E+03
 3.07497E+03	 1.24480E+03
 3.07828E+03	 1.25350E+03
 3.08158E+03	 1.24203E+03
 3.08488E+03	 1.23463E+03
 3.08818E+03	 1.24560E+03
 3.09147E+03	 1.24380E+03
 3.09477E+03	 1.24813E+03
 3.09806E+03	 1.24633E+03
 3.10135E+03	 1.25920E+03
 3.10464E+03	 1.25503E+03
 3.10793E+03	 1.25953E+03
 3.11122E+03	 1.27540E+03
 3.11451E+03	 1.27653E+03
 3.11779E+03	 1.28157E+03
 3.12107E+03	 1.28647E+03
 3.12436E+03	 1.29327E+03
 3.12764E+03	 1.30687E+03
 3.13091E+03	 1.30023E+03
 3.13419E+03	 1.31480E+03
 3.13747E+03	 1.30380E+03
 3.14074E+03	 1.32997E+03
 3.14401E+03	 1.33980E+03
 3.14728E+03	 1.34937E+03
 3.15055E+03	 1.35090E+03
 3.15382E+03	 1.36620E+03
 3.15709E+03	 1.38337E+03
 3.16035E+03	 1.38520E+03
 3.16362E+03	 1.38330E+03
 3.16688E+03	 1.39470E+03
 3.17014E+03	 1.41513E+03
 3.17340E+03	 1.41573E+03
 3.17665E+03	 1.42307E+03
 3.17991E+03	 1.44117E+03
 3.18316E+03	 1.44950E+03
 3.18642E+03	 1.47757E+03
 3.18967E+03	 1.47413E+03
 3.19292E+03	 1.47403E+03
 3.19617E+03	 1.48077E+03
 3.19941E+03	 1.49673E+03
 3.20266E+03	 1.50953E+03
 3.20590E+03	 1.52020E+03
 3.20914E+03	 1.51430E+03
 3.21238E+03	 1.50267E+03
 3.21562E+03	 1.54553E+03
 3.21886E+03	 1.58750E+03
 3.22210E+03	 1.57063E+03
 3.22533E+03	 1.54527E+03
 3.22857E+03	 1.57807E+03
 3.23180E+03	 1.58897E+03
 3.23503E+03	 1.59533E+03
 3.23826E+03	 1.61623E+03
 3.24148E+03	 1.65810E+03
 3.24471E+03	 1.62960E+03
 3.24793E+03	 1.63070E+03
 3.25116E+03	 1.62373E+03
 3.25438E+03	 1.63880E+03
 3.25760E+03	 1.66283E+03
 3.26082E+03	 1.66560E+03
 3.26403E+03	 1.68287E+03
 3.26725E+03	 1.68620E+03
 3.27046E+03	 1.68510E+03
 3.27368E+03	 1.67760E+03
 3.27689E+03	 1.67763E+03
 3.28010E+03	 1.69360E+03
 3.28331E+03	 1.67683E+03
 3.28651E+03	 1.68033E+03
 3.28972E+03	 1.70157E+03
 3.29292E+03	 1.70140E+03
 3.29612E+03	 1.69640E+03
 3.29932E+03	 1.71980E+03
 3.30252E+03	 1.73033E+03
 3.30572E+03	 1.69280E+03
 3.30892E+03	 1.71560E+03
 3.31211E+03	 1.73530E+03
 3.31531E+03	 1.73120E+03
 3.31850E+03	 1.69700E+03
 3.32169E+03	 1.73063E+03
 3.32488E+03	 1.76387E+03
 3.32807E+03	 1.73790E+03
 3.33125E+03	 1.73837E+03
 3.33444E+03	 1.72040E+03
 3.33762E+03	 1.71753E+03
 3.34080E+03	 1.73993E+03
 3.34398E+03	 1.73823E+03
 3.34716E+03	 1.73383E+03
 3.35034E+03	 1.76617E+03
 3.35351E+03	 1.77723E+03
 3.35669E+03	 1.77667E+03
 3.35986E+03	 1.75977E+03
 3.36303E+03	 1.76193E+03
 3.36620E+03	 1.75150E+03
 3.36937E+03	 1.74670E+03
 3.37254E+03	 1.76770E+03
 3.37570E+03	 1.75077E+03
 3.37887E+03	 1.77190E+03
 3.38203E+03	 1.76177E+03
 3.38519E+03	 1.76243E+03
 3.38835E+03	 1.77970E+03
 3.39151E+03	 1.76137E+03
 3.39467E+03	 1.77560E+03
 3.39782E+03	 1.73063E+03
 3.40098E+03	 1.74013E+03
 3.40413E+03	 1.76107E+03
 3.40728E+03	 1.78383E+03
 3.41043E+03	 1.72920E+03
 3.41358E+03	 1.72753E+03
 3.41673E+03	 1.72597E+03
 3.41987E+03	 1.71200E+03
 3.42302E+03	 1.71907E+03
 3.42616E+03	 1.72797E+03
 3.42930E+03	 1.72067E+03
 3.43244E+03	 1.72910E+03
 3.43558E+03	 1.69237E+03
 3.43872E+03	 1.69657E+03
 3.44185E+03	 1.67653E+03
 3.44499E+03	 1.67947E+03
 3.44812E+03	 1.65373E+03
 3.45125E+03	 1.63607E+03
 3.45438E+03	 1.69530E+03
 3.45751E+03	 1.67403E+03
 3.46064E+03	 1.63283E+03
 3.46376E+03	 1.64463E+03
 3.46689E+03	 1.63310E+03
 3.47001E+03	 1.64037E+03
 3.47313E+03	 1.62513E+03
 3.47625E+03	 1.57783E+03
 3.47937E+03	 1.57043E+03
 3.48249E+03	 1.54800E+03
 3.48560E+03	 1.54790E+03
 3.48872E+03	 1.57200E+03
 3.49183E+03	 1.54253E+03
 3.49494E+03	 1.49787E+03
 3.49805E+03	 1.50473E+03
 3.50116E+03	 1.46943E+03
 3.50427E+03	 1.50407E+03
 3.50737E+03	 1.47817E+03
 3.51048E+03	 1.47163E+03
 3.51358E+03	 1.45587E+03
 3.51668E+03	 1.42787E+03
 3.51978E+03	 1.42503E+03
 3.52288E+03	 1.41393E+03
 3.52598E+03	 1.37150E+03
 3.52907E+03	 1.34907E+03
 3.53217E+03	 1.35910E+03
 3.53526E+03	 1.36097E+03
 3.53835E+03	 1.34270E+03
 3.54144E+03	 1.31287E+03
 3.54453E+03	 1.30047E+03
 3.54762E+03	 1.30407E+03
 3.55071E+03	 1.29700E+03
 3.55379E+03	 1.29550E+03
 3.55687E+03	 1.27337E+03
 3.55996E+03	 1.26537E+03
 3.56304E+03	 1.24603E+03
 3.56612E+03	 1.22187E+03
 3.56919E+03	 1.21923E+03
 3.57227E+03	 1.21647E+03
 3.57535E+03	 1.21120E+03
 3.57842E+03	 1.21037E+03
 3.58149E+03	 1.20087E+03
 3.58456E+03	 1.18933E+03
 3.58763E+03	 1.17277E+03
 3.59070E+03	 1.15877E+03
 3.59377E+03	 1.16090E+03
 3.59683E+03	 1.15030E+03
 3.59990E+03	 1.13123E+03
 3.60296E+03	 1.12757E+03
 3.60602E+03	 1.12437E+03
 3.60908E+03	 1.12380E+03
 3.61214E+03	 1.10717E+03
 3.61519E+03	 1.09580E+03
 3.61825E+03	 1.09500E+03
 3.62130E+03	 1.08370E+03
 3.62436E+03	 1.06900E+03
 3.62741E+03	 1.06700E+03
 3.63046E+03	 1.06247E+03
 3.63351E+03	 1.05857E+03
 3.63656E+03	 1.05410E+03
 3.63960E+03	 1.03963E+03
 3.64265E+03	 1.04403E+03
 3.64569E+03	 1.03660E+03
 3.64873E+03	 1.02647E+03
 3.65177E+03	 1.02040E+03
 3.65481E+03	 1.02133E+03
 3.65785E+03	 1.00900E+03
 3.66089E+03	 1.00630E+03
 3.66392E+03	 1.00780E+03
 3.66695E+03	 1.00363E+03
 3.66999E+03	 9.95433E+02
 3.67302E+03	 9.91033E+02
 3.67605E+03	 9.88500E+02
 3.67908E+03	 9.89833E+02
 3.68210E+03	 9.84633E+02
 3.68513E+03	 9.82367E+02
 3.68815E+03	 9.75433E+02
 3.69117E+03	 9.82367E+02
 3.69420E+03	 9.79000E+02
 3.69722E+03	 9.75800E+02
 3.70023E+03	 9.72667E+02
 3.70325E+03	 9.74167E+02
 3.70627E+03	 9.70567E+02
 3.70928E+03	 9.69200E+02
 3.71230E+03	 9.64967E+02
 3.71531E+03	 9.66800E+02
 3.71832E+03	 9.67100E+02
 3.72133E+03	 9.66333E+02
 3.72434E+03	 9.64467E+02
 3.72734E+03	 9.59833E+02
 3.73035E+03	 9.57133E+02
 3.73335E+03	 9.58567E+02
 3.73635E+03	 9.55133E+02
 3.73936E+03	 9.57267E+02
 3.74236E+03	 9.58633E+02
 3.74535E+03	 9.57967E+02
 3.74835E+03	 9.53167E+02
 3.75135E+03	 9.53867E+02
 3.75434E+03	 9.53300E+02
 3.75733E+03	 9.55033E+02
 3.76033E+03	 9.52933E+02
 3.76332E+03	 9.54467E+02
 3.76631E+03	 9.54500E+02
 3.76929E+03	 9.56367E+02
 3.77228E+03	 9.51067E+02
 3.77527E+03	 9.50700E+02
 3.77825E+03	 9.50100E+02
 3.78123E+03	 9.48000E+02
 3.78421E+03	 9.51433E+02
 3.78719E+03	 9.47267E+02
