-1.40382E+02	 9.07633E+02
-1.35457E+02	 9.08500E+02
-1.30535E+02	 9.07267E+02
-1.25616E+02	 9.06867E+02
-1.20700E+02	 9.08733E+02
-1.15786E+02	 9.07800E+02
-1.10875E+02	 9.08967E+02
-1.05967E+02	 9.07767E+02
-1.01061E+02	 9.06600E+02
-9.61580E+01	 9.09200E+02
-9.12576E+01	 9.09400E+02
-8.63599E+01	 9.08967E+02
-8.14648E+01	 9.08567E+02
-7.65724E+01	 9.08000E+02
-7.16827E+01	 9.08367E+02
-6.67956E+01	 9.09567E+02
-6.19111E+01	 9.08833E+02
-5.70293E+01	 9.08667E+02
-5.21502E+01	 9.10467E+02
-4.72737E+01	 9.09533E+02
-4.23998E+01	 9.11433E+02
-3.75286E+01	 9.12167E+02
-3.26600E+01	 9.11900E+02
-2.77941E+01	 9.13800E+02
-2.29308E+01	 9.14733E+02
-1.80701E+01	 9.17500E+02
-1.32121E+01	 9.21900E+02
-8.35667E+00	 9.28000E+02
-3.50389E+00	 9.39900E+02
 1.34626E+00	 1.00813E+03
 6.19379E+00	 1.94583E+03
 1.10387E+01	 7.78673E+03
 1.58810E+01	 1.16003E+04
 2.07207E+01	 4.82377E+03
 2.55577E+01	 1.28987E+03
 3.03922E+01	 9.53533E+02
 3.52240E+01	 9.27267E+02
 4.00532E+01	 9.19433E+02
 4.48798E+01	 9.16967E+02
 4.97038E+01	 9.13567E+02
 5.45252E+01	 9.12567E+02
 5.93440E+01	 9.12767E+02
 6.41602E+01	 9.13167E+02
 6.89738E+01	 9.16500E+02
 7.37848E+01	 9.25900E+02
 7.85932E+01	 9.49100E+02
 8.33991E+01	 9.95667E+02
 8.82023E+01	 1.07030E+03
 9.30029E+01	 1.14347E+03
 9.78010E+01	 1.17770E+03
 1.02596E+02	 1.20390E+03
 1.07389E+02	 1.21093E+03
 1.12180E+02	 1.20610E+03
 1.16967E+02	 1.19757E+03
 1.21753E+02	 1.18457E+03
 1.26535E+02	 1.17037E+03
 1.31315E+02	 1.16807E+03
 1.36093E+02	 1.16333E+03
 1.40867E+02	 1.15687E+03
 1.45640E+02	 1.15017E+03
 1.50409E+02	 1.14647E+03
 1.55177E+02	 1.13663E+03
 1.59941E+02	 1.13247E+03
 1.64703E+02	 1.12840E+03
 1.69463E+02	 1.12523E+03
 1.74220E+02	 1.12063E+03
 1.78974E+02	 1.11353E+03
 1.83726E+02	 1.10120E+03
 1.88475E+02	 1.10240E+03
 1.93222E+02	 1.10773E+03
 1.97966E+02	 1.09900E+03
 2.02708E+02	 1.09550E+03
 2.07447E+02	 1.09537E+03
 2.12184E+02	 1.09810E+03
 2.16918E+02	 1.09700E+03
 2.21649E+02	 1.09217E+03
 2.26378E+02	 1.08967E+03
 2.31105E+02	 1.08373E+03
 2.35829E+02	 1.08587E+03
 2.40550E+02	 1.07897E+03
 2.45269E+02	 1.07663E+03
 2.49985E+02	 1.07147E+03
 2.54699E+02	 1.07057E+03
 2.59410E+02	 1.07677E+03
 2.64119E+02	 1.07147E+03
 2.68825E+02	 1.06940E+03
 2.73529E+02	 1.07367E+03
 2.78230E+02	 1.06990E+03
 2.82929E+02	 1.06767E+03
 2.87625E+02	 1.06373E+03
 2.92319E+02	 1.06423E+03
 2.97010E+02	 1.06787E+03
 3.01699E+02	 1.05857E+03
 3.06385E+02	 1.06123E+03
 3.11069E+02	 1.06700E+03
 3.15750E+02	 1.06793E+03
 3.20428E+02	 1.06363E+03
 3.25105E+02	 1.05870E+03
 3.29778E+02	 1.05677E+03
 3.34450E+02	 1.06497E+03
 3.39118E+02	 1.05797E+03
 3.43785E+02	 1.05603E+03
 3.48448E+02	 1.05223E+03
 3.53110E+02	 1.05187E+03
 3.57768E+02	 1.05870E+03
 3.62425E+02	 1.05650E+03
 3.67079E+02	 1.04583E+03
 3.71730E+02	 1.04793E+03
 3.76379E+02	 1.05227E+03
 3.81025E+02	 1.05540E+03
 3.85669E+02	 1.05513E+03
 3.90311E+02	 1.06360E+03
 3.94950E+02	 1.06327E+03
 3.99586E+02	 1.06127E+03
 4.04220E+02	 1.06307E+03
 4.08852E+02	 1.06243E+03
 4.13481E+02	 1.06213E+03
 4.18108E+02	 1.07203E+03
 4.22732E+02	 1.08310E+03
 4.27354E+02	 1.09357E+03
 4.31973E+02	 1.09943E+03
 4.36590E+02	 1.10133E+03
 4.41205E+02	 1.10003E+03
 4.45817E+02	 1.08317E+03
 4.50426E+02	 1.06613E+03
 4.55034E+02	 1.06387E+03
 4.59638E+02	 1.06027E+03
 4.64241E+02	 1.06133E+03
 4.68840E+02	 1.05607E+03
 4.73438E+02	 1.05873E+03
 4.78033E+02	 1.06273E+03
 4.82625E+02	 1.07300E+03
 4.87215E+02	 1.09220E+03
 4.91803E+02	 1.10973E+03
 4.96388E+02	 1.12770E+03
 5.00971E+02	 1.14047E+03
 5.05552E+02	 1.13363E+03
 5.10129E+02	 1.12797E+03
 5.14705E+02	 1.11007E+03
 5.19278E+02	 1.08700E+03
 5.23849E+02	 1.07230E+03
 5.28417E+02	 1.05943E+03
 5.32983E+02	 1.05553E+03
 5.37547E+02	 1.05423E+03
 5.42108E+02	 1.04823E+03
 5.46666E+02	 1.04710E+03
 5.51223E+02	 1.04867E+03
 5.55777E+02	 1.05543E+03
 5.60328E+02	 1.05387E+03
 5.64877E+02	 1.05363E+03
 5.69424E+02	 1.04923E+03
 5.73968E+02	 1.05773E+03
 5.78510E+02	 1.04530E+03
 5.83049E+02	 1.04680E+03
 5.87587E+02	 1.04510E+03
 5.92121E+02	 1.04370E+03
 5.96654E+02	 1.04073E+03
 6.01184E+02	 1.04240E+03
 6.05711E+02	 1.04403E+03
 6.10236E+02	 1.03847E+03
 6.14759E+02	 1.03687E+03
 6.19280E+02	 1.03917E+03
 6.23798E+02	 1.03547E+03
 6.28313E+02	 1.03497E+03
 6.32827E+02	 1.03907E+03
 6.37338E+02	 1.04370E+03
 6.41846E+02	 1.04107E+03
 6.46352E+02	 1.03410E+03
 6.50856E+02	 1.04063E+03
 6.55358E+02	 1.03937E+03
 6.59857E+02	 1.04063E+03
 6.64354E+02	 1.04437E+03
 6.68848E+02	 1.04873E+03
 6.73340E+02	 1.04857E+03
 6.77830E+02	 1.05973E+03
 6.82317E+02	 1.06190E+03
 6.86802E+02	 1.06503E+03
 6.91285E+02	 1.06993E+03
 6.95765E+02	 1.07060E+03
 7.00243E+02	 1.06217E+03
 7.04718E+02	 1.05223E+03
 7.09192E+02	 1.05000E+03
 7.13663E+02	 1.04420E+03
 7.18131E+02	 1.04047E+03
 7.22597E+02	 1.03697E+03
 7.27061E+02	 1.02997E+03
 7.31523E+02	 1.03693E+03
 7.35982E+02	 1.03507E+03
 7.40439E+02	 1.02950E+03
 7.44894E+02	 1.03560E+03
 7.49346E+02	 1.03083E+03
 7.53796E+02	 1.02697E+03
 7.58243E+02	 1.03403E+03
 7.62689E+02	 1.03170E+03
 7.67132E+02	 1.03020E+03
 7.71572E+02	 1.03290E+03
 7.76011E+02	 1.03227E+03
 7.80447E+02	 1.03293E+03
 7.84880E+02	 1.03487E+03
 7.89312E+02	 1.03550E+03
 7.93741E+02	 1.03750E+03
 7.98167E+02	 1.04223E+03
 8.02592E+02	 1.03903E+03
 8.07014E+02	 1.04420E+03
 8.11434E+02	 1.04647E+03
 8.15851E+02	 1.04350E+03
 8.20267E+02	 1.05003E+03
 8.24680E+02	 1.06213E+03
 8.29090E+02	 1.08150E+03
 8.33499E+02	 1.11540E+03
 8.37905E+02	 1.13553E+03
 8.42309E+02	 1.12843E+03
 8.46710E+02	 1.12797E+03
 8.51109E+02	 1.12253E+03
 8.55506E+02	 1.14513E+03
 8.59901E+02	 1.17017E+03
 8.64293E+02	 1.19647E+03
 8.68683E+02	 1.22263E+03
 8.73071E+02	 1.21510E+03
 8.77456E+02	 1.19093E+03
 8.81840E+02	 1.17417E+03
 8.86221E+02	 1.14650E+03
 8.90599E+02	 1.10910E+03
 8.94976E+02	 1.08577E+03
 8.99350E+02	 1.06777E+03
 9.03722E+02	 1.05297E+03
 9.08091E+02	 1.04133E+03
 9.12459E+02	 1.04677E+03
 9.16824E+02	 1.05523E+03
 9.21187E+02	 1.07087E+03
 9.25547E+02	 1.08547E+03
 9.29905E+02	 1.10250E+03
 9.34261E+02	 1.11600E+03
 9.38615E+02	 1.12610E+03
 9.42967E+02	 1.13893E+03
 9.47316E+02	 1.12583E+03
 9.51663E+02	 1.10097E+03
 9.56008E+02	 1.07563E+03
 9.60350E+02	 1.05077E+03
 9.64691E+02	 1.04020E+03
 9.69029E+02	 1.03617E+03
 9.73364E+02	 1.03640E+03
 9.77698E+02	 1.03640E+03
 9.82029E+02	 1.04253E+03
 9.86358E+02	 1.05630E+03
 9.90685E+02	 1.06920E+03
 9.95010E+02	 1.07600E+03
 9.99332E+02	 1.07430E+03
 1.00365E+03	 1.05727E+03
 1.00797E+03	 1.04607E+03
 1.01229E+03	 1.04213E+03
 1.01660E+03	 1.04150E+03
 1.02091E+03	 1.03807E+03
 1.02522E+03	 1.04253E+03
 1.02953E+03	 1.04743E+03
 1.03383E+03	 1.05317E+03
 1.03813E+03	 1.06347E+03
 1.04243E+03	 1.08200E+03
 1.04673E+03	 1.09913E+03
 1.05103E+03	 1.13177E+03
 1.05532E+03	 1.16013E+03
 1.05961E+03	 1.19083E+03
 1.06390E+03	 1.21937E+03
 1.06819E+03	 1.22517E+03
 1.07247E+03	 1.23540E+03
 1.07676E+03	 1.23123E+03
 1.08104E+03	 1.22610E+03
 1.08531E+03	 1.21117E+03
 1.08959E+03	 1.19013E+03
 1.09386E+03	 1.18627E+03
 1.09813E+03	 1.17807E+03
 1.10240E+03	 1.17247E+03
 1.10667E+03	 1.17333E+03
 1.11094E+03	 1.16287E+03
 1.11520E+03	 1.16450E+03
 1.11946E+03	 1.16197E+03
 1.12372E+03	 1.16787E+03
 1.12797E+03	 1.16127E+03
 1.13223E+03	 1.15960E+03
 1.13648E+03	 1.14747E+03
 1.14073E+03	 1.12323E+03
 1.14498E+03	 1.09270E+03
 1.14922E+03	 1.07430E+03
 1.15347E+03	 1.05393E+03
 1.15771E+03	 1.04263E+03
 1.16194E+03	 1.03950E+03
 1.16618E+03	 1.03270E+03
 1.17042E+03	 1.03050E+03
 1.17465E+03	 1.02957E+03
 1.17888E+03	 1.02787E+03
 1.18311E+03	 1.02850E+03
 1.18733E+03	 1.03337E+03
 1.19156E+03	 1.03727E+03
 1.19578E+03	 1.03800E+03
 1.20000E+03	 1.03480E+03
 1.20421E+03	 1.03897E+03
 1.20843E+03	 1.04993E+03
 1.21264E+03	 1.04953E+03
 1.21685E+03	 1.06167E+03
 1.22106E+03	 1.05950E+03
 1.22527E+03	 1.06477E+03
 1.22947E+03	 1.07717E+03
 1.23367E+03	 1.08077E+03
 1.23787E+03	 1.09123E+03
 1.24207E+03	 1.09033E+03
 1.24627E+03	 1.09077E+03
 1.25046E+03	 1.10050E+03
 1.25465E+03	 1.10457E+03
 1.25884E+03	 1.11470E+03
 1.26303E+03	 1.12043E+03
 1.26721E+03	 1.12687E+03
 1.27140E+03	 1.12487E+03
 1.27558E+03	 1.12643E+03
 1.27975E+03	 1.12790E+03
 1.28393E+03	 1.12333E+03
 1.28811E+03	 1.12337E+03
 1.29228E+03	 1.12337E+03
 1.29645E+03	 1.10773E+03
 1.30062E+03	 1.10780E+03
 1.30478E+03	 1.09987E+03
 1.30895E+03	 1.09523E+03
 1.31311E+03	 1.09607E+03
 1.31727E+03	 1.10247E+03
 1.32142E+03	 1.09593E+03
 1.32558E+03	 1.09627E+03
 1.32973E+03	 1.10203E+03
 1.33388E+03	 1.10410E+03
 1.33803E+03	 1.10510E+03
 1.34218E+03	 1.10710E+03
 1.34632E+03	 1.10063E+03
 1.35047E+03	 1.09893E+03
 1.35461E+03	 1.09800E+03
 1.35875E+03	 1.09937E+03
 1.36288E+03	 1.10933E+03
 1.36702E+03	 1.11473E+03
 1.37115E+03	 1.11503E+03
 1.37528E+03	 1.10363E+03
 1.37941E+03	 1.09827E+03
 1.38353E+03	 1.09480E+03
 1.38766E+03	 1.09023E+03
 1.39178E+03	 1.08977E+03
 1.39590E+03	 1.09110E+03
 1.40001E+03	 1.08693E+03
 1.40413E+03	 1.09230E+03
 1.40824E+03	 1.09107E+03
 1.41235E+03	 1.08320E+03
 1.41646E+03	 1.08727E+03
 1.42057E+03	 1.08580E+03
 1.42468E+03	 1.08490E+03
 1.42878E+03	 1.07987E+03
 1.43288E+03	 1.08460E+03
 1.43698E+03	 1.08737E+03
 1.44107E+03	 1.07923E+03
 1.44517E+03	 1.07343E+03
 1.44926E+03	 1.08023E+03
 1.45335E+03	 1.07870E+03
 1.45744E+03	 1.08477E+03
 1.46153E+03	 1.10267E+03
 1.46561E+03	 1.12497E+03
 1.46969E+03	 1.15613E+03
 1.47377E+03	 1.20210E+03
 1.47785E+03	 1.23503E+03
 1.48193E+03	 1.25763E+03
 1.48600E+03	 1.24700E+03
 1.49007E+03	 1.21600E+03
 1.49414E+03	 1.18037E+03
 1.49821E+03	 1.13433E+03
 1.50228E+03	 1.08647E+03
 1.50634E+03	 1.06267E+03
 1.51040E+03	 1.04763E+03
 1.51446E+03	 1.03000E+03
 1.51852E+03	 1.02617E+03
 1.52258E+03	 1.02347E+03
 1.52663E+03	 1.02057E+03
 1.53068E+03	 1.01880E+03
 1.53473E+03	 1.01587E+03
 1.53878E+03	 1.01553E+03
 1.54282E+03	 1.01660E+03
 1.54687E+03	 1.01573E+03
 1.55091E+03	 1.01827E+03
 1.55495E+03	 1.01763E+03
 1.55899E+03	 1.01693E+03
 1.56302E+03	 1.01447E+03
 1.56705E+03	 1.01610E+03
 1.57109E+03	 1.01700E+03
 1.57512E+03	 1.01483E+03
 1.57914E+03	 1.01817E+03
 1.58317E+03	 1.01390E+03
 1.58719E+03	 1.01807E+03
 1.59121E+03	 1.01537E+03
 1.59523E+03	 1.01253E+03
 1.59925E+03	 1.01150E+03
 1.60326E+03	 1.01383E+03
 1.60728E+03	 1.01363E+03
 1.61129E+03	 1.01357E+03
 1.61530E+03	 1.01333E+03
 1.61930E+03	 1.01323E+03
 1.62331E+03	 1.01213E+03
 1.62731E+03	 1.01127E+03
 1.63131E+03	 1.01157E+03
 1.63531E+03	 1.00990E+03
 1.63931E+03	 1.01223E+03
 1.64330E+03	 1.01040E+03
 1.64730E+03	 1.01387E+03
 1.65129E+03	 1.01490E+03
 1.65528E+03	 1.00840E+03
 1.65926E+03	 1.00940E+03
 1.66325E+03	 1.00897E+03
 1.66723E+03	 1.01537E+03
 1.67121E+03	 1.01130E+03
 1.67519E+03	 1.00747E+03
 1.67917E+03	 1.00693E+03
 1.68314E+03	 1.01010E+03
 1.68712E+03	 1.00670E+03
 1.69109E+03	 1.00827E+03
 1.69506E+03	 1.00843E+03
 1.69903E+03	 1.00787E+03
 1.70299E+03	 1.00677E+03
 1.70695E+03	 1.01060E+03
 1.71092E+03	 1.00533E+03
 1.71487E+03	 1.00547E+03
 1.71883E+03	 1.00777E+03
 1.72279E+03	 1.00753E+03
 1.72674E+03	 1.00217E+03
 1.73069E+03	 1.00503E+03
 1.73464E+03	 1.00367E+03
 1.73859E+03	 1.00210E+03
 1.74253E+03	 1.00267E+03
 1.74648E+03	 1.00320E+03
 1.75042E+03	 1.00330E+03
 1.75436E+03	 1.00070E+03
 1.75830E+03	 1.00093E+03
 1.76223E+03	 1.00447E+03
 1.76617E+03	 9.98867E+02
 1.77010E+03	 1.00220E+03
 1.77403E+03	 1.00570E+03
 1.77796E+03	 1.00267E+03
 1.78188E+03	 1.00340E+03
 1.78581E+03	 1.00237E+03
 1.78973E+03	 1.00420E+03
 1.79365E+03	 1.00020E+03
 1.79757E+03	 1.00053E+03
 1.80148E+03	 1.00520E+03
 1.80540E+03	 1.00313E+03
 1.80931E+03	 1.00463E+03
 1.81322E+03	 1.00127E+03
 1.81713E+03	 1.00007E+03
 1.82104E+03	 1.00217E+03
 1.82494E+03	 9.98667E+02
 1.82884E+03	 9.99967E+02
 1.83274E+03	 1.00363E+03
 1.83664E+03	 1.00323E+03
 1.84054E+03	 1.00260E+03
 1.84443E+03	 1.00133E+03
 1.84833E+03	 1.00147E+03
 1.85222E+03	 1.00193E+03
 1.85611E+03	 1.00077E+03
 1.85999E+03	 9.99567E+02
 1.86388E+03	 9.97233E+02
 1.86776E+03	 1.00187E+03
 1.87164E+03	 9.98167E+02
 1.87552E+03	 9.98367E+02
 1.87940E+03	 1.00087E+03
 1.88328E+03	 1.00013E+03
 1.88715E+03	 9.95433E+02
 1.89102E+03	 1.00430E+03
 1.89489E+03	 1.00277E+03
 1.89876E+03	 9.99400E+02
 1.90263E+03	 9.99800E+02
 1.90649E+03	 9.96633E+02
 1.91035E+03	 1.00110E+03
 1.91421E+03	 9.99667E+02
 1.91807E+03	 1.00090E+03
 1.92193E+03	 1.00250E+03
 1.92578E+03	 1.00597E+03
 1.92964E+03	 9.98533E+02
 1.93349E+03	 9.94600E+02
 1.93734E+03	 1.00183E+03
 1.94118E+03	 1.00163E+03
 1.94503E+03	 9.98700E+02
 1.94887E+03	 9.97333E+02
 1.95271E+03	 9.99800E+02
 1.95655E+03	 9.99600E+02
 1.96039E+03	 9.98433E+02
 1.96423E+03	 9.99000E+02
 1.96806E+03	 9.97800E+02
 1.97189E+03	 9.95633E+02
 1.97572E+03	 9.97867E+02
 1.97955E+03	 1.00063E+03
 1.98338E+03	 9.98967E+02
 1.98720E+03	 9.95433E+02
 1.99103E+03	 1.00063E+03
 1.99485E+03	 9.99367E+02
 1.99866E+03	 9.97033E+02
 2.00248E+03	 9.98567E+02
 2.00630E+03	 1.00027E+03
 2.01011E+03	 9.97667E+02
 2.01392E+03	 1.00050E+03
 2.01773E+03	 1.00007E+03
 2.02154E+03	 9.96967E+02
 2.02534E+03	 9.97567E+02
 2.02915E+03	 9.99333E+02
 2.03295E+03	 9.99033E+02
 2.03675E+03	 1.00057E+03
 2.04055E+03	 9.96800E+02
 2.04435E+03	 9.96667E+02
 2.04814E+03	 9.99300E+02
 2.05193E+03	 9.99400E+02
 2.05572E+03	 9.96167E+02
 2.05951E+03	 9.94467E+02
 2.06330E+03	 9.99967E+02
 2.06708E+03	 9.95067E+02
 2.07087E+03	 1.00007E+03
 2.07465E+03	 9.99333E+02
 2.07843E+03	 1.00137E+03
 2.08221E+03	 1.00243E+03
 2.08598E+03	 9.97200E+02
 2.08976E+03	 9.96900E+02
 2.09353E+03	 9.99333E+02
 2.09730E+03	 9.96100E+02
 2.10107E+03	 9.96900E+02
 2.10484E+03	 9.95533E+02
 2.10860E+03	 9.95300E+02
 2.11236E+03	 9.93733E+02
 2.11613E+03	 9.95967E+02
 2.11989E+03	 1.00113E+03
 2.12364E+03	 9.97733E+02
 2.12740E+03	 9.99667E+02
 2.13115E+03	 9.98733E+02
 2.13490E+03	 1.00130E+03
 2.13866E+03	 1.00080E+03
 2.14240E+03	 9.99067E+02
 2.14615E+03	 9.98867E+02
 2.14990E+03	 9.98200E+02
 2.15364E+03	 9.97200E+02
 2.15738E+03	 1.00137E+03
 2.16112E+03	 9.95533E+02
 2.16486E+03	 9.95767E+02
 2.16859E+03	 1.00033E+03
 2.17233E+03	 1.00143E+03
 2.17606E+03	 9.95700E+02
 2.17979E+03	 1.00057E+03
 2.18352E+03	 9.97700E+02
 2.18724E+03	 9.97367E+02
 2.19097E+03	 9.93967E+02
 2.19469E+03	 9.98867E+02
 2.19841E+03	 9.98433E+02
 2.20213E+03	 9.97933E+02
 2.20585E+03	 9.95767E+02
 2.20956E+03	 9.95533E+02
 2.21328E+03	 9.97933E+02
 2.21699E+03	 9.98467E+02
 2.22070E+03	 9.94733E+02
 2.22441E+03	 9.95000E+02
 2.22812E+03	 9.95767E+02
 2.23182E+03	 9.99133E+02
 2.23552E+03	 9.95500E+02
 2.23923E+03	 9.97733E+02
 2.24293E+03	 9.96967E+02
 2.24662E+03	 9.94800E+02
 2.25032E+03	 9.96333E+02
 2.25401E+03	 9.96700E+02
 2.25771E+03	 9.96000E+02
 2.26140E+03	 9.93500E+02
 2.26509E+03	 9.98333E+02
 2.26877E+03	 9.94567E+02
 2.27246E+03	 9.95333E+02
 2.27614E+03	 9.95233E+02
 2.27982E+03	 9.95133E+02
 2.28350E+03	 9.98300E+02
 2.28718E+03	 9.98167E+02
 2.29086E+03	 9.93767E+02
 2.29453E+03	 9.93233E+02
 2.29820E+03	 9.93067E+02
 2.30188E+03	 9.92433E+02
 2.30555E+03	 9.95567E+02
 2.30921E+03	 9.98433E+02
 2.31288E+03	 9.95133E+02
 2.31654E+03	 9.94267E+02
 2.32020E+03	 9.96633E+02
 2.32386E+03	 9.94367E+02
 2.32752E+03	 9.97533E+02
 2.33118E+03	 9.92167E+02
 2.33484E+03	 9.92433E+02
 2.33849E+03	 1.00037E+03
 2.34214E+03	 9.98300E+02
 2.34579E+03	 1.00263E+03
 2.34944E+03	 9.96100E+02
 2.35308E+03	 9.94600E+02
 2.35673E+03	 9.96633E+02
 2.36037E+03	 9.97000E+02
 2.36401E+03	 9.95933E+02
 2.36765E+03	 9.96300E+02
 2.37129E+03	 9.95667E+02
 2.37492E+03	 9.99367E+02
 2.37856E+03	 1.00020E+03
 2.38219E+03	 9.96967E+02
 2.38582E+03	 9.96433E+02
 2.38945E+03	 9.96600E+02
 2.39308E+03	 1.00053E+03
 2.39670E+03	 1.00240E+03
 2.40033E+03	 1.00173E+03
 2.40395E+03	 9.95900E+02
 2.40757E+03	 9.99000E+02
 2.41119E+03	 1.00080E+03
 2.41480E+03	 9.95900E+02
 2.41842E+03	 9.92900E+02
 2.42203E+03	 9.97100E+02
 2.42564E+03	 9.96933E+02
 2.42925E+03	 9.98267E+02
 2.43286E+03	 9.97967E+02
 2.43647E+03	 1.00067E+03
 2.44007E+03	 9.96133E+02
 2.44367E+03	 9.97233E+02
 2.44727E+03	 9.96933E+02
 2.45087E+03	 1.00043E+03
 2.45447E+03	 9.95200E+02
 2.45807E+03	 9.98367E+02
 2.46166E+03	 9.95767E+02
 2.46525E+03	 9.98533E+02
 2.46884E+03	 9.97767E+02
 2.47243E+03	 9.97933E+02
 2.47602E+03	 9.99733E+02
 2.47960E+03	 9.98033E+02
 2.48319E+03	 9.96567E+02
 2.48677E+03	 9.94433E+02
 2.49035E+03	 1.00040E+03
 2.49393E+03	 1.00223E+03
 2.49751E+03	 9.99267E+02
 2.50108E+03	 9.97733E+02
 2.50465E+03	 1.00040E+03
 2.50823E+03	 9.99933E+02
 2.51180E+03	 1.00040E+03
 2.51536E+03	 1.00233E+03
 2.51893E+03	 1.00093E+03
 2.52250E+03	 1.00020E+03
 2.52606E+03	 1.00327E+03
 2.52962E+03	 1.00533E+03
 2.53318E+03	 1.00467E+03
 2.53674E+03	 9.99900E+02
 2.54029E+03	 1.00220E+03
 2.54385E+03	 1.00280E+03
 2.54740E+03	 1.00357E+03
 2.55095E+03	 1.00093E+03
 2.55450E+03	 1.00260E+03
 2.55805E+03	 1.00257E+03
 2.56160E+03	 1.00563E+03
 2.56514E+03	 1.00140E+03
 2.56868E+03	 1.00453E+03
 2.57222E+03	 1.00430E+03
 2.57576E+03	 1.00163E+03
 2.57930E+03	 1.00110E+03
 2.58284E+03	 1.00667E+03
 2.58637E+03	 1.00470E+03
 2.58991E+03	 1.00370E+03
 2.59344E+03	 1.00210E+03
 2.59697E+03	 1.00643E+03
 2.60049E+03	 1.00103E+03
 2.60402E+03	 1.00410E+03
 2.60754E+03	 1.00303E+03
 2.61107E+03	 1.00507E+03
 2.61459E+03	 1.00237E+03
 2.61811E+03	 1.00367E+03
 2.62162E+03	 1.00607E+03
 2.62514E+03	 1.00463E+03
 2.62865E+03	 1.00660E+03
 2.63217E+03	 1.00563E+03
 2.63568E+03	 1.00157E+03
 2.63919E+03	 1.00903E+03
 2.64269E+03	 1.00617E+03
 2.64620E+03	 1.00793E+03
 2.64970E+03	 1.00930E+03
 2.65321E+03	 1.01333E+03
 2.65671E+03	 1.01120E+03
 2.66021E+03	 1.01077E+03
 2.66370E+03	 1.01453E+03
 2.66720E+03	 1.01470E+03
 2.67069E+03	 1.01363E+03
 2.67419E+03	 1.01467E+03
 2.67768E+03	 1.01223E+03
 2.68117E+03	 1.02023E+03
 2.68466E+03	 1.01630E+03
 2.68814E+03	 1.02040E+03
 2.69163E+03	 1.02410E+03
 2.69511E+03	 1.02743E+03
 2.69859E+03	 1.02767E+03
 2.70207E+03	 1.02870E+03
 2.70555E+03	 1.02570E+03
 2.70902E+03	 1.02587E+03
 2.71250E+03	 1.03163E+03
 2.71597E+03	 1.03667E+03
 2.71944E+03	 1.04383E+03
 2.72291E+03	 1.04407E+03
 2.72638E+03	 1.05043E+03
 2.72984E+03	 1.04853E+03
 2.73331E+03	 1.05420E+03
 2.73677E+03	 1.05597E+03
 2.74023E+03	 1.06263E+03
 2.74369E+03	 1.07083E+03
 2.74715E+03	 1.07000E+03
 2.75061E+03	 1.07563E+03
 2.75406E+03	 1.07587E+03
 2.75752E+03	 1.07280E+03
 2.76097E+03	 1.07820E+03
 2.76442E+03	 1.07223E+03
 2.76786E+03	 1.07707E+03
 2.77131E+03	 1.07237E+03
 2.77476E+03	 1.07647E+03
 2.77820E+03	 1.07553E+03
 2.78164E+03	 1.07877E+03
 2.78508E+03	 1.07190E+03
 2.78852E+03	 1.07003E+03
 2.79196E+03	 1.06750E+03
 2.79539E+03	 1.07240E+03
 2.79883E+03	 1.08297E+03
 2.80226E+03	 1.08223E+03
 2.80569E+03	 1.07877E+03
 2.80912E+03	 1.09167E+03
 2.81254E+03	 1.09057E+03
 2.81597E+03	 1.09630E+03
 2.81939E+03	 1.10850E+03
 2.82282E+03	 1.11207E+03
 2.82624E+03	 1.10850E+03
 2.82966E+03	 1.13363E+03
 2.83307E+03	 1.13230E+03
 2.83649E+03	 1.14700E+03
 2.83990E+03	 1.16083E+03
 2.84332E+03	 1.16697E+03
 2.84673E+03	 1.17850E+03
 2.85014E+03	 1.20490E+03
 2.85354E+03	 1.23717E+03
 2.85695E+03	 1.24640E+03
 2.86036E+03	 1.26167E+03
 2.86376E+03	 1.29303E+03
 2.86716E+03	 1.31127E+03
 2.87056E+03	 1.34500E+03
 2.87396E+03	 1.38453E+03
 2.87736E+03	 1.44423E+03
 2.88075E+03	 1.49933E+03
 2.88414E+03	 1.56287E+03
 2.88754E+03	 1.66077E+03
 2.89093E+03	 1.66757E+03
 2.89431E+03	 1.71940E+03
 2.89770E+03	 1.77723E+03
 2.90109E+03	 1.78020E+03
 2.90447E+03	 1.76207E+03
 2.90785E+03	 1.74447E+03
 2.91123E+03	 1.71543E+03
 2.91461E+03	 1.72707E+03
 2.91799E+03	 1.69950E+03
 2.92137E+03	 1.68447E+03
 2.92474E+03	 1.69650E+03
 2.92811E+03	 1.66327E+03
 2.93149E+03	 1.67463E+03
 2.93486E+03	 1.69487E+03
 2.93822E+03	 1.70857E+03
 2.94159E+03	 1.73867E+03
 2.94496E+03	 1.73533E+03
 2.94832E+03	 1.75253E+03
 2.95168E+03	 1.77023E+03
 2.95504E+03	 1.71293E+03
 2.95840E+03	 1.71513E+03
 2.96176E+03	 1.75357E+03
 2.96511E+03	 1.71513E+03
 2.96847E+03	 1.67567E+03
 2.97182E+03	 1.63807E+03
 2.97517E+03	 1.61800E+03
 2.97852E+03	 1.54160E+03
 2.98187E+03	 1.49510E+03
 2.98521E+03	 1.44073E+03
 2.98856E+03	 1.38483E+03
 2.99190E+03	 1.33510E+03
 2.99524E+03	 1.29077E+03
 2.99858E+03	 1.22870E+03
 3.00192E+03	 1.18237E+03
 3.00526E+03	 1.15180E+03
 3.00859E+03	 1.13390E+03
 3.01193E+03	 1.10657E+03
 3.01526E+03	 1.08513E+03
 3.01859E+03	 1.07207E+03
 3.02192E+03	 1.06523E+03
 3.02525E+03	 1.05497E+03
 3.02857E+03	 1.04807E+03
 3.03190E+03	 1.04103E+03
 3.03522E+03	 1.03317E+03
 3.03854E+03	 1.03143E+03
 3.04186E+03	 1.03400E+03
 3.04518E+03	 1.02353E+03
 3.04850E+03	 1.02477E+03
 3.05181E+03	 1.02263E+03
 3.05512E+03	 1.01863E+03
 3.05844E+03	 1.02147E+03
 3.06175E+03	 1.01377E+03
 3.06506E+03	 1.01250E+03
 3.06836E+03	 1.02470E+03
 3.07167E+03	 1.01540E+03
 3.07497E+03	 1.01767E+03
 3.07828E+03	 1.01750E+03
 3.08158E+03	 1.01623E+03
 3.08488E+03	 1.01867E+03
 3.08818E+03	 1.01770E+03
 3.09147E+03	 1.01673E+03
 3.09477E+03	 1.01507E+03
 3.09806E+03	 1.01330E+03
 3.10135E+03	 1.01740E+03
 3.10464E+03	 1.01707E+03
 3.10793E+03	 1.02300E+03
 3.11122E+03	 1.02637E+03
 3.11451E+03	 1.02157E+03
 3.11779E+03	 1.02107E+03
 3.12107E+03	 1.02300E+03
 3.12436E+03	 1.02503E+03
 3.12764E+03	 1.03023E+03
 3.13091E+03	 1.03020E+03
 3.13419E+03	 1.02513E+03
 3.13747E+03	 1.03063E+03
 3.14074E+03	 1.03613E+03
 3.14401E+03	 1.03570E+03
 3.14728E+03	 1.03937E+03
 3.15055E+03	 1.03423E+03
 3.15382E+03	 1.04197E+03
 3.15709E+03	 1.04007E+03
 3.16035E+03	 1.04660E+03
 3.16362E+03	 1.04057E+03
 3.16688E+03	 1.04280E+03
 3.17014E+03	 1.04863E+03
 3.17340E+03	 1.04823E+03
 3.17665E+03	 1.05200E+03
 3.17991E+03	 1.04897E+03
 3.18316E+03	 1.05407E+03
 3.18642E+03	 1.05747E+03
 3.18967E+03	 1.05827E+03
 3.19292E+03	 1.06307E+03
 3.19617E+03	 1.06303E+03
 3.19941E+03	 1.06043E+03
 3.20266E+03	 1.05950E+03
 3.20590E+03	 1.07123E+03
 3.20914E+03	 1.07203E+03
 3.21238E+03	 1.07073E+03
 3.21562E+03	 1.07407E+03
 3.21886E+03	 1.07977E+03
 3.22210E+03	 1.07290E+03
 3.22533E+03	 1.08180E+03
 3.22857E+03	 1.06880E+03
 3.23180E+03	 1.07813E+03
 3.23503E+03	 1.09163E+03
 3.23826E+03	 1.08190E+03
 3.24148E+03	 1.08067E+03
 3.24471E+03	 1.07877E+03
 3.24793E+03	 1.09027E+03
 3.25116E+03	 1.09580E+03
 3.25438E+03	 1.09480E+03
 3.25760E+03	 1.09880E+03
 3.26082E+03	 1.09990E+03
 3.26403E+03	 1.09513E+03
 3.26725E+03	 1.09580E+03
 3.27046E+03	 1.10137E+03
 3.27368E+03	 1.10407E+03
 3.27689E+03	 1.09623E+03
 3.28010E+03	 1.10340E+03
 3.28331E+03	 1.10067E+03
 3.28651E+03	 1.10943E+03
 3.28972E+03	 1.09030E+03
 3.29292E+03	 1.09200E+03
 3.29612E+03	 1.10823E+03
 3.29932E+03	 1.10090E+03
 3.30252E+03	 1.09633E+03
 3.30572E+03	 1.10227E+03
 3.30892E+03	 1.09923E+03
 3.31211E+03	 1.09943E+03
 3.31531E+03	 1.10430E+03
 3.31850E+03	 1.10810E+03
 3.32169E+03	 1.10297E+03
 3.32488E+03	 1.10553E+03
 3.32807E+03	 1.11130E+03
 3.33125E+03	 1.11840E+03
 3.33444E+03	 1.10277E+03
 3.33762E+03	 1.09470E+03
 3.34080E+03	 1.09430E+03
 3.34398E+03	 1.09667E+03
 3.34716E+03	 1.10283E+03
 3.35034E+03	 1.10500E+03
 3.35351E+03	 1.11200E+03
 3.35669E+03	 1.10730E+03
 3.35986E+03	 1.09820E+03
 3.36303E+03	 1.11193E+03
 3.36620E+03	 1.10900E+03
 3.36937E+03	 1.10610E+03
 3.37254E+03	 1.11047E+03
 3.37570E+03	 1.11263E+03
 3.37887E+03	 1.11413E+03
 3.38203E+03	 1.10447E+03
 3.38519E+03	 1.10100E+03
 3.38835E+03	 1.11003E+03
 3.39151E+03	 1.10930E+03
 3.39467E+03	 1.11323E+03
 3.39782E+03	 1.09633E+03
 3.40098E+03	 1.09983E+03
 3.40413E+03	 1.10133E+03
 3.40728E+03	 1.10553E+03
 3.41043E+03	 1.09420E+03
 3.41358E+03	 1.09223E+03
 3.41673E+03	 1.09677E+03
 3.41987E+03	 1.09617E+03
 3.42302E+03	 1.10063E+03
 3.42616E+03	 1.09953E+03
 3.42930E+03	 1.09467E+03
 3.43244E+03	 1.09230E+03
 3.43558E+03	 1.09547E+03
 3.43872E+03	 1.09137E+03
 3.44185E+03	 1.08753E+03
 3.44499E+03	 1.08237E+03
 3.44812E+03	 1.07657E+03
 3.45125E+03	 1.07953E+03
 3.45438E+03	 1.08913E+03
 3.45751E+03	 1.08043E+03
 3.46064E+03	 1.07587E+03
 3.46376E+03	 1.08370E+03
 3.46689E+03	 1.06383E+03
 3.47001E+03	 1.06580E+03
 3.47313E+03	 1.06677E+03
 3.47625E+03	 1.06667E+03
 3.47937E+03	 1.06343E+03
 3.48249E+03	 1.05197E+03
 3.48560E+03	 1.06120E+03
 3.48872E+03	 1.06207E+03
 3.49183E+03	 1.05117E+03
 3.49494E+03	 1.04710E+03
 3.49805E+03	 1.05537E+03
 3.50116E+03	 1.05080E+03
 3.50427E+03	 1.04283E+03
 3.50737E+03	 1.03933E+03
 3.51048E+03	 1.04240E+03
 3.51358E+03	 1.03853E+03
 3.51668E+03	 1.03763E+03
 3.51978E+03	 1.03773E+03
 3.52288E+03	 1.02300E+03
 3.52598E+03	 1.01830E+03
 3.52907E+03	 1.01903E+03
 3.53217E+03	 1.01650E+03
 3.53526E+03	 1.01523E+03
 3.53835E+03	 1.01413E+03
 3.54144E+03	 1.01607E+03
 3.54453E+03	 1.01143E+03
 3.54762E+03	 1.01113E+03
 3.55071E+03	 1.00663E+03
 3.55379E+03	 1.00577E+03
 3.55687E+03	 9.98700E+02
 3.55996E+03	 9.96167E+02
 3.56304E+03	 9.93067E+02
 3.56612E+03	 9.90967E+02
 3.56919E+03	 9.89000E+02
 3.57227E+03	 9.90933E+02
 3.57535E+03	 9.92300E+02
 3.57842E+03	 9.93900E+02
 3.58149E+03	 9.91433E+02
 3.58456E+03	 9.89167E+02
 3.58763E+03	 9.82067E+02
 3.59070E+03	 9.79633E+02
 3.59377E+03	 9.79800E+02
 3.59683E+03	 9.80233E+02
 3.59990E+03	 9.77733E+02
 3.60296E+03	 9.76300E+02
 3.60602E+03	 9.72200E+02
 3.60908E+03	 9.71300E+02
 3.61214E+03	 9.70033E+02
 3.61519E+03	 9.69633E+02
 3.61825E+03	 9.71067E+02
 3.62130E+03	 9.69200E+02
 3.62436E+03	 9.65000E+02
 3.62741E+03	 9.59833E+02
 3.63046E+03	 9.62533E+02
 3.63351E+03	 9.63400E+02
 3.63656E+03	 9.64000E+02
 3.63960E+03	 9.58533E+02
 3.64265E+03	 9.55200E+02
 3.64569E+03	 9.50833E+02
 3.64873E+03	 9.50767E+02
 3.65177E+03	 9.52200E+02
 3.65481E+03	 9.51667E+02
 3.65785E+03	 9.49567E+02
 3.66089E+03	 9.48433E+02
 3.66392E+03	 9.48767E+02
 3.66695E+03	 9.48933E+02
 3.66999E+03	 9.47733E+02
 3.67302E+03	 9.45300E+02
 3.67605E+03	 9.45100E+02
 3.67908E+03	 9.45133E+02
 3.68210E+03	 9.46633E+02
 3.68513E+03	 9.44200E+02
 3.68815E+03	 9.43433E+02
 3.69117E+03	 9.42400E+02
 3.69420E+03	 9.40233E+02
 3.69722E+03	 9.41900E+02
 3.70023E+03	 9.41733E+02
 3.70325E+03	 9.40733E+02
 3.70627E+03	 9.40900E+02
 3.70928E+03	 9.40733E+02
 3.71230E+03	 9.39067E+02
 3.71531E+03	 9.41100E+02
 3.71832E+03	 9.38333E+02
 3.72133E+03	 9.41067E+02
 3.72434E+03	 9.41500E+02
 3.72734E+03	 9.41967E+02
 3.73035E+03	 9.37300E+02
 3.73335E+03	 9.39500E+02
 3.73635E+03	 9.37300E+02
 3.73936E+03	 9.36600E+02
 3.74236E+03	 9.39000E+02
 3.74535E+03	 9.38833E+02
 3.74835E+03	 9.36967E+02
 3.75135E+03	 9.36000E+02
 3.75434E+03	 9.36700E+02
 3.75733E+03	 9.37000E+02
 3.76033E+03	 9.36500E+02
 3.76332E+03	 9.37900E+02
 3.76631E+03	 9.34667E+02
 3.76929E+03	 9.34533E+02
 3.77228E+03	 9.33800E+02
 3.77527E+03	 9.33933E+02
 3.77825E+03	 9.33400E+02
 3.78123E+03	 9.33267E+02
 3.78421E+03	 9.34667E+02
 3.78719E+03	 9.33567E+02
