-1.40382E+02	 9.06700E+02
-1.35457E+02	 9.07467E+02
-1.30535E+02	 9.07567E+02
-1.25616E+02	 9.05633E+02
-1.20700E+02	 9.08433E+02
-1.15786E+02	 9.06833E+02
-1.10875E+02	 9.08167E+02
-1.05967E+02	 9.07600E+02
-1.01061E+02	 9.07433E+02
-9.61580E+01	 9.09000E+02
-9.12576E+01	 9.08567E+02
-8.63599E+01	 9.07967E+02
-8.14648E+01	 9.08667E+02
-7.65724E+01	 9.07067E+02
-7.16827E+01	 9.08267E+02
-6.67956E+01	 9.08600E+02
-6.19111E+01	 9.08733E+02
-5.70293E+01	 9.08867E+02
-5.21502E+01	 9.10233E+02
-4.72737E+01	 9.10900E+02
-4.23998E+01	 9.10600E+02
-3.75286E+01	 9.10133E+02
-3.26600E+01	 9.11467E+02
-2.77941E+01	 9.12367E+02
-2.29308E+01	 9.13667E+02
-1.80701E+01	 9.14867E+02
-1.32121E+01	 9.18100E+02
-8.35667E+00	 9.22933E+02
-3.50389E+00	 9.31367E+02
 1.34626E+00	 9.79667E+02
 6.19379E+00	 1.70263E+03
 1.10387E+01	 6.62303E+03
 1.58810E+01	 9.03083E+03
 2.07207E+01	 4.07117E+03
 2.55577E+01	 1.17303E+03
 3.03922E+01	 9.39433E+02
 3.52240E+01	 9.22567E+02
 4.00532E+01	 9.17933E+02
 4.48798E+01	 9.16167E+02
 4.97038E+01	 9.13600E+02
 5.45252E+01	 9.13067E+02
 5.93440E+01	 9.14033E+02
 6.41602E+01	 9.14967E+02
 6.89738E+01	 9.17567E+02
 7.37848E+01	 9.31800E+02
 7.85932E+01	 9.80200E+02
 8.33991E+01	 1.10947E+03
 8.82023E+01	 1.33157E+03
 9.30029E+01	 1.56363E+03
 9.78010E+01	 1.70507E+03
 1.02596E+02	 1.73423E+03
 1.07389E+02	 1.75103E+03
 1.12180E+02	 1.70647E+03
 1.16967E+02	 1.67367E+03
 1.21753E+02	 1.63063E+03
 1.26535E+02	 1.59020E+03
 1.31315E+02	 1.57917E+03
 1.36093E+02	 1.55067E+03
 1.40867E+02	 1.52783E+03
 1.45640E+02	 1.51130E+03
 1.50409E+02	 1.49843E+03
 1.55177E+02	 1.47733E+03
 1.59941E+02	 1.43437E+03
 1.64703E+02	 1.43487E+03
 1.69463E+02	 1.42797E+03
 1.74220E+02	 1.39207E+03
 1.78974E+02	 1.37760E+03
 1.83726E+02	 1.35833E+03
 1.88475E+02	 1.33777E+03
 1.93222E+02	 1.33107E+03
 1.97966E+02	 1.32650E+03
 2.02708E+02	 1.31510E+03
 2.07447E+02	 1.30807E+03
 2.12184E+02	 1.29997E+03
 2.16918E+02	 1.28433E+03
 2.21649E+02	 1.27477E+03
 2.26378E+02	 1.26957E+03
 2.31105E+02	 1.25390E+03
 2.35829E+02	 1.24920E+03
 2.40550E+02	 1.24133E+03
 2.45269E+02	 1.21800E+03
 2.49985E+02	 1.22367E+03
 2.54699E+02	 1.21430E+03
 2.59410E+02	 1.21110E+03
 2.64119E+02	 1.22167E+03
 2.68825E+02	 1.20967E+03
 2.73529E+02	 1.19493E+03
 2.78230E+02	 1.19120E+03
 2.82929E+02	 1.18673E+03
 2.87625E+02	 1.18460E+03
 2.92319E+02	 1.17503E+03
 2.97010E+02	 1.18010E+03
 3.01699E+02	 1.17643E+03
 3.06385E+02	 1.17273E+03
 3.11069E+02	 1.17503E+03
 3.15750E+02	 1.17803E+03
 3.20428E+02	 1.16953E+03
 3.25105E+02	 1.16827E+03
 3.29778E+02	 1.16997E+03
 3.34450E+02	 1.17450E+03
 3.39118E+02	 1.16973E+03
 3.43785E+02	 1.16273E+03
 3.48448E+02	 1.16453E+03
 3.53110E+02	 1.16313E+03
 3.57768E+02	 1.16023E+03
 3.62425E+02	 1.15590E+03
 3.67079E+02	 1.14603E+03
 3.71730E+02	 1.13680E+03
 3.76379E+02	 1.13713E+03
 3.81025E+02	 1.14283E+03
 3.85669E+02	 1.14363E+03
 3.90311E+02	 1.15693E+03
 3.94950E+02	 1.16563E+03
 3.99586E+02	 1.18077E+03
 4.04220E+02	 1.18523E+03
 4.08852E+02	 1.17933E+03
 4.13481E+02	 1.18993E+03
 4.18108E+02	 1.22043E+03
 4.22732E+02	 1.27343E+03
 4.27354E+02	 1.32817E+03
 4.31973E+02	 1.34747E+03
 4.36590E+02	 1.34920E+03
 4.41205E+02	 1.32010E+03
 4.45817E+02	 1.27737E+03
 4.50426E+02	 1.23823E+03
 4.55034E+02	 1.21883E+03
 4.59638E+02	 1.19397E+03
 4.64241E+02	 1.17950E+03
 4.68840E+02	 1.18343E+03
 4.73438E+02	 1.18197E+03
 4.78033E+02	 1.19200E+03
 4.82625E+02	 1.23060E+03
 4.87215E+02	 1.29530E+03
 4.91803E+02	 1.38643E+03
 4.96388E+02	 1.46573E+03
 5.00971E+02	 1.52547E+03
 5.05552E+02	 1.53130E+03
 5.10129E+02	 1.47027E+03
 5.14705E+02	 1.40107E+03
 5.19278E+02	 1.32420E+03
 5.23849E+02	 1.25390E+03
 5.28417E+02	 1.20647E+03
 5.32983E+02	 1.17710E+03
 5.37547E+02	 1.16130E+03
 5.42108E+02	 1.15380E+03
 5.46666E+02	 1.14750E+03
 5.51223E+02	 1.15260E+03
 5.55777E+02	 1.16557E+03
 5.60328E+02	 1.17903E+03
 5.64877E+02	 1.18480E+03
 5.69424E+02	 1.18260E+03
 5.73968E+02	 1.19263E+03
 5.78510E+02	 1.18193E+03
 5.83049E+02	 1.15577E+03
 5.87587E+02	 1.14833E+03
 5.92121E+02	 1.14133E+03
 5.96654E+02	 1.13683E+03
 6.01184E+02	 1.12533E+03
 6.05711E+02	 1.11917E+03
 6.10236E+02	 1.11850E+03
 6.14759E+02	 1.11827E+03
 6.19280E+02	 1.11583E+03
 6.23798E+02	 1.10950E+03
 6.28313E+02	 1.11673E+03
 6.32827E+02	 1.11637E+03
 6.37338E+02	 1.11867E+03
 6.41846E+02	 1.11493E+03
 6.46352E+02	 1.11520E+03
 6.50856E+02	 1.12113E+03
 6.55358E+02	 1.12810E+03
 6.59857E+02	 1.13690E+03
 6.64354E+02	 1.15503E+03
 6.68848E+02	 1.16743E+03
 6.73340E+02	 1.18093E+03
 6.77830E+02	 1.19137E+03
 6.82317E+02	 1.21937E+03
 6.86802E+02	 1.23957E+03
 6.91285E+02	 1.25637E+03
 6.95765E+02	 1.24127E+03
 7.00243E+02	 1.22220E+03
 7.04718E+02	 1.19093E+03
 7.09192E+02	 1.16950E+03
 7.13663E+02	 1.13383E+03
 7.18131E+02	 1.11613E+03
 7.22597E+02	 1.11677E+03
 7.27061E+02	 1.10317E+03
 7.31523E+02	 1.10013E+03
 7.35982E+02	 1.10600E+03
 7.40439E+02	 1.09577E+03
 7.44894E+02	 1.09360E+03
 7.49346E+02	 1.09433E+03
 7.53796E+02	 1.09280E+03
 7.58243E+02	 1.09413E+03
 7.62689E+02	 1.08887E+03
 7.67132E+02	 1.09377E+03
 7.71572E+02	 1.10277E+03
 7.76011E+02	 1.09737E+03
 7.80447E+02	 1.09447E+03
 7.84880E+02	 1.09840E+03
 7.89312E+02	 1.10603E+03
 7.93741E+02	 1.10963E+03
 7.98167E+02	 1.12757E+03
 8.02592E+02	 1.14360E+03
 8.07014E+02	 1.14367E+03
 8.11434E+02	 1.14093E+03
 8.15851E+02	 1.15580E+03
 8.20267E+02	 1.16870E+03
 8.24680E+02	 1.22890E+03
 8.29090E+02	 1.31543E+03
 8.33499E+02	 1.40770E+03
 8.37905E+02	 1.47087E+03
 8.42309E+02	 1.48050E+03
 8.46710E+02	 1.44093E+03
 8.51109E+02	 1.43913E+03
 8.55506E+02	 1.52417E+03
 8.59901E+02	 1.65840E+03
 8.64293E+02	 1.75220E+03
 8.68683E+02	 1.78370E+03
 8.73071E+02	 1.78020E+03
 8.77456E+02	 1.69627E+03
 8.81840E+02	 1.60797E+03
 8.86221E+02	 1.51567E+03
 8.90599E+02	 1.41937E+03
 8.94976E+02	 1.31157E+03
 8.99350E+02	 1.23117E+03
 9.03722E+02	 1.18140E+03
 9.08091E+02	 1.15093E+03
 9.12459E+02	 1.16957E+03
 9.16824E+02	 1.20553E+03
 9.21187E+02	 1.25640E+03
 9.25547E+02	 1.31890E+03
 9.29905E+02	 1.35477E+03
 9.34261E+02	 1.41273E+03
 9.38615E+02	 1.45887E+03
 9.42967E+02	 1.49420E+03
 9.47316E+02	 1.44743E+03
 9.51663E+02	 1.36267E+03
 9.56008E+02	 1.26770E+03
 9.60350E+02	 1.18677E+03
 9.64691E+02	 1.14407E+03
 9.69029E+02	 1.11817E+03
 9.73364E+02	 1.11520E+03
 9.77698E+02	 1.12970E+03
 9.82029E+02	 1.14847E+03
 9.86358E+02	 1.18527E+03
 9.90685E+02	 1.23677E+03
 9.95010E+02	 1.26027E+03
 9.99332E+02	 1.24080E+03
 1.00365E+03	 1.19560E+03
 1.00797E+03	 1.17017E+03
 1.01229E+03	 1.14410E+03
 1.01660E+03	 1.13417E+03
 1.02091E+03	 1.13230E+03
 1.02522E+03	 1.13603E+03
 1.02953E+03	 1.15563E+03
 1.03383E+03	 1.18153E+03
 1.03813E+03	 1.22110E+03
 1.04243E+03	 1.28300E+03
 1.04673E+03	 1.36067E+03
 1.05103E+03	 1.45067E+03
 1.05532E+03	 1.54850E+03
 1.05961E+03	 1.65650E+03
 1.06390E+03	 1.76487E+03
 1.06819E+03	 1.80937E+03
 1.07247E+03	 1.83523E+03
 1.07676E+03	 1.82283E+03
 1.08104E+03	 1.77820E+03
 1.08531E+03	 1.75367E+03
 1.08959E+03	 1.70700E+03
 1.09386E+03	 1.67130E+03
 1.09813E+03	 1.63977E+03
 1.10240E+03	 1.60490E+03
 1.10667E+03	 1.60123E+03
 1.11094E+03	 1.59190E+03
 1.11520E+03	 1.57140E+03
 1.11946E+03	 1.55433E+03
 1.12372E+03	 1.57717E+03
 1.12797E+03	 1.58260E+03
 1.13223E+03	 1.55673E+03
 1.13648E+03	 1.51090E+03
 1.14073E+03	 1.42220E+03
 1.14498E+03	 1.32250E+03
 1.14922E+03	 1.23950E+03
 1.15347E+03	 1.17153E+03
 1.15771E+03	 1.13883E+03
 1.16194E+03	 1.11770E+03
 1.16618E+03	 1.10493E+03
 1.17042E+03	 1.09720E+03
 1.17465E+03	 1.09907E+03
 1.17888E+03	 1.09090E+03
 1.18311E+03	 1.08857E+03
 1.18733E+03	 1.09217E+03
 1.19156E+03	 1.10140E+03
 1.19578E+03	 1.11353E+03
 1.20000E+03	 1.11663E+03
 1.20421E+03	 1.12967E+03
 1.20843E+03	 1.14850E+03
 1.21264E+03	 1.16850E+03
 1.21685E+03	 1.19633E+03
 1.22106E+03	 1.21790E+03
 1.22527E+03	 1.23940E+03
 1.22947E+03	 1.24730E+03
 1.23367E+03	 1.25757E+03
 1.23787E+03	 1.28320E+03
 1.24207E+03	 1.29123E+03
 1.24627E+03	 1.30947E+03
 1.25046E+03	 1.33040E+03
 1.25465E+03	 1.36057E+03
 1.25884E+03	 1.39657E+03
 1.26303E+03	 1.40820E+03
 1.26721E+03	 1.43137E+03
 1.27140E+03	 1.43277E+03
 1.27558E+03	 1.44203E+03
 1.27975E+03	 1.42140E+03
 1.28393E+03	 1.39590E+03
 1.28811E+03	 1.39440E+03
 1.29228E+03	 1.39720E+03
 1.29645E+03	 1.38630E+03
 1.30062E+03	 1.35480E+03
 1.30478E+03	 1.33277E+03
 1.30895E+03	 1.33007E+03
 1.31311E+03	 1.31293E+03
 1.31727E+03	 1.31523E+03
 1.32142E+03	 1.32057E+03
 1.32558E+03	 1.33003E+03
 1.32973E+03	 1.34263E+03
 1.33388E+03	 1.33837E+03
 1.33803E+03	 1.33823E+03
 1.34218E+03	 1.34570E+03
 1.34632E+03	 1.32227E+03
 1.35047E+03	 1.33510E+03
 1.35461E+03	 1.33623E+03
 1.35875E+03	 1.34920E+03
 1.36288E+03	 1.36700E+03
 1.36702E+03	 1.38327E+03
 1.37115E+03	 1.38130E+03
 1.37528E+03	 1.35130E+03
 1.37941E+03	 1.33513E+03
 1.38353E+03	 1.32907E+03
 1.38766E+03	 1.32100E+03
 1.39178E+03	 1.30677E+03
 1.39590E+03	 1.29983E+03
 1.40001E+03	 1.29643E+03
 1.40413E+03	 1.28953E+03
 1.40824E+03	 1.29547E+03
 1.41235E+03	 1.28660E+03
 1.41646E+03	 1.27780E+03
 1.42057E+03	 1.28580E+03
 1.42468E+03	 1.28503E+03
 1.42878E+03	 1.26410E+03
 1.43288E+03	 1.27820E+03
 1.43698E+03	 1.27757E+03
 1.44107E+03	 1.26273E+03
 1.44517E+03	 1.24943E+03
 1.44926E+03	 1.26183E+03
 1.45335E+03	 1.26173E+03
 1.45744E+03	 1.27440E+03
 1.46153E+03	 1.31953E+03
 1.46561E+03	 1.40620E+03
 1.46969E+03	 1.54967E+03
 1.47377E+03	 1.67810E+03
 1.47785E+03	 1.75810E+03
 1.48193E+03	 1.84080E+03
 1.48600E+03	 1.84210E+03
 1.49007E+03	 1.73273E+03
 1.49414E+03	 1.57857E+03
 1.49821E+03	 1.42647E+03
 1.50228E+03	 1.30600E+03
 1.50634E+03	 1.21880E+03
 1.51040E+03	 1.14850E+03
 1.51446E+03	 1.11560E+03
 1.51852E+03	 1.09397E+03
 1.52258E+03	 1.07753E+03
 1.52663E+03	 1.06953E+03
 1.53068E+03	 1.06747E+03
 1.53473E+03	 1.06693E+03
 1.53878E+03	 1.05677E+03
 1.54282E+03	 1.05000E+03
 1.54687E+03	 1.05067E+03
 1.55091E+03	 1.05427E+03
 1.55495E+03	 1.05293E+03
 1.55899E+03	 1.04913E+03
 1.56302E+03	 1.04890E+03
 1.56705E+03	 1.05003E+03
 1.57109E+03	 1.05180E+03
 1.57512E+03	 1.05003E+03
 1.57914E+03	 1.04313E+03
 1.58317E+03	 1.04457E+03
 1.58719E+03	 1.04530E+03
 1.59121E+03	 1.04400E+03
 1.59523E+03	 1.04273E+03
 1.59925E+03	 1.04170E+03
 1.60326E+03	 1.04480E+03
 1.60728E+03	 1.04410E+03
 1.61129E+03	 1.04327E+03
 1.61530E+03	 1.04137E+03
 1.61930E+03	 1.03970E+03
 1.62331E+03	 1.03880E+03
 1.62731E+03	 1.03780E+03
 1.63131E+03	 1.03903E+03
 1.63531E+03	 1.04153E+03
 1.63931E+03	 1.03667E+03
 1.64330E+03	 1.03333E+03
 1.64730E+03	 1.04087E+03
 1.65129E+03	 1.03853E+03
 1.65528E+03	 1.03967E+03
 1.65926E+03	 1.03993E+03
 1.66325E+03	 1.03617E+03
 1.66723E+03	 1.03963E+03
 1.67121E+03	 1.03660E+03
 1.67519E+03	 1.03243E+03
 1.67917E+03	 1.03420E+03
 1.68314E+03	 1.03267E+03
 1.68712E+03	 1.03517E+03
 1.69109E+03	 1.03143E+03
 1.69506E+03	 1.02960E+03
 1.69903E+03	 1.03043E+03
 1.70299E+03	 1.03013E+03
 1.70695E+03	 1.02660E+03
 1.71092E+03	 1.02400E+03
 1.71487E+03	 1.02770E+03
 1.71883E+03	 1.02493E+03
 1.72279E+03	 1.02527E+03
 1.72674E+03	 1.02123E+03
 1.73069E+03	 1.02213E+03
 1.73464E+03	 1.02320E+03
 1.73859E+03	 1.02073E+03
 1.74253E+03	 1.01707E+03
 1.74648E+03	 1.01777E+03
 1.75042E+03	 1.01893E+03
 1.75436E+03	 1.02150E+03
 1.75830E+03	 1.01713E+03
 1.76223E+03	 1.01567E+03
 1.76617E+03	 1.01057E+03
 1.77010E+03	 1.01920E+03
 1.77403E+03	 1.01940E+03
 1.77796E+03	 1.01480E+03
 1.78188E+03	 1.01460E+03
 1.78581E+03	 1.01763E+03
 1.78973E+03	 1.01513E+03
 1.79365E+03	 1.01810E+03
 1.79757E+03	 1.01923E+03
 1.80148E+03	 1.01667E+03
 1.80540E+03	 1.01397E+03
 1.80931E+03	 1.01600E+03
 1.81322E+03	 1.01403E+03
 1.81713E+03	 1.01357E+03
 1.82104E+03	 1.01550E+03
 1.82494E+03	 1.01360E+03
 1.82884E+03	 1.01590E+03
 1.83274E+03	 1.01387E+03
 1.83664E+03	 1.01103E+03
 1.84054E+03	 1.01300E+03
 1.84443E+03	 1.01200E+03
 1.84833E+03	 1.01247E+03
 1.85222E+03	 1.01407E+03
 1.85611E+03	 1.01490E+03
 1.85999E+03	 1.01053E+03
 1.86388E+03	 1.01223E+03
 1.86776E+03	 1.01173E+03
 1.87164E+03	 1.01147E+03
 1.87552E+03	 1.01020E+03
 1.87940E+03	 1.01063E+03
 1.88328E+03	 1.01503E+03
 1.88715E+03	 1.01507E+03
 1.89102E+03	 1.01347E+03
 1.89489E+03	 1.00963E+03
 1.89876E+03	 1.01150E+03
 1.90263E+03	 1.00943E+03
 1.90649E+03	 1.01577E+03
 1.91035E+03	 1.01260E+03
 1.91421E+03	 1.01413E+03
 1.91807E+03	 1.01133E+03
 1.92193E+03	 1.01257E+03
 1.92578E+03	 1.01370E+03
 1.92964E+03	 1.01097E+03
 1.93349E+03	 1.01057E+03
 1.93734E+03	 1.01417E+03
 1.94118E+03	 1.01123E+03
 1.94503E+03	 1.01647E+03
 1.94887E+03	 1.01100E+03
 1.95271E+03	 1.01010E+03
 1.95655E+03	 1.00967E+03
 1.96039E+03	 1.00900E+03
 1.96423E+03	 1.01533E+03
 1.96806E+03	 1.01337E+03
 1.97189E+03	 1.01150E+03
 1.97572E+03	 1.01253E+03
 1.97955E+03	 1.01450E+03
 1.98338E+03	 1.00987E+03
 1.98720E+03	 1.01407E+03
 1.99103E+03	 1.01123E+03
 1.99485E+03	 1.01283E+03
 1.99866E+03	 1.01173E+03
 2.00248E+03	 1.01387E+03
 2.00630E+03	 1.01310E+03
 2.01011E+03	 1.01190E+03
 2.01392E+03	 1.01163E+03
 2.01773E+03	 1.01467E+03
 2.02154E+03	 1.01213E+03
 2.02534E+03	 1.01083E+03
 2.02915E+03	 1.01270E+03
 2.03295E+03	 1.01273E+03
 2.03675E+03	 1.01467E+03
 2.04055E+03	 1.00883E+03
 2.04435E+03	 1.01050E+03
 2.04814E+03	 1.01530E+03
 2.05193E+03	 1.01427E+03
 2.05572E+03	 1.01540E+03
 2.05951E+03	 1.01040E+03
 2.06330E+03	 1.01090E+03
 2.06708E+03	 1.01543E+03
 2.07087E+03	 1.01117E+03
 2.07465E+03	 1.01593E+03
 2.07843E+03	 1.01307E+03
 2.08221E+03	 1.01590E+03
 2.08598E+03	 1.01637E+03
 2.08976E+03	 1.01203E+03
 2.09353E+03	 1.01303E+03
 2.09730E+03	 1.01113E+03
 2.10107E+03	 1.01153E+03
 2.10484E+03	 1.01403E+03
 2.10860E+03	 1.01220E+03
 2.11236E+03	 1.01357E+03
 2.11613E+03	 1.01253E+03
 2.11989E+03	 1.01593E+03
 2.12364E+03	 1.01620E+03
 2.12740E+03	 1.01613E+03
 2.13115E+03	 1.01803E+03
 2.13490E+03	 1.01350E+03
 2.13866E+03	 1.01687E+03
 2.14240E+03	 1.01587E+03
 2.14615E+03	 1.01470E+03
 2.14990E+03	 1.01730E+03
 2.15364E+03	 1.01950E+03
 2.15738E+03	 1.01483E+03
 2.16112E+03	 1.01650E+03
 2.16486E+03	 1.01410E+03
 2.16859E+03	 1.01230E+03
 2.17233E+03	 1.01597E+03
 2.17606E+03	 1.01727E+03
 2.17979E+03	 1.01203E+03
 2.18352E+03	 1.01563E+03
 2.18724E+03	 1.01433E+03
 2.19097E+03	 1.01787E+03
 2.19469E+03	 1.01197E+03
 2.19841E+03	 1.01220E+03
 2.20213E+03	 1.01290E+03
 2.20585E+03	 1.01063E+03
 2.20956E+03	 1.01143E+03
 2.21328E+03	 1.01483E+03
 2.21699E+03	 1.01523E+03
 2.22070E+03	 1.01463E+03
 2.22441E+03	 1.00807E+03
 2.22812E+03	 1.01433E+03
 2.23182E+03	 1.01247E+03
 2.23552E+03	 1.01183E+03
 2.23923E+03	 1.01270E+03
 2.24293E+03	 1.01377E+03
 2.24662E+03	 1.01053E+03
 2.25032E+03	 1.01530E+03
 2.25401E+03	 1.00990E+03
 2.25771E+03	 1.01293E+03
 2.26140E+03	 1.00870E+03
 2.26509E+03	 1.00870E+03
 2.26877E+03	 1.01077E+03
 2.27246E+03	 1.00970E+03
 2.27614E+03	 1.00863E+03
 2.27982E+03	 1.01010E+03
 2.28350E+03	 1.00877E+03
 2.28718E+03	 1.00910E+03
 2.29086E+03	 1.00557E+03
 2.29453E+03	 1.00540E+03
 2.29820E+03	 1.01110E+03
 2.30188E+03	 1.00900E+03
 2.30555E+03	 1.00997E+03
 2.30921E+03	 1.01557E+03
 2.31288E+03	 1.00997E+03
 2.31654E+03	 1.00890E+03
 2.32020E+03	 1.01047E+03
 2.32386E+03	 1.01353E+03
 2.32752E+03	 1.01660E+03
 2.33118E+03	 1.01187E+03
 2.33484E+03	 1.00967E+03
 2.33849E+03	 1.01567E+03
 2.34214E+03	 1.01527E+03
 2.34579E+03	 1.01437E+03
 2.34944E+03	 1.01407E+03
 2.35308E+03	 1.00927E+03
 2.35673E+03	 1.01023E+03
 2.36037E+03	 1.01460E+03
 2.36401E+03	 1.01617E+03
 2.36765E+03	 1.01800E+03
 2.37129E+03	 1.01677E+03
 2.37492E+03	 1.01650E+03
 2.37856E+03	 1.02233E+03
 2.38219E+03	 1.01883E+03
 2.38582E+03	 1.01847E+03
 2.38945E+03	 1.02103E+03
 2.39308E+03	 1.02070E+03
 2.39670E+03	 1.02253E+03
 2.40033E+03	 1.02217E+03
 2.40395E+03	 1.02000E+03
 2.40757E+03	 1.01987E+03
 2.41119E+03	 1.01803E+03
 2.41480E+03	 1.01910E+03
 2.41842E+03	 1.01913E+03
 2.42203E+03	 1.01453E+03
 2.42564E+03	 1.01450E+03
 2.42925E+03	 1.01950E+03
 2.43286E+03	 1.01657E+03
 2.43647E+03	 1.02123E+03
 2.44007E+03	 1.01887E+03
 2.44367E+03	 1.01463E+03
 2.44727E+03	 1.01857E+03
 2.45087E+03	 1.01960E+03
 2.45447E+03	 1.01963E+03
 2.45807E+03	 1.02210E+03
 2.46166E+03	 1.01743E+03
 2.46525E+03	 1.01940E+03
 2.46884E+03	 1.01867E+03
 2.47243E+03	 1.02160E+03
 2.47602E+03	 1.02200E+03
 2.47960E+03	 1.02357E+03
 2.48319E+03	 1.02103E+03
 2.48677E+03	 1.02677E+03
 2.49035E+03	 1.02493E+03
 2.49393E+03	 1.02560E+03
 2.49751E+03	 1.02310E+03
 2.50108E+03	 1.02380E+03
 2.50465E+03	 1.02830E+03
 2.50823E+03	 1.02780E+03
 2.51180E+03	 1.02877E+03
 2.51536E+03	 1.02933E+03
 2.51893E+03	 1.02953E+03
 2.52250E+03	 1.03447E+03
 2.52606E+03	 1.03740E+03
 2.52962E+03	 1.03597E+03
 2.53318E+03	 1.03730E+03
 2.53674E+03	 1.03920E+03
 2.54029E+03	 1.03787E+03
 2.54385E+03	 1.04217E+03
 2.54740E+03	 1.04180E+03
 2.55095E+03	 1.04243E+03
 2.55450E+03	 1.03627E+03
 2.55805E+03	 1.04333E+03
 2.56160E+03	 1.04173E+03
 2.56514E+03	 1.03997E+03
 2.56868E+03	 1.04763E+03
 2.57222E+03	 1.04277E+03
 2.57576E+03	 1.04447E+03
 2.57930E+03	 1.04403E+03
 2.58284E+03	 1.04647E+03
 2.58637E+03	 1.04520E+03
 2.58991E+03	 1.04317E+03
 2.59344E+03	 1.04150E+03
 2.59697E+03	 1.04410E+03
 2.60049E+03	 1.04703E+03
 2.60402E+03	 1.04607E+03
 2.60754E+03	 1.04483E+03
 2.61107E+03	 1.04657E+03
 2.61459E+03	 1.04770E+03
 2.61811E+03	 1.04980E+03
 2.62162E+03	 1.04260E+03
 2.62514E+03	 1.04270E+03
 2.62865E+03	 1.05653E+03
 2.63217E+03	 1.05367E+03
 2.63568E+03	 1.05277E+03
 2.63919E+03	 1.05907E+03
 2.64269E+03	 1.05607E+03
 2.64620E+03	 1.06047E+03
 2.64970E+03	 1.06317E+03
 2.65321E+03	 1.06503E+03
 2.65671E+03	 1.06607E+03
 2.66021E+03	 1.06843E+03
 2.66370E+03	 1.07117E+03
 2.66720E+03	 1.07160E+03
 2.67069E+03	 1.07503E+03
 2.67419E+03	 1.07937E+03
 2.67768E+03	 1.08333E+03
 2.68117E+03	 1.09737E+03
 2.68466E+03	 1.09623E+03
 2.68814E+03	 1.09707E+03
 2.69163E+03	 1.10313E+03
 2.69511E+03	 1.10720E+03
 2.69859E+03	 1.10820E+03
 2.70207E+03	 1.12447E+03
 2.70555E+03	 1.12487E+03
 2.70902E+03	 1.12387E+03
 2.71250E+03	 1.13723E+03
 2.71597E+03	 1.15220E+03
 2.71944E+03	 1.15890E+03
 2.72291E+03	 1.17123E+03
 2.72638E+03	 1.18297E+03
 2.72984E+03	 1.18733E+03
 2.73331E+03	 1.20707E+03
 2.73677E+03	 1.21673E+03
 2.74023E+03	 1.22967E+03
 2.74369E+03	 1.23773E+03
 2.74715E+03	 1.25820E+03
 2.75061E+03	 1.26813E+03
 2.75406E+03	 1.27153E+03
 2.75752E+03	 1.26570E+03
 2.76097E+03	 1.26473E+03
 2.76442E+03	 1.27060E+03
 2.76786E+03	 1.26570E+03
 2.77131E+03	 1.26737E+03
 2.77476E+03	 1.27687E+03
 2.77820E+03	 1.25633E+03
 2.78164E+03	 1.26457E+03
 2.78508E+03	 1.26253E+03
 2.78852E+03	 1.25617E+03
 2.79196E+03	 1.27207E+03
 2.79539E+03	 1.28280E+03
 2.79883E+03	 1.26860E+03
 2.80226E+03	 1.27960E+03
 2.80569E+03	 1.29013E+03
 2.80912E+03	 1.31107E+03
 2.81254E+03	 1.32783E+03
 2.81597E+03	 1.35313E+03
 2.81939E+03	 1.36447E+03
 2.82282E+03	 1.38133E+03
 2.82624E+03	 1.40303E+03
 2.82966E+03	 1.42507E+03
 2.83307E+03	 1.45577E+03
 2.83649E+03	 1.50927E+03
 2.83990E+03	 1.53803E+03
 2.84332E+03	 1.54783E+03
 2.84673E+03	 1.60747E+03
 2.85014E+03	 1.66933E+03
 2.85354E+03	 1.71763E+03
 2.85695E+03	 1.78920E+03
 2.86036E+03	 1.83587E+03
 2.86376E+03	 1.92887E+03
 2.86716E+03	 1.99283E+03
 2.87056E+03	 2.11077E+03
 2.87396E+03	 2.21907E+03
 2.87736E+03	 2.38830E+03
 2.88075E+03	 2.56553E+03
 2.88414E+03	 2.73037E+03
 2.88754E+03	 2.97497E+03
 2.89093E+03	 3.09793E+03
 2.89431E+03	 3.24590E+03
 2.89770E+03	 3.42953E+03
 2.90109E+03	 3.39673E+03
 2.90447E+03	 3.43693E+03
 2.90785E+03	 3.32353E+03
 2.91123E+03	 3.22823E+03
 2.91461E+03	 3.21020E+03
 2.91799E+03	 3.13937E+03
 2.92137E+03	 3.14017E+03
 2.92474E+03	 3.12220E+03
 2.92811E+03	 3.10900E+03
 2.93149E+03	 3.09213E+03
 2.93486E+03	 3.16883E+03
 2.93822E+03	 3.23437E+03
 2.94159E+03	 3.27503E+03
 2.94496E+03	 3.33160E+03
 2.94832E+03	 3.37890E+03
 2.95168E+03	 3.35577E+03
 2.95504E+03	 3.37487E+03
 2.95840E+03	 3.33867E+03
 2.96176E+03	 3.33630E+03
 2.96511E+03	 3.28773E+03
 2.96847E+03	 3.19623E+03
 2.97182E+03	 2.98770E+03
 2.97517E+03	 2.89093E+03
 2.97852E+03	 2.79050E+03
 2.98187E+03	 2.66500E+03
 2.98521E+03	 2.47647E+03
 2.98856E+03	 2.29590E+03
 2.99190E+03	 2.08237E+03
 2.99524E+03	 1.92343E+03
 2.99858E+03	 1.79230E+03
 3.00192E+03	 1.66723E+03
 3.00526E+03	 1.55497E+03
 3.00859E+03	 1.46840E+03
 3.01193E+03	 1.40563E+03
 3.01526E+03	 1.35530E+03
 3.01859E+03	 1.30310E+03
 3.02192E+03	 1.27303E+03
 3.02525E+03	 1.24197E+03
 3.02857E+03	 1.22293E+03
 3.03190E+03	 1.19797E+03
 3.03522E+03	 1.18687E+03
 3.03854E+03	 1.17403E+03
 3.04186E+03	 1.16453E+03
 3.04518E+03	 1.15360E+03
 3.04850E+03	 1.15107E+03
 3.05181E+03	 1.14807E+03
 3.05512E+03	 1.13697E+03
 3.05844E+03	 1.13327E+03
 3.06175E+03	 1.13390E+03
 3.06506E+03	 1.13363E+03
 3.06836E+03	 1.12557E+03
 3.07167E+03	 1.13590E+03
 3.07497E+03	 1.13247E+03
 3.07828E+03	 1.13553E+03
 3.08158E+03	 1.13187E+03
 3.08488E+03	 1.12877E+03
 3.08818E+03	 1.13050E+03
 3.09147E+03	 1.13190E+03
 3.09477E+03	 1.14110E+03
 3.09806E+03	 1.13280E+03
 3.10135E+03	 1.14230E+03
 3.10464E+03	 1.13453E+03
 3.10793E+03	 1.14450E+03
 3.11122E+03	 1.14970E+03
 3.11451E+03	 1.15260E+03
 3.11779E+03	 1.16177E+03
 3.12107E+03	 1.15700E+03
 3.12436E+03	 1.16433E+03
 3.12764E+03	 1.17080E+03
 3.13091E+03	 1.17257E+03
 3.13419E+03	 1.17837E+03
 3.13747E+03	 1.17810E+03
 3.14074E+03	 1.18730E+03
 3.14401E+03	 1.20050E+03
 3.14728E+03	 1.21137E+03
 3.15055E+03	 1.21047E+03
 3.15382E+03	 1.21417E+03
 3.15709E+03	 1.22197E+03
 3.16035E+03	 1.23160E+03
 3.16362E+03	 1.23060E+03
 3.16688E+03	 1.23597E+03
 3.17014E+03	 1.24357E+03
 3.17340E+03	 1.24820E+03
 3.17665E+03	 1.25400E+03
 3.17991E+03	 1.26420E+03
 3.18316E+03	 1.27477E+03
 3.18642E+03	 1.28350E+03
 3.18967E+03	 1.28547E+03
 3.19292E+03	 1.28347E+03
 3.19617E+03	 1.29077E+03
 3.19941E+03	 1.30143E+03
 3.20266E+03	 1.30987E+03
 3.20590E+03	 1.31800E+03
 3.20914E+03	 1.32913E+03
 3.21238E+03	 1.31113E+03
 3.21562E+03	 1.33370E+03
 3.21886E+03	 1.35463E+03
 3.22210E+03	 1.35327E+03
 3.22533E+03	 1.34753E+03
 3.22857E+03	 1.35877E+03
 3.23180E+03	 1.37083E+03
 3.23503E+03	 1.37573E+03
 3.23826E+03	 1.38010E+03
 3.24148E+03	 1.40300E+03
 3.24471E+03	 1.41297E+03
 3.24793E+03	 1.40210E+03
 3.25116E+03	 1.39787E+03
 3.25438E+03	 1.40753E+03
 3.25760E+03	 1.43700E+03
 3.26082E+03	 1.42933E+03
 3.26403E+03	 1.42003E+03
 3.26725E+03	 1.43060E+03
 3.27046E+03	 1.44120E+03
 3.27368E+03	 1.43240E+03
 3.27689E+03	 1.43010E+03
 3.28010E+03	 1.44537E+03
 3.28331E+03	 1.43903E+03
 3.28651E+03	 1.44140E+03
 3.28972E+03	 1.46187E+03
 3.29292E+03	 1.45527E+03
 3.29612E+03	 1.44467E+03
 3.29932E+03	 1.45800E+03
 3.30252E+03	 1.47690E+03
 3.30572E+03	 1.47260E+03
 3.30892E+03	 1.47327E+03
 3.31211E+03	 1.48730E+03
 3.31531E+03	 1.48350E+03
 3.31850E+03	 1.45963E+03
 3.32169E+03	 1.47800E+03
 3.32488E+03	 1.49747E+03
 3.32807E+03	 1.49127E+03
 3.33125E+03	 1.49277E+03
 3.33444E+03	 1.47390E+03
 3.33762E+03	 1.47143E+03
 3.34080E+03	 1.48467E+03
 3.34398E+03	 1.50003E+03
 3.34716E+03	 1.47033E+03
 3.35034E+03	 1.50300E+03
 3.35351E+03	 1.51793E+03
 3.35669E+03	 1.51020E+03
 3.35986E+03	 1.49783E+03
 3.36303E+03	 1.49673E+03
 3.36620E+03	 1.50870E+03
 3.36937E+03	 1.49043E+03
 3.37254E+03	 1.51203E+03
 3.37570E+03	 1.50843E+03
 3.37887E+03	 1.50493E+03
 3.38203E+03	 1.50060E+03
 3.38519E+03	 1.50430E+03
 3.38835E+03	 1.52997E+03
 3.39151E+03	 1.50477E+03
 3.39467E+03	 1.50797E+03
 3.39782E+03	 1.48810E+03
 3.40098E+03	 1.48573E+03
 3.40413E+03	 1.51310E+03
 3.40728E+03	 1.53440E+03
 3.41043E+03	 1.49687E+03
 3.41358E+03	 1.48743E+03
 3.41673E+03	 1.49597E+03
 3.41987E+03	 1.47483E+03
 3.42302E+03	 1.47633E+03
 3.42616E+03	 1.49023E+03
 3.42930E+03	 1.47953E+03
 3.43244E+03	 1.48367E+03
 3.43558E+03	 1.45450E+03
 3.43872E+03	 1.47063E+03
 3.44185E+03	 1.44437E+03
 3.44499E+03	 1.45000E+03
 3.44812E+03	 1.43170E+03
 3.45125E+03	 1.42860E+03
 3.45438E+03	 1.46203E+03
 3.45751E+03	 1.45203E+03
 3.46064E+03	 1.42107E+03
 3.46376E+03	 1.42493E+03
 3.46689E+03	 1.41533E+03
 3.47001E+03	 1.42337E+03
 3.47313E+03	 1.43013E+03
 3.47625E+03	 1.38747E+03
 3.47937E+03	 1.36937E+03
 3.48249E+03	 1.34787E+03
 3.48560E+03	 1.35590E+03
 3.48872E+03	 1.36340E+03
 3.49183E+03	 1.35847E+03
 3.49494E+03	 1.33673E+03
 3.49805E+03	 1.33807E+03
 3.50116E+03	 1.30170E+03
 3.50427E+03	 1.31910E+03
 3.50737E+03	 1.30453E+03
 3.51048E+03	 1.30050E+03
 3.51358E+03	 1.29933E+03
 3.51668E+03	 1.27770E+03
 3.51978E+03	 1.26593E+03
 3.52288E+03	 1.26383E+03
 3.52598E+03	 1.24020E+03
 3.52907E+03	 1.22383E+03
 3.53217E+03	 1.22687E+03
 3.53526E+03	 1.22163E+03
 3.53835E+03	 1.21797E+03
 3.54144E+03	 1.19293E+03
 3.54453E+03	 1.18630E+03
 3.54762E+03	 1.18913E+03
 3.55071E+03	 1.19033E+03
 3.55379E+03	 1.18867E+03
 3.55687E+03	 1.17193E+03
 3.55996E+03	 1.15880E+03
 3.56304E+03	 1.15240E+03
 3.56612E+03	 1.13793E+03
 3.56919E+03	 1.13430E+03
 3.57227E+03	 1.13230E+03
 3.57535E+03	 1.12273E+03
 3.57842E+03	 1.12367E+03
 3.58149E+03	 1.11600E+03
 3.58456E+03	 1.11227E+03
 3.58763E+03	 1.09353E+03
 3.59070E+03	 1.08853E+03
 3.59377E+03	 1.09247E+03
 3.59683E+03	 1.08447E+03
 3.59990E+03	 1.07060E+03
 3.60296E+03	 1.06833E+03
 3.60602E+03	 1.06710E+03
 3.60908E+03	 1.06523E+03
 3.61214E+03	 1.05043E+03
 3.61519E+03	 1.04283E+03
 3.61825E+03	 1.04767E+03
 3.62130E+03	 1.03517E+03
 3.62436E+03	 1.02663E+03
 3.62741E+03	 1.02260E+03
 3.63046E+03	 1.02253E+03
 3.63351E+03	 1.01803E+03
 3.63656E+03	 1.01480E+03
 3.63960E+03	 1.00400E+03
 3.64265E+03	 1.00553E+03
 3.64569E+03	 1.00247E+03
 3.64873E+03	 1.00157E+03
 3.65177E+03	 9.93900E+02
 3.65481E+03	 9.89467E+02
 3.65785E+03	 9.84000E+02
 3.66089E+03	 9.83667E+02
 3.66392E+03	 9.85600E+02
 3.66695E+03	 9.82733E+02
 3.66999E+03	 9.72367E+02
 3.67302E+03	 9.73167E+02
 3.67605E+03	 9.70433E+02
 3.67908E+03	 9.68900E+02
 3.68210E+03	 9.67267E+02
 3.68513E+03	 9.66100E+02
 3.68815E+03	 9.66167E+02
 3.69117E+03	 9.67033E+02
 3.69420E+03	 9.66733E+02
 3.69722E+03	 9.60033E+02
 3.70023E+03	 9.61367E+02
 3.70325E+03	 9.58800E+02
 3.70627E+03	 9.59733E+02
 3.70928E+03	 9.58667E+02
 3.71230E+03	 9.55667E+02
 3.71531E+03	 9.56867E+02
 3.71832E+03	 9.55767E+02
 3.72133E+03	 9.55900E+02
 3.72434E+03	 9.52167E+02
 3.72734E+03	 9.53000E+02
 3.73035E+03	 9.48400E+02
 3.73335E+03	 9.52433E+02
 3.73635E+03	 9.50633E+02
 3.73936E+03	 9.49633E+02
 3.74236E+03	 9.49267E+02
 3.74535E+03	 9.51333E+02
 3.74835E+03	 9.47233E+02
 3.75135E+03	 9.45867E+02
 3.75434E+03	 9.45400E+02
 3.75733E+03	 9.46967E+02
 3.76033E+03	 9.41800E+02
 3.76332E+03	 9.46133E+02
 3.76631E+03	 9.46600E+02
 3.76929E+03	 9.49800E+02
 3.77228E+03	 9.43967E+02
 3.77527E+03	 9.44967E+02
 3.77825E+03	 9.42633E+02
 3.78123E+03	 9.41833E+02
 3.78421E+03	 9.47667E+02
 3.78719E+03	 9.43200E+02
