-1.40382E+02	 9.07133E+02
-1.35457E+02	 9.09100E+02
-1.30535E+02	 9.07367E+02
-1.25616E+02	 9.07967E+02
-1.20700E+02	 9.09133E+02
-1.15786E+02	 9.07633E+02
-1.10875E+02	 9.08833E+02
-1.05967E+02	 9.08967E+02
-1.01061E+02	 9.07300E+02
-9.61580E+01	 9.08800E+02
-9.12576E+01	 9.09167E+02
-8.63599E+01	 9.07867E+02
-8.14648E+01	 9.10067E+02
-7.65724E+01	 9.08333E+02
-7.16827E+01	 9.08900E+02
-6.67956E+01	 9.11467E+02
-6.19111E+01	 9.10067E+02
-5.70293E+01	 9.10067E+02
-5.21502E+01	 9.11333E+02
-4.72737E+01	 9.10867E+02
-4.23998E+01	 9.11533E+02
-3.75286E+01	 9.12200E+02
-3.26600E+01	 9.12567E+02
-2.77941E+01	 9.13367E+02
-2.29308E+01	 9.15833E+02
-1.80701E+01	 9.17267E+02
-1.32121E+01	 9.22067E+02
-8.35667E+00	 9.26800E+02
-3.50389E+00	 9.36533E+02
 1.34626E+00	 9.89400E+02
 6.19379E+00	 1.64197E+03
 1.10387E+01	 6.12150E+03
 1.58810E+01	 9.22630E+03
 2.07207E+01	 4.39283E+03
 2.55577E+01	 1.20827E+03
 3.03922E+01	 9.47567E+02
 3.52240E+01	 9.27367E+02
 4.00532E+01	 9.19867E+02
 4.48798E+01	 9.17133E+02
 4.97038E+01	 9.16600E+02
 5.45252E+01	 9.15800E+02
 5.93440E+01	 9.14133E+02
 6.41602E+01	 9.15667E+02
 6.89738E+01	 9.21033E+02
 7.37848E+01	 9.38267E+02
 7.85932E+01	 9.97867E+02
 8.33991E+01	 1.16723E+03
 8.82023E+01	 1.46920E+03
 9.30029E+01	 1.77213E+03
 9.78010E+01	 1.89540E+03
 1.02596E+02	 1.91563E+03
 1.07389E+02	 1.95763E+03
 1.12180E+02	 1.91013E+03
 1.16967E+02	 1.89570E+03
 1.21753E+02	 1.83300E+03
 1.26535E+02	 1.75913E+03
 1.31315E+02	 1.74380E+03
 1.36093E+02	 1.74447E+03
 1.40867E+02	 1.71577E+03
 1.45640E+02	 1.65907E+03
 1.50409E+02	 1.62553E+03
 1.55177E+02	 1.59943E+03
 1.59941E+02	 1.57347E+03
 1.64703E+02	 1.57063E+03
 1.69463E+02	 1.55253E+03
 1.74220E+02	 1.52783E+03
 1.78974E+02	 1.49783E+03
 1.83726E+02	 1.48077E+03
 1.88475E+02	 1.45790E+03
 1.93222E+02	 1.43147E+03
 1.97966E+02	 1.42697E+03
 2.02708E+02	 1.40780E+03
 2.07447E+02	 1.42297E+03
 2.12184E+02	 1.41540E+03
 2.16918E+02	 1.39127E+03
 2.21649E+02	 1.37147E+03
 2.26378E+02	 1.36403E+03
 2.31105E+02	 1.35177E+03
 2.35829E+02	 1.33717E+03
 2.40550E+02	 1.33537E+03
 2.45269E+02	 1.30533E+03
 2.49985E+02	 1.30883E+03
 2.54699E+02	 1.29587E+03
 2.59410E+02	 1.28407E+03
 2.64119E+02	 1.30073E+03
 2.68825E+02	 1.29403E+03
 2.73529E+02	 1.28347E+03
 2.78230E+02	 1.26953E+03
 2.82929E+02	 1.26800E+03
 2.87625E+02	 1.26513E+03
 2.92319E+02	 1.25570E+03
 2.97010E+02	 1.25367E+03
 3.01699E+02	 1.24547E+03
 3.06385E+02	 1.24650E+03
 3.11069E+02	 1.25137E+03
 3.15750E+02	 1.24690E+03
 3.20428E+02	 1.24367E+03
 3.25105E+02	 1.23723E+03
 3.29778E+02	 1.24150E+03
 3.34450E+02	 1.24150E+03
 3.39118E+02	 1.23717E+03
 3.43785E+02	 1.23740E+03
 3.48448E+02	 1.24553E+03
 3.53110E+02	 1.23573E+03
 3.57768E+02	 1.22887E+03
 3.62425E+02	 1.22563E+03
 3.67079E+02	 1.21997E+03
 3.71730E+02	 1.20860E+03
 3.76379E+02	 1.19750E+03
 3.81025E+02	 1.20280E+03
 3.85669E+02	 1.21310E+03
 3.90311E+02	 1.22827E+03
 3.94950E+02	 1.23143E+03
 3.99586E+02	 1.24750E+03
 4.04220E+02	 1.24193E+03
 4.08852E+02	 1.23780E+03
 4.13481E+02	 1.27657E+03
 4.18108E+02	 1.30770E+03
 4.22732E+02	 1.36247E+03
 4.27354E+02	 1.40740E+03
 4.31973E+02	 1.44787E+03
 4.36590E+02	 1.44593E+03
 4.41205E+02	 1.40753E+03
 4.45817E+02	 1.35617E+03
 4.50426E+02	 1.33877E+03
 4.55034E+02	 1.30110E+03
 4.59638E+02	 1.27060E+03
 4.64241E+02	 1.25267E+03
 4.68840E+02	 1.25963E+03
 4.73438E+02	 1.25493E+03
 4.78033E+02	 1.27763E+03
 4.82625E+02	 1.33310E+03
 4.87215E+02	 1.41097E+03
 4.91803E+02	 1.50597E+03
 4.96388E+02	 1.59550E+03
 5.00971E+02	 1.66087E+03
 5.05552E+02	 1.66107E+03
 5.10129E+02	 1.59173E+03
 5.14705E+02	 1.52393E+03
 5.19278E+02	 1.43217E+03
 5.23849E+02	 1.33543E+03
 5.28417E+02	 1.29117E+03
 5.32983E+02	 1.25207E+03
 5.37547E+02	 1.23127E+03
 5.42108E+02	 1.21933E+03
 5.46666E+02	 1.22197E+03
 5.51223E+02	 1.21823E+03
 5.55777E+02	 1.23573E+03
 5.60328E+02	 1.25770E+03
 5.64877E+02	 1.26677E+03
 5.69424E+02	 1.26730E+03
 5.73968E+02	 1.25787E+03
 5.78510E+02	 1.23450E+03
 5.83049E+02	 1.22733E+03
 5.87587E+02	 1.22450E+03
 5.92121E+02	 1.21050E+03
 5.96654E+02	 1.19830E+03
 6.01184E+02	 1.19503E+03
 6.05711E+02	 1.18710E+03
 6.10236E+02	 1.17860E+03
 6.14759E+02	 1.17667E+03
 6.19280E+02	 1.17153E+03
 6.23798E+02	 1.17647E+03
 6.28313E+02	 1.18180E+03
 6.32827E+02	 1.17190E+03
 6.37338E+02	 1.18403E+03
 6.41846E+02	 1.18400E+03
 6.46352E+02	 1.17907E+03
 6.50856E+02	 1.18367E+03
 6.55358E+02	 1.20350E+03
 6.59857E+02	 1.21323E+03
 6.64354E+02	 1.23820E+03
 6.68848E+02	 1.24187E+03
 6.73340E+02	 1.25407E+03
 6.77830E+02	 1.27907E+03
 6.82317E+02	 1.29920E+03
 6.86802E+02	 1.31723E+03
 6.91285E+02	 1.34073E+03
 6.95765E+02	 1.34933E+03
 7.00243E+02	 1.31660E+03
 7.04718E+02	 1.28340E+03
 7.09192E+02	 1.23377E+03
 7.13663E+02	 1.20727E+03
 7.18131E+02	 1.19443E+03
 7.22597E+02	 1.18240E+03
 7.27061E+02	 1.17820E+03
 7.31523E+02	 1.17387E+03
 7.35982E+02	 1.16823E+03
 7.40439E+02	 1.15680E+03
 7.44894E+02	 1.15943E+03
 7.49346E+02	 1.15867E+03
 7.53796E+02	 1.15760E+03
 7.58243E+02	 1.15830E+03
 7.62689E+02	 1.16133E+03
 7.67132E+02	 1.16763E+03
 7.71572E+02	 1.15733E+03
 7.76011E+02	 1.16340E+03
 7.80447E+02	 1.16397E+03
 7.84880E+02	 1.17050E+03
 7.89312E+02	 1.17237E+03
 7.93741E+02	 1.18687E+03
 7.98167E+02	 1.19930E+03
 8.02592E+02	 1.20650E+03
 8.07014E+02	 1.22127E+03
 8.11434E+02	 1.22590E+03
 8.15851E+02	 1.22197E+03
 8.20267E+02	 1.26260E+03
 8.24680E+02	 1.32673E+03
 8.29090E+02	 1.45670E+03
 8.33499E+02	 1.55423E+03
 8.37905E+02	 1.60973E+03
 8.42309E+02	 1.63413E+03
 8.46710E+02	 1.59100E+03
 8.51109E+02	 1.58257E+03
 8.55506E+02	 1.68460E+03
 8.59901E+02	 1.81830E+03
 8.64293E+02	 2.00920E+03
 8.68683E+02	 2.07357E+03
 8.73071E+02	 2.03203E+03
 8.77456E+02	 1.94790E+03
 8.81840E+02	 1.84400E+03
 8.86221E+02	 1.69560E+03
 8.90599E+02	 1.56740E+03
 8.94976E+02	 1.45237E+03
 8.99350E+02	 1.34187E+03
 9.03722E+02	 1.27177E+03
 9.08091E+02	 1.24960E+03
 9.12459E+02	 1.26137E+03
 9.16824E+02	 1.30210E+03
 9.21187E+02	 1.37063E+03
 9.25547E+02	 1.44233E+03
 9.29905E+02	 1.51467E+03
 9.34261E+02	 1.57703E+03
 9.38615E+02	 1.64537E+03
 9.42967E+02	 1.67120E+03
 9.47316E+02	 1.60460E+03
 9.51663E+02	 1.52370E+03
 9.56008E+02	 1.40537E+03
 9.60350E+02	 1.29500E+03
 9.64691E+02	 1.22290E+03
 9.69029E+02	 1.20907E+03
 9.73364E+02	 1.20983E+03
 9.77698E+02	 1.21980E+03
 9.82029E+02	 1.25120E+03
 9.86358E+02	 1.30280E+03
 9.90685E+02	 1.36267E+03
 9.95010E+02	 1.37917E+03
 9.99332E+02	 1.36117E+03
 1.00365E+03	 1.30693E+03
 1.00797E+03	 1.26603E+03
 1.01229E+03	 1.23167E+03
 1.01660E+03	 1.22730E+03
 1.02091E+03	 1.23003E+03
 1.02522E+03	 1.22897E+03
 1.02953E+03	 1.26330E+03
 1.03383E+03	 1.29090E+03
 1.03813E+03	 1.35267E+03
 1.04243E+03	 1.42433E+03
 1.04673E+03	 1.52537E+03
 1.05103E+03	 1.66180E+03
 1.05532E+03	 1.79097E+03
 1.05961E+03	 1.93627E+03
 1.06390E+03	 2.04907E+03
 1.06819E+03	 2.11787E+03
 1.07247E+03	 2.13557E+03
 1.07676E+03	 2.13263E+03
 1.08104E+03	 2.11200E+03
 1.08531E+03	 2.07787E+03
 1.08959E+03	 1.98837E+03
 1.09386E+03	 1.93307E+03
 1.09813E+03	 1.90617E+03
 1.10240E+03	 1.85477E+03
 1.10667E+03	 1.86900E+03
 1.11094E+03	 1.83947E+03
 1.11520E+03	 1.82583E+03
 1.11946E+03	 1.80613E+03
 1.12372E+03	 1.80107E+03
 1.12797E+03	 1.84033E+03
 1.13223E+03	 1.77080E+03
 1.13648E+03	 1.73977E+03
 1.14073E+03	 1.62180E+03
 1.14498E+03	 1.49970E+03
 1.14922E+03	 1.38687E+03
 1.15347E+03	 1.29143E+03
 1.15771E+03	 1.24827E+03
 1.16194E+03	 1.22237E+03
 1.16618E+03	 1.19580E+03
 1.17042E+03	 1.18693E+03
 1.17465E+03	 1.18797E+03
 1.17888E+03	 1.17953E+03
 1.18311E+03	 1.18353E+03
 1.18733E+03	 1.18720E+03
 1.19156E+03	 1.19717E+03
 1.19578E+03	 1.20280E+03
 1.20000E+03	 1.20880E+03
 1.20421E+03	 1.23617E+03
 1.20843E+03	 1.26287E+03
 1.21264E+03	 1.29053E+03
 1.21685E+03	 1.31910E+03
 1.22106E+03	 1.34993E+03
 1.22527E+03	 1.37277E+03
 1.22947E+03	 1.40130E+03
 1.23367E+03	 1.41663E+03
 1.23787E+03	 1.44240E+03
 1.24207E+03	 1.45137E+03
 1.24627E+03	 1.47047E+03
 1.25046E+03	 1.51533E+03
 1.25465E+03	 1.55133E+03
 1.25884E+03	 1.58970E+03
 1.26303E+03	 1.60840E+03
 1.26721E+03	 1.62843E+03
 1.27140E+03	 1.64100E+03
 1.27558E+03	 1.64767E+03
 1.27975E+03	 1.62477E+03
 1.28393E+03	 1.59930E+03
 1.28811E+03	 1.59930E+03
 1.29228E+03	 1.60583E+03
 1.29645E+03	 1.54533E+03
 1.30062E+03	 1.53643E+03
 1.30478E+03	 1.51537E+03
 1.30895E+03	 1.49400E+03
 1.31311E+03	 1.48297E+03
 1.31727E+03	 1.49477E+03
 1.32142E+03	 1.49260E+03
 1.32558E+03	 1.49257E+03
 1.32973E+03	 1.50353E+03
 1.33388E+03	 1.51520E+03
 1.33803E+03	 1.52120E+03
 1.34218E+03	 1.51070E+03
 1.34632E+03	 1.50633E+03
 1.35047E+03	 1.50063E+03
 1.35461E+03	 1.50947E+03
 1.35875E+03	 1.50983E+03
 1.36288E+03	 1.54327E+03
 1.36702E+03	 1.55773E+03
 1.37115E+03	 1.54477E+03
 1.37528E+03	 1.52263E+03
 1.37941E+03	 1.50440E+03
 1.38353E+03	 1.47847E+03
 1.38766E+03	 1.47090E+03
 1.39178E+03	 1.47160E+03
 1.39590E+03	 1.44500E+03
 1.40001E+03	 1.43440E+03
 1.40413E+03	 1.45260E+03
 1.40824E+03	 1.43093E+03
 1.41235E+03	 1.41803E+03
 1.41646E+03	 1.43337E+03
 1.42057E+03	 1.43800E+03
 1.42468E+03	 1.42790E+03
 1.42878E+03	 1.41453E+03
 1.43288E+03	 1.41233E+03
 1.43698E+03	 1.41577E+03
 1.44107E+03	 1.40487E+03
 1.44517E+03	 1.39260E+03
 1.44926E+03	 1.39083E+03
 1.45335E+03	 1.39493E+03
 1.45744E+03	 1.41557E+03
 1.46153E+03	 1.48277E+03
 1.46561E+03	 1.58987E+03
 1.46969E+03	 1.75093E+03
 1.47377E+03	 1.90653E+03
 1.47785E+03	 2.04903E+03
 1.48193E+03	 2.12820E+03
 1.48600E+03	 2.10557E+03
 1.49007E+03	 1.97443E+03
 1.49414E+03	 1.79517E+03
 1.49821E+03	 1.60247E+03
 1.50228E+03	 1.44310E+03
 1.50634E+03	 1.31863E+03
 1.51040E+03	 1.24180E+03
 1.51446E+03	 1.19153E+03
 1.51852E+03	 1.16407E+03
 1.52258E+03	 1.15110E+03
 1.52663E+03	 1.14617E+03
 1.53068E+03	 1.13750E+03
 1.53473E+03	 1.13123E+03
 1.53878E+03	 1.12487E+03
 1.54282E+03	 1.12423E+03
 1.54687E+03	 1.11500E+03
 1.55091E+03	 1.11670E+03
 1.55495E+03	 1.11463E+03
 1.55899E+03	 1.11113E+03
 1.56302E+03	 1.11313E+03
 1.56705E+03	 1.10880E+03
 1.57109E+03	 1.11197E+03
 1.57512E+03	 1.11373E+03
 1.57914E+03	 1.10147E+03
 1.58317E+03	 1.10887E+03
 1.58719E+03	 1.10613E+03
 1.59121E+03	 1.09823E+03
 1.59523E+03	 1.10407E+03
 1.59925E+03	 1.09970E+03
 1.60326E+03	 1.09967E+03
 1.60728E+03	 1.10050E+03
 1.61129E+03	 1.09700E+03
 1.61530E+03	 1.10350E+03
 1.61930E+03	 1.10293E+03
 1.62331E+03	 1.09407E+03
 1.62731E+03	 1.09153E+03
 1.63131E+03	 1.09600E+03
 1.63531E+03	 1.09630E+03
 1.63931E+03	 1.09110E+03
 1.64330E+03	 1.08850E+03
 1.64730E+03	 1.09670E+03
 1.65129E+03	 1.09243E+03
 1.65528E+03	 1.09097E+03
 1.65926E+03	 1.09773E+03
 1.66325E+03	 1.09223E+03
 1.66723E+03	 1.09723E+03
 1.67121E+03	 1.08900E+03
 1.67519E+03	 1.08563E+03
 1.67917E+03	 1.08587E+03
 1.68314E+03	 1.08390E+03
 1.68712E+03	 1.08673E+03
 1.69109E+03	 1.08403E+03
 1.69506E+03	 1.08187E+03
 1.69903E+03	 1.08307E+03
 1.70299E+03	 1.08033E+03
 1.70695E+03	 1.07860E+03
 1.71092E+03	 1.07123E+03
 1.71487E+03	 1.07347E+03
 1.71883E+03	 1.07233E+03
 1.72279E+03	 1.07270E+03
 1.72674E+03	 1.06220E+03
 1.73069E+03	 1.06890E+03
 1.73464E+03	 1.06260E+03
 1.73859E+03	 1.05840E+03
 1.74253E+03	 1.06870E+03
 1.74648E+03	 1.06790E+03
 1.75042E+03	 1.06617E+03
 1.75436E+03	 1.06383E+03
 1.75830E+03	 1.06227E+03
 1.76223E+03	 1.06280E+03
 1.76617E+03	 1.06147E+03
 1.77010E+03	 1.06243E+03
 1.77403E+03	 1.06137E+03
 1.77796E+03	 1.05743E+03
 1.78188E+03	 1.05990E+03
 1.78581E+03	 1.06387E+03
 1.78973E+03	 1.05860E+03
 1.79365E+03	 1.05643E+03
 1.79757E+03	 1.06303E+03
 1.80148E+03	 1.05887E+03
 1.80540E+03	 1.05443E+03
 1.80931E+03	 1.05417E+03
 1.81322E+03	 1.05630E+03
 1.81713E+03	 1.05777E+03
 1.82104E+03	 1.06177E+03
 1.82494E+03	 1.05650E+03
 1.82884E+03	 1.05427E+03
 1.83274E+03	 1.05753E+03
 1.83664E+03	 1.05467E+03
 1.84054E+03	 1.05183E+03
 1.84443E+03	 1.05243E+03
 1.84833E+03	 1.05493E+03
 1.85222E+03	 1.05477E+03
 1.85611E+03	 1.05440E+03
 1.85999E+03	 1.05420E+03
 1.86388E+03	 1.04687E+03
 1.86776E+03	 1.05243E+03
 1.87164E+03	 1.05190E+03
 1.87552E+03	 1.05280E+03
 1.87940E+03	 1.05273E+03
 1.88328E+03	 1.05443E+03
 1.88715E+03	 1.05063E+03
 1.89102E+03	 1.04697E+03
 1.89489E+03	 1.05247E+03
 1.89876E+03	 1.05633E+03
 1.90263E+03	 1.05540E+03
 1.90649E+03	 1.04640E+03
 1.91035E+03	 1.05297E+03
 1.91421E+03	 1.04890E+03
 1.91807E+03	 1.05333E+03
 1.92193E+03	 1.04770E+03
 1.92578E+03	 1.05763E+03
 1.92964E+03	 1.05280E+03
 1.93349E+03	 1.04983E+03
 1.93734E+03	 1.05437E+03
 1.94118E+03	 1.04703E+03
 1.94503E+03	 1.05407E+03
 1.94887E+03	 1.05130E+03
 1.95271E+03	 1.05097E+03
 1.95655E+03	 1.05157E+03
 1.96039E+03	 1.05227E+03
 1.96423E+03	 1.05000E+03
 1.96806E+03	 1.04897E+03
 1.97189E+03	 1.04977E+03
 1.97572E+03	 1.05043E+03
 1.97955E+03	 1.05117E+03
 1.98338E+03	 1.04760E+03
 1.98720E+03	 1.04543E+03
 1.99103E+03	 1.04920E+03
 1.99485E+03	 1.05260E+03
 1.99866E+03	 1.05187E+03
 2.00248E+03	 1.04990E+03
 2.00630E+03	 1.04693E+03
 2.01011E+03	 1.05130E+03
 2.01392E+03	 1.05110E+03
 2.01773E+03	 1.04647E+03
 2.02154E+03	 1.05187E+03
 2.02534E+03	 1.04863E+03
 2.02915E+03	 1.05343E+03
 2.03295E+03	 1.05347E+03
 2.03675E+03	 1.05337E+03
 2.04055E+03	 1.04863E+03
 2.04435E+03	 1.05407E+03
 2.04814E+03	 1.05327E+03
 2.05193E+03	 1.05210E+03
 2.05572E+03	 1.05137E+03
 2.05951E+03	 1.05500E+03
 2.06330E+03	 1.05003E+03
 2.06708E+03	 1.04997E+03
 2.07087E+03	 1.04660E+03
 2.07465E+03	 1.05343E+03
 2.07843E+03	 1.05300E+03
 2.08221E+03	 1.04963E+03
 2.08598E+03	 1.04867E+03
 2.08976E+03	 1.05237E+03
 2.09353E+03	 1.04760E+03
 2.09730E+03	 1.05507E+03
 2.10107E+03	 1.05347E+03
 2.10484E+03	 1.04827E+03
 2.10860E+03	 1.04580E+03
 2.11236E+03	 1.05427E+03
 2.11613E+03	 1.05053E+03
 2.11989E+03	 1.05317E+03
 2.12364E+03	 1.05503E+03
 2.12740E+03	 1.05540E+03
 2.13115E+03	 1.05050E+03
 2.13490E+03	 1.05233E+03
 2.13866E+03	 1.05313E+03
 2.14240E+03	 1.05457E+03
 2.14615E+03	 1.05587E+03
 2.14990E+03	 1.05647E+03
 2.15364E+03	 1.05707E+03
 2.15738E+03	 1.05867E+03
 2.16112E+03	 1.05303E+03
 2.16486E+03	 1.04800E+03
 2.16859E+03	 1.05533E+03
 2.17233E+03	 1.05823E+03
 2.17606E+03	 1.05443E+03
 2.17979E+03	 1.05407E+03
 2.18352E+03	 1.05933E+03
 2.18724E+03	 1.05180E+03
 2.19097E+03	 1.05610E+03
 2.19469E+03	 1.05310E+03
 2.19841E+03	 1.05350E+03
 2.20213E+03	 1.04997E+03
 2.20585E+03	 1.05170E+03
 2.20956E+03	 1.05443E+03
 2.21328E+03	 1.05303E+03
 2.21699E+03	 1.04993E+03
 2.22070E+03	 1.04887E+03
 2.22441E+03	 1.05383E+03
 2.22812E+03	 1.04700E+03
 2.23182E+03	 1.05430E+03
 2.23552E+03	 1.05127E+03
 2.23923E+03	 1.05380E+03
 2.24293E+03	 1.05480E+03
 2.24662E+03	 1.05283E+03
 2.25032E+03	 1.05420E+03
 2.25401E+03	 1.05347E+03
 2.25771E+03	 1.05413E+03
 2.26140E+03	 1.05103E+03
 2.26509E+03	 1.04910E+03
 2.26877E+03	 1.04813E+03
 2.27246E+03	 1.05157E+03
 2.27614E+03	 1.05007E+03
 2.27982E+03	 1.04800E+03
 2.28350E+03	 1.04780E+03
 2.28718E+03	 1.05133E+03
 2.29086E+03	 1.04787E+03
 2.29453E+03	 1.04917E+03
 2.29820E+03	 1.04837E+03
 2.30188E+03	 1.05043E+03
 2.30555E+03	 1.05497E+03
 2.30921E+03	 1.05583E+03
 2.31288E+03	 1.05053E+03
 2.31654E+03	 1.04833E+03
 2.32020E+03	 1.05137E+03
 2.32386E+03	 1.05590E+03
 2.32752E+03	 1.05633E+03
 2.33118E+03	 1.05447E+03
 2.33484E+03	 1.05670E+03
 2.33849E+03	 1.05823E+03
 2.34214E+03	 1.05797E+03
 2.34579E+03	 1.05617E+03
 2.34944E+03	 1.05887E+03
 2.35308E+03	 1.06040E+03
 2.35673E+03	 1.05397E+03
 2.36037E+03	 1.06063E+03
 2.36401E+03	 1.05840E+03
 2.36765E+03	 1.05827E+03
 2.37129E+03	 1.05907E+03
 2.37492E+03	 1.06400E+03
 2.37856E+03	 1.06893E+03
 2.38219E+03	 1.06463E+03
 2.38582E+03	 1.06157E+03
 2.38945E+03	 1.06523E+03
 2.39308E+03	 1.07397E+03
 2.39670E+03	 1.06850E+03
 2.40033E+03	 1.06883E+03
 2.40395E+03	 1.06853E+03
 2.40757E+03	 1.06637E+03
 2.41119E+03	 1.06427E+03
 2.41480E+03	 1.06183E+03
 2.41842E+03	 1.06117E+03
 2.42203E+03	 1.06423E+03
 2.42564E+03	 1.06420E+03
 2.42925E+03	 1.06570E+03
 2.43286E+03	 1.06230E+03
 2.43647E+03	 1.06827E+03
 2.44007E+03	 1.06340E+03
 2.44367E+03	 1.05930E+03
 2.44727E+03	 1.07313E+03
 2.45087E+03	 1.07407E+03
 2.45447E+03	 1.06547E+03
 2.45807E+03	 1.06570E+03
 2.46166E+03	 1.06177E+03
 2.46525E+03	 1.06843E+03
 2.46884E+03	 1.07177E+03
 2.47243E+03	 1.07303E+03
 2.47602E+03	 1.07010E+03
 2.47960E+03	 1.07033E+03
 2.48319E+03	 1.06797E+03
 2.48677E+03	 1.07530E+03
 2.49035E+03	 1.07703E+03
 2.49393E+03	 1.07817E+03
 2.49751E+03	 1.07787E+03
 2.50108E+03	 1.07030E+03
 2.50465E+03	 1.07887E+03
 2.50823E+03	 1.08657E+03
 2.51180E+03	 1.07683E+03
 2.51536E+03	 1.08380E+03
 2.51893E+03	 1.08203E+03
 2.52250E+03	 1.08997E+03
 2.52606E+03	 1.09207E+03
 2.52962E+03	 1.09070E+03
 2.53318E+03	 1.09443E+03
 2.53674E+03	 1.09917E+03
 2.54029E+03	 1.09397E+03
 2.54385E+03	 1.09703E+03
 2.54740E+03	 1.09763E+03
 2.55095E+03	 1.09953E+03
 2.55450E+03	 1.09607E+03
 2.55805E+03	 1.10430E+03
 2.56160E+03	 1.10197E+03
 2.56514E+03	 1.09697E+03
 2.56868E+03	 1.10117E+03
 2.57222E+03	 1.10210E+03
 2.57576E+03	 1.10727E+03
 2.57930E+03	 1.10670E+03
 2.58284E+03	 1.10603E+03
 2.58637E+03	 1.10073E+03
 2.58991E+03	 1.10467E+03
 2.59344E+03	 1.10130E+03
 2.59697E+03	 1.10570E+03
 2.60049E+03	 1.10483E+03
 2.60402E+03	 1.10237E+03
 2.60754E+03	 1.10027E+03
 2.61107E+03	 1.10510E+03
 2.61459E+03	 1.10580E+03
 2.61811E+03	 1.10727E+03
 2.62162E+03	 1.10430E+03
 2.62514E+03	 1.10753E+03
 2.62865E+03	 1.11653E+03
 2.63217E+03	 1.12140E+03
 2.63568E+03	 1.11947E+03
 2.63919E+03	 1.12137E+03
 2.64269E+03	 1.11487E+03
 2.64620E+03	 1.12730E+03
 2.64970E+03	 1.12293E+03
 2.65321E+03	 1.13237E+03
 2.65671E+03	 1.13560E+03
 2.66021E+03	 1.13617E+03
 2.66370E+03	 1.14247E+03
 2.66720E+03	 1.14083E+03
 2.67069E+03	 1.15263E+03
 2.67419E+03	 1.15770E+03
 2.67768E+03	 1.15450E+03
 2.68117E+03	 1.16597E+03
 2.68466E+03	 1.17180E+03
 2.68814E+03	 1.17757E+03
 2.69163E+03	 1.18513E+03
 2.69511E+03	 1.18750E+03
 2.69859E+03	 1.19003E+03
 2.70207E+03	 1.20517E+03
 2.70555E+03	 1.21083E+03
 2.70902E+03	 1.21747E+03
 2.71250E+03	 1.23197E+03
 2.71597E+03	 1.24203E+03
 2.71944E+03	 1.25277E+03
 2.72291E+03	 1.26763E+03
 2.72638E+03	 1.28483E+03
 2.72984E+03	 1.30253E+03
 2.73331E+03	 1.31363E+03
 2.73677E+03	 1.32663E+03
 2.74023E+03	 1.35447E+03
 2.74369E+03	 1.36737E+03
 2.74715E+03	 1.39217E+03
 2.75061E+03	 1.37047E+03
 2.75406E+03	 1.40347E+03
 2.75752E+03	 1.39677E+03
 2.76097E+03	 1.40567E+03
 2.76442E+03	 1.39380E+03
 2.76786E+03	 1.39577E+03
 2.77131E+03	 1.39797E+03
 2.77476E+03	 1.38717E+03
 2.77820E+03	 1.38650E+03
 2.78164E+03	 1.39337E+03
 2.78508E+03	 1.38177E+03
 2.78852E+03	 1.37897E+03
 2.79196E+03	 1.38947E+03
 2.79539E+03	 1.40960E+03
 2.79883E+03	 1.41350E+03
 2.80226E+03	 1.41773E+03
 2.80569E+03	 1.42903E+03
 2.80912E+03	 1.44647E+03
 2.81254E+03	 1.46837E+03
 2.81597E+03	 1.48367E+03
 2.81939E+03	 1.50967E+03
 2.82282E+03	 1.55083E+03
 2.82624E+03	 1.57593E+03
 2.82966E+03	 1.59677E+03
 2.83307E+03	 1.60377E+03
 2.83649E+03	 1.67950E+03
 2.83990E+03	 1.73600E+03
 2.84332E+03	 1.76427E+03
 2.84673E+03	 1.82563E+03
 2.85014E+03	 1.91050E+03
 2.85354E+03	 1.98017E+03
 2.85695E+03	 2.04180E+03
 2.86036E+03	 2.13477E+03
 2.86376E+03	 2.22900E+03
 2.86716E+03	 2.31267E+03
 2.87056E+03	 2.48583E+03
 2.87396E+03	 2.63127E+03
 2.87736E+03	 2.81097E+03
 2.88075E+03	 3.14077E+03
 2.88414E+03	 3.33177E+03
 2.88754E+03	 3.49467E+03
 2.89093E+03	 3.75950E+03
 2.89431E+03	 3.98150E+03
 2.89770E+03	 4.07393E+03
 2.90109E+03	 4.12807E+03
 2.90447E+03	 4.09517E+03
 2.90785E+03	 3.85840E+03
 2.91123E+03	 3.87017E+03
 2.91461E+03	 3.86303E+03
 2.91799E+03	 3.80353E+03
 2.92137E+03	 3.70443E+03
 2.92474E+03	 3.66000E+03
 2.92811E+03	 3.70233E+03
 2.93149E+03	 3.69490E+03
 2.93486E+03	 3.72373E+03
 2.93822E+03	 3.74977E+03
 2.94159E+03	 3.99060E+03
 2.94496E+03	 3.90537E+03
 2.94832E+03	 3.93790E+03
 2.95168E+03	 3.98717E+03
 2.95504E+03	 3.89253E+03
 2.95840E+03	 3.88577E+03
 2.96176E+03	 3.94060E+03
 2.96511E+03	 3.79763E+03
 2.96847E+03	 3.71820E+03
 2.97182E+03	 3.51483E+03
 2.97517E+03	 3.43217E+03
 2.97852E+03	 3.21930E+03
 2.98187E+03	 2.98637E+03
 2.98521E+03	 2.78157E+03
 2.98856E+03	 2.53883E+03
 2.99190E+03	 2.35350E+03
 2.99524E+03	 2.14333E+03
 2.99858E+03	 1.96277E+03
 3.00192E+03	 1.79087E+03
 3.00526E+03	 1.67347E+03
 3.00859E+03	 1.59893E+03
 3.01193E+03	 1.51453E+03
 3.01526E+03	 1.43550E+03
 3.01859E+03	 1.37857E+03
 3.02192E+03	 1.33880E+03
 3.02525E+03	 1.30743E+03
 3.02857E+03	 1.29243E+03
 3.03190E+03	 1.25487E+03
 3.03522E+03	 1.22820E+03
 3.03854E+03	 1.22943E+03
 3.04186E+03	 1.21667E+03
 3.04518E+03	 1.21297E+03
 3.04850E+03	 1.20503E+03
 3.05181E+03	 1.18370E+03
 3.05512E+03	 1.18677E+03
 3.05844E+03	 1.18037E+03
 3.06175E+03	 1.17680E+03
 3.06506E+03	 1.16960E+03
 3.06836E+03	 1.17103E+03
 3.07167E+03	 1.17507E+03
 3.07497E+03	 1.17290E+03
 3.07828E+03	 1.16797E+03
 3.08158E+03	 1.16060E+03
 3.08488E+03	 1.16767E+03
 3.08818E+03	 1.16447E+03
 3.09147E+03	 1.16627E+03
 3.09477E+03	 1.15873E+03
 3.09806E+03	 1.16833E+03
 3.10135E+03	 1.17983E+03
 3.10464E+03	 1.17517E+03
 3.10793E+03	 1.17633E+03
 3.11122E+03	 1.19240E+03
 3.11451E+03	 1.18483E+03
 3.11779E+03	 1.18887E+03
 3.12107E+03	 1.19397E+03
 3.12436E+03	 1.20083E+03
 3.12764E+03	 1.20583E+03
 3.13091E+03	 1.20590E+03
 3.13419E+03	 1.21680E+03
 3.13747E+03	 1.20500E+03
 3.14074E+03	 1.21127E+03
 3.14401E+03	 1.22993E+03
 3.14728E+03	 1.23727E+03
 3.15055E+03	 1.23200E+03
 3.15382E+03	 1.24090E+03
 3.15709E+03	 1.24690E+03
 3.16035E+03	 1.25580E+03
 3.16362E+03	 1.25563E+03
 3.16688E+03	 1.25893E+03
 3.17014E+03	 1.27883E+03
 3.17340E+03	 1.28570E+03
 3.17665E+03	 1.29247E+03
 3.17991E+03	 1.29363E+03
 3.18316E+03	 1.29413E+03
 3.18642E+03	 1.31610E+03
 3.18967E+03	 1.30997E+03
 3.19292E+03	 1.32037E+03
 3.19617E+03	 1.32827E+03
 3.19941E+03	 1.33083E+03
 3.20266E+03	 1.33447E+03
 3.20590E+03	 1.35010E+03
 3.20914E+03	 1.33470E+03
 3.21238E+03	 1.34813E+03
 3.21562E+03	 1.37733E+03
 3.21886E+03	 1.39183E+03
 3.22210E+03	 1.35910E+03
 3.22533E+03	 1.37030E+03
 3.22857E+03	 1.40457E+03
 3.23180E+03	 1.40503E+03
 3.23503E+03	 1.40570E+03
 3.23826E+03	 1.41340E+03
 3.24148E+03	 1.42540E+03
 3.24471E+03	 1.41187E+03
 3.24793E+03	 1.42547E+03
 3.25116E+03	 1.42570E+03
 3.25438E+03	 1.43950E+03
 3.25760E+03	 1.43683E+03
 3.26082E+03	 1.45080E+03
 3.26403E+03	 1.44820E+03
 3.26725E+03	 1.45630E+03
 3.27046E+03	 1.46737E+03
 3.27368E+03	 1.47753E+03
 3.27689E+03	 1.46677E+03
 3.28010E+03	 1.47867E+03
 3.28331E+03	 1.46433E+03
 3.28651E+03	 1.47627E+03
 3.28972E+03	 1.46553E+03
 3.29292E+03	 1.48353E+03
 3.29612E+03	 1.47923E+03
 3.29932E+03	 1.49830E+03
 3.30252E+03	 1.47570E+03
 3.30572E+03	 1.46977E+03
 3.30892E+03	 1.50313E+03
 3.31211E+03	 1.51250E+03
 3.31531E+03	 1.47383E+03
 3.31850E+03	 1.48933E+03
 3.32169E+03	 1.51137E+03
 3.32488E+03	 1.51413E+03
 3.32807E+03	 1.50030E+03
 3.33125E+03	 1.49243E+03
 3.33444E+03	 1.49680E+03
 3.33762E+03	 1.49873E+03
 3.34080E+03	 1.48933E+03
 3.34398E+03	 1.49743E+03
 3.34716E+03	 1.51750E+03
 3.35034E+03	 1.52627E+03
 3.35351E+03	 1.52270E+03
 3.35669E+03	 1.52533E+03
 3.35986E+03	 1.52217E+03
 3.36303E+03	 1.52277E+03
 3.36620E+03	 1.51347E+03
 3.36937E+03	 1.52160E+03
 3.37254E+03	 1.50550E+03
 3.37570E+03	 1.51227E+03
 3.37887E+03	 1.52510E+03
 3.38203E+03	 1.53067E+03
 3.38519E+03	 1.51667E+03
 3.38835E+03	 1.52823E+03
 3.39151E+03	 1.50783E+03
 3.39467E+03	 1.51577E+03
 3.39782E+03	 1.51090E+03
 3.40098E+03	 1.52793E+03
 3.40413E+03	 1.49727E+03
 3.40728E+03	 1.49047E+03
 3.41043E+03	 1.47880E+03
 3.41358E+03	 1.48260E+03
 3.41673E+03	 1.49860E+03
 3.41987E+03	 1.51073E+03
 3.42302E+03	 1.48290E+03
 3.42616E+03	 1.49837E+03
 3.42930E+03	 1.49203E+03
 3.43244E+03	 1.48250E+03
 3.43558E+03	 1.46363E+03
 3.43872E+03	 1.46017E+03
 3.44185E+03	 1.46713E+03
 3.44499E+03	 1.45873E+03
 3.44812E+03	 1.44503E+03
 3.45125E+03	 1.42270E+03
 3.45438E+03	 1.45043E+03
 3.45751E+03	 1.43447E+03
 3.46064E+03	 1.42193E+03
 3.46376E+03	 1.42967E+03
 3.46689E+03	 1.39307E+03
 3.47001E+03	 1.41553E+03
 3.47313E+03	 1.41063E+03
 3.47625E+03	 1.40310E+03
 3.47937E+03	 1.39643E+03
 3.48249E+03	 1.38767E+03
 3.48560E+03	 1.37270E+03
 3.48872E+03	 1.36220E+03
 3.49183E+03	 1.33420E+03
 3.49494E+03	 1.33417E+03
 3.49805E+03	 1.33517E+03
 3.50116E+03	 1.31427E+03
 3.50427E+03	 1.31343E+03
 3.50737E+03	 1.31057E+03
 3.51048E+03	 1.29363E+03
 3.51358E+03	 1.29803E+03
 3.51668E+03	 1.29233E+03
 3.51978E+03	 1.28680E+03
 3.52288E+03	 1.25573E+03
 3.52598E+03	 1.23850E+03
 3.52907E+03	 1.23083E+03
 3.53217E+03	 1.23107E+03
 3.53526E+03	 1.23750E+03
 3.53835E+03	 1.21427E+03
 3.54144E+03	 1.20150E+03
 3.54453E+03	 1.19917E+03
 3.54762E+03	 1.19267E+03
 3.55071E+03	 1.20130E+03
 3.55379E+03	 1.18997E+03
 3.55687E+03	 1.17527E+03
 3.55996E+03	 1.16410E+03
 3.56304E+03	 1.13843E+03
 3.56612E+03	 1.13407E+03
 3.56919E+03	 1.13530E+03
 3.57227E+03	 1.13013E+03
 3.57535E+03	 1.13947E+03
 3.57842E+03	 1.13267E+03
 3.58149E+03	 1.12043E+03
 3.58456E+03	 1.11050E+03
 3.58763E+03	 1.10393E+03
 3.59070E+03	 1.10703E+03
 3.59377E+03	 1.10060E+03
 3.59683E+03	 1.09247E+03
 3.59990E+03	 1.08233E+03
 3.60296E+03	 1.07733E+03
 3.60602E+03	 1.06887E+03
 3.60908E+03	 1.07110E+03
 3.61214E+03	 1.05507E+03
 3.61519E+03	 1.05270E+03
 3.61825E+03	 1.05063E+03
 3.62130E+03	 1.03627E+03
 3.62436E+03	 1.03843E+03
 3.62741E+03	 1.03503E+03
 3.63046E+03	 1.03543E+03
 3.63351E+03	 1.03073E+03
 3.63656E+03	 1.03037E+03
 3.63960E+03	 1.01863E+03
 3.64265E+03	 1.01400E+03
 3.64569E+03	 1.00640E+03
 3.64873E+03	 1.00503E+03
 3.65177E+03	 1.00523E+03
 3.65481E+03	 9.99033E+02
 3.65785E+03	 9.93533E+02
 3.66089E+03	 9.93667E+02
 3.66392E+03	 9.93767E+02
 3.66695E+03	 9.88267E+02
 3.66999E+03	 9.81833E+02
 3.67302E+03	 9.77533E+02
 3.67605E+03	 9.79833E+02
 3.67908E+03	 9.79867E+02
 3.68210E+03	 9.76633E+02
 3.68513E+03	 9.72600E+02
 3.68815E+03	 9.72967E+02
 3.69117E+03	 9.76267E+02
 3.69420E+03	 9.74000E+02
 3.69722E+03	 9.71233E+02
 3.70023E+03	 9.72700E+02
 3.70325E+03	 9.67867E+02
 3.70627E+03	 9.66133E+02
 3.70928E+03	 9.65033E+02
 3.71230E+03	 9.61667E+02
 3.71531E+03	 9.69367E+02
 3.71832E+03	 9.66200E+02
 3.72133E+03	 9.62300E+02
 3.72434E+03	 9.62267E+02
 3.72734E+03	 9.62967E+02
 3.73035E+03	 9.61667E+02
 3.73335E+03	 9.61133E+02
 3.73635E+03	 9.59900E+02
 3.73936E+03	 9.57533E+02
 3.74236E+03	 9.60933E+02
 3.74535E+03	 9.56333E+02
 3.74835E+03	 9.56200E+02
 3.75135E+03	 9.59500E+02
 3.75434E+03	 9.57700E+02
 3.75733E+03	 9.60033E+02
 3.76033E+03	 9.53500E+02
 3.76332E+03	 9.56933E+02
 3.76631E+03	 9.51467E+02
 3.76929E+03	 9.58033E+02
 3.77228E+03	 9.52833E+02
 3.77527E+03	 9.52533E+02
 3.77825E+03	 9.53533E+02
 3.78123E+03	 9.52100E+02
 3.78421E+03	 9.53833E+02
 3.78719E+03	 9.53433E+02
