-1.40382E+02	 9.07533E+02
-1.35457E+02	 9.08533E+02
-1.30535E+02	 9.09667E+02
-1.25616E+02	 9.07900E+02
-1.20700E+02	 9.09933E+02
-1.15786E+02	 9.08933E+02
-1.10875E+02	 9.08533E+02
-1.05967E+02	 9.08633E+02
-1.01061E+02	 9.07900E+02
-9.61580E+01	 9.11067E+02
-9.12576E+01	 9.09767E+02
-8.63599E+01	 9.09667E+02
-8.14648E+01	 9.09200E+02
-7.65724E+01	 9.10467E+02
-7.16827E+01	 9.08933E+02
-6.67956E+01	 9.11433E+02
-6.19111E+01	 9.10900E+02
-5.70293E+01	 9.10067E+02
-5.21502E+01	 9.11733E+02
-4.72737E+01	 9.11533E+02
-4.23998E+01	 9.11967E+02
-3.75286E+01	 9.12100E+02
-3.26600E+01	 9.12533E+02
-2.77941E+01	 9.13067E+02
-2.29308E+01	 9.14900E+02
-1.80701E+01	 9.17233E+02
-1.32121E+01	 9.20067E+02
-8.35667E+00	 9.24400E+02
-3.50389E+00	 9.36233E+02
 1.34626E+00	 1.02167E+03
 6.19379E+00	 2.81480E+03
 1.10387E+01	 7.97153E+03
 1.58810E+01	 6.28133E+03
 2.07207E+01	 1.39817E+03
 2.55577E+01	 9.36133E+02
 3.03922E+01	 9.19333E+02
 3.52240E+01	 9.15600E+02
 4.00532E+01	 9.13900E+02
 4.48798E+01	 9.11900E+02
 4.97038E+01	 9.11233E+02
 5.45252E+01	 9.11467E+02
 5.93440E+01	 9.12033E+02
 6.41602E+01	 9.12933E+02
 6.89738E+01	 9.12067E+02
 7.37848E+01	 9.15067E+02
 7.85932E+01	 9.22667E+02
 8.33991E+01	 9.40833E+02
 8.82023E+01	 9.65267E+02
 9.30029E+01	 9.83433E+02
 9.78010E+01	 9.86567E+02
 1.02596E+02	 9.85700E+02
 1.07389E+02	 9.88100E+02
 1.12180E+02	 9.86533E+02
 1.16967E+02	 9.82433E+02
 1.21753E+02	 9.79067E+02
 1.26535E+02	 9.80267E+02
 1.31315E+02	 9.80567E+02
 1.36093E+02	 9.78067E+02
 1.40867E+02	 9.75200E+02
 1.45640E+02	 9.71933E+02
 1.50409E+02	 9.69200E+02
 1.55177E+02	 9.65033E+02
 1.59941E+02	 9.66233E+02
 1.64703E+02	 9.64867E+02
 1.69463E+02	 9.62800E+02
 1.74220E+02	 9.62000E+02
 1.78974E+02	 9.60267E+02
 1.83726E+02	 9.56800E+02
 1.88475E+02	 9.56967E+02
 1.93222E+02	 9.54967E+02
 1.97966E+02	 9.55767E+02
 2.02708E+02	 9.53767E+02
 2.07447E+02	 9.54200E+02
 2.12184E+02	 9.53667E+02
 2.16918E+02	 9.53233E+02
 2.21649E+02	 9.53867E+02
 2.26378E+02	 9.52333E+02
 2.31105E+02	 9.49233E+02
 2.35829E+02	 9.49700E+02
 2.40550E+02	 9.49167E+02
 2.45269E+02	 9.48000E+02
 2.49985E+02	 9.48800E+02
 2.54699E+02	 9.46833E+02
 2.59410E+02	 9.48600E+02
 2.64119E+02	 9.46500E+02
 2.68825E+02	 9.45333E+02
 2.73529E+02	 9.45333E+02
 2.78230E+02	 9.45767E+02
 2.82929E+02	 9.46967E+02
 2.87625E+02	 9.45733E+02
 2.92319E+02	 9.44767E+02
 2.97010E+02	 9.48300E+02
 3.01699E+02	 9.45533E+02
 3.06385E+02	 9.46033E+02
 3.11069E+02	 9.44900E+02
 3.15750E+02	 9.46033E+02
 3.20428E+02	 9.44500E+02
 3.25105E+02	 9.44833E+02
 3.29778E+02	 9.46500E+02
 3.34450E+02	 9.46567E+02
 3.39118E+02	 9.45667E+02
 3.43785E+02	 9.46000E+02
 3.48448E+02	 9.45600E+02
 3.53110E+02	 9.43033E+02
 3.57768E+02	 9.43367E+02
 3.62425E+02	 9.43333E+02
 3.67079E+02	 9.43667E+02
 3.71730E+02	 9.43967E+02
 3.76379E+02	 9.42633E+02
 3.81025E+02	 9.43933E+02
 3.85669E+02	 9.44933E+02
 3.90311E+02	 9.44133E+02
 3.94950E+02	 9.44367E+02
 3.99586E+02	 9.46700E+02
 4.04220E+02	 9.46667E+02
 4.08852E+02	 9.44967E+02
 4.13481E+02	 9.47000E+02
 4.18108E+02	 9.50100E+02
 4.22732E+02	 9.53567E+02
 4.27354E+02	 9.54467E+02
 4.31973E+02	 9.53833E+02
 4.36590E+02	 9.52233E+02
 4.41205E+02	 9.49967E+02
 4.45817E+02	 9.48633E+02
 4.50426E+02	 9.47867E+02
 4.55034E+02	 9.45500E+02
 4.59638E+02	 9.45667E+02
 4.64241E+02	 9.42967E+02
 4.68840E+02	 9.42733E+02
 4.73438E+02	 9.45067E+02
 4.78033E+02	 9.45633E+02
 4.82625E+02	 9.49133E+02
 4.87215E+02	 9.51767E+02
 4.91803E+02	 9.58300E+02
 4.96388E+02	 9.60467E+02
 5.00971E+02	 9.63067E+02
 5.05552E+02	 9.61400E+02
 5.10129E+02	 9.58100E+02
 5.14705E+02	 9.52700E+02
 5.19278E+02	 9.47633E+02
 5.23849E+02	 9.43733E+02
 5.28417E+02	 9.45267E+02
 5.32983E+02	 9.42900E+02
 5.37547E+02	 9.44967E+02
 5.42108E+02	 9.40433E+02
 5.46666E+02	 9.42733E+02
 5.51223E+02	 9.42900E+02
 5.55777E+02	 9.44300E+02
 5.60328E+02	 9.43300E+02
 5.64877E+02	 9.45700E+02
 5.69424E+02	 9.44067E+02
 5.73968E+02	 9.44367E+02
 5.78510E+02	 9.44600E+02
 5.83049E+02	 9.42000E+02
 5.87587E+02	 9.41667E+02
 5.92121E+02	 9.41000E+02
 5.96654E+02	 9.41033E+02
 6.01184E+02	 9.41267E+02
 6.05711E+02	 9.42367E+02
 6.10236E+02	 9.40333E+02
 6.14759E+02	 9.40600E+02
 6.19280E+02	 9.39733E+02
 6.23798E+02	 9.41567E+02
 6.28313E+02	 9.40500E+02
 6.32827E+02	 9.39167E+02
 6.37338E+02	 9.41700E+02
 6.41846E+02	 9.38700E+02
 6.46352E+02	 9.40833E+02
 6.50856E+02	 9.40967E+02
 6.55358E+02	 9.40267E+02
 6.59857E+02	 9.41900E+02
 6.64354E+02	 9.41900E+02
 6.68848E+02	 9.45000E+02
 6.73340E+02	 9.43667E+02
 6.77830E+02	 9.45200E+02
 6.82317E+02	 9.49633E+02
 6.86802E+02	 9.46267E+02
 6.91285E+02	 9.47833E+02
 6.95765E+02	 9.46167E+02
 7.00243E+02	 9.44533E+02
 7.04718E+02	 9.41833E+02
 7.09192E+02	 9.41700E+02
 7.13663E+02	 9.40367E+02
 7.18131E+02	 9.41267E+02
 7.22597E+02	 9.40033E+02
 7.27061E+02	 9.38800E+02
 7.31523E+02	 9.38400E+02
 7.35982E+02	 9.39233E+02
 7.40439E+02	 9.39367E+02
 7.44894E+02	 9.40600E+02
 7.49346E+02	 9.39833E+02
 7.53796E+02	 9.41000E+02
 7.58243E+02	 9.40100E+02
 7.62689E+02	 9.39133E+02
 7.67132E+02	 9.37633E+02
 7.71572E+02	 9.40833E+02
 7.76011E+02	 9.40567E+02
 7.80447E+02	 9.40233E+02
 7.84880E+02	 9.41367E+02
 7.89312E+02	 9.41433E+02
 7.93741E+02	 9.42200E+02
 7.98167E+02	 9.45000E+02
 8.02592E+02	 9.43733E+02
 8.07014E+02	 9.43367E+02
 8.11434E+02	 9.43067E+02
 8.15851E+02	 9.44633E+02
 8.20267E+02	 9.46733E+02
 8.24680E+02	 9.50133E+02
 8.29090E+02	 9.55900E+02
 8.33499E+02	 9.58900E+02
 8.37905E+02	 9.59967E+02
 8.42309E+02	 9.58967E+02
 8.46710E+02	 9.56733E+02
 8.51109E+02	 9.60000E+02
 8.55506E+02	 9.67900E+02
 8.59901E+02	 9.73900E+02
 8.64293E+02	 9.76800E+02
 8.68683E+02	 9.78800E+02
 8.73071E+02	 9.75200E+02
 8.77456E+02	 9.68833E+02
 8.81840E+02	 9.65400E+02
 8.86221E+02	 9.56733E+02
 8.90599E+02	 9.51867E+02
 8.94976E+02	 9.46300E+02
 8.99350E+02	 9.45100E+02
 9.03722E+02	 9.43467E+02
 9.08091E+02	 9.45100E+02
 9.12459E+02	 9.44667E+02
 9.16824E+02	 9.49067E+02
 9.21187E+02	 9.52767E+02
 9.25547E+02	 9.55233E+02
 9.29905E+02	 9.57300E+02
 9.34261E+02	 9.60233E+02
 9.38615E+02	 9.61400E+02
 9.42967E+02	 9.63467E+02
 9.47316E+02	 9.57300E+02
 9.51663E+02	 9.51433E+02
 9.56008E+02	 9.48200E+02
 9.60350E+02	 9.42633E+02
 9.64691E+02	 9.42900E+02
 9.69029E+02	 9.41967E+02
 9.73364E+02	 9.41833E+02
 9.77698E+02	 9.44467E+02
 9.82029E+02	 9.44400E+02
 9.86358E+02	 9.48133E+02
 9.90685E+02	 9.49533E+02
 9.95010E+02	 9.50067E+02
 9.99332E+02	 9.48533E+02
 1.00365E+03	 9.44167E+02
 1.00797E+03	 9.42533E+02
 1.01229E+03	 9.44133E+02
 1.01660E+03	 9.44633E+02
 1.02091E+03	 9.41867E+02
 1.02522E+03	 9.45533E+02
 1.02953E+03	 9.44567E+02
 1.03383E+03	 9.48733E+02
 1.03813E+03	 9.50400E+02
 1.04243E+03	 9.56467E+02
 1.04673E+03	 9.59033E+02
 1.05103E+03	 9.69500E+02
 1.05532E+03	 9.73933E+02
 1.05961E+03	 9.83667E+02
 1.06390E+03	 9.85267E+02
 1.06819E+03	 9.82600E+02
 1.07247E+03	 9.83833E+02
 1.07676E+03	 9.79533E+02
 1.08104E+03	 9.81300E+02
 1.08531E+03	 9.78200E+02
 1.08959E+03	 9.71167E+02
 1.09386E+03	 9.68633E+02
 1.09813E+03	 9.71300E+02
 1.10240E+03	 9.71333E+02
 1.10667E+03	 9.70333E+02
 1.11094E+03	 9.70600E+02
 1.11520E+03	 9.67400E+02
 1.11946E+03	 9.66567E+02
 1.12372E+03	 9.68767E+02
 1.12797E+03	 9.69300E+02
 1.13223E+03	 9.67033E+02
 1.13648E+03	 9.62233E+02
 1.14073E+03	 9.55933E+02
 1.14498E+03	 9.50533E+02
 1.14922E+03	 9.47567E+02
 1.15347E+03	 9.46467E+02
 1.15771E+03	 9.44333E+02
 1.16194E+03	 9.44433E+02
 1.16618E+03	 9.41933E+02
 1.17042E+03	 9.41400E+02
 1.17465E+03	 9.41767E+02
 1.17888E+03	 9.38733E+02
 1.18311E+03	 9.43733E+02
 1.18733E+03	 9.42333E+02
 1.19156E+03	 9.45000E+02
 1.19578E+03	 9.45167E+02
 1.20000E+03	 9.44733E+02
 1.20421E+03	 9.46267E+02
 1.20843E+03	 9.49200E+02
 1.21264E+03	 9.47567E+02
 1.21685E+03	 9.50033E+02
 1.22106E+03	 9.52000E+02
 1.22527E+03	 9.52500E+02
 1.22947E+03	 9.52633E+02
 1.23367E+03	 9.53233E+02
 1.23787E+03	 9.51933E+02
 1.24207E+03	 9.55867E+02
 1.24627E+03	 9.58500E+02
 1.25046E+03	 9.58800E+02
 1.25465E+03	 9.58667E+02
 1.25884E+03	 9.63667E+02
 1.26303E+03	 9.65033E+02
 1.26721E+03	 9.61733E+02
 1.27140E+03	 9.62600E+02
 1.27558E+03	 9.61600E+02
 1.27975E+03	 9.63700E+02
 1.28393E+03	 9.61800E+02
 1.28811E+03	 9.62067E+02
 1.29228E+03	 9.63367E+02
 1.29645E+03	 9.57867E+02
 1.30062E+03	 9.57867E+02
 1.30478E+03	 9.58633E+02
 1.30895E+03	 9.57333E+02
 1.31311E+03	 9.56400E+02
 1.31727E+03	 9.56467E+02
 1.32142E+03	 9.56600E+02
 1.32558E+03	 9.58933E+02
 1.32973E+03	 9.60033E+02
 1.33388E+03	 9.63700E+02
 1.33803E+03	 9.58800E+02
 1.34218E+03	 9.58667E+02
 1.34632E+03	 9.59433E+02
 1.35047E+03	 9.60333E+02
 1.35461E+03	 9.62600E+02
 1.35875E+03	 9.62633E+02
 1.36288E+03	 9.65900E+02
 1.36702E+03	 9.63267E+02
 1.37115E+03	 9.62467E+02
 1.37528E+03	 9.60600E+02
 1.37941E+03	 9.59633E+02
 1.38353E+03	 9.59567E+02
 1.38766E+03	 9.56400E+02
 1.39178E+03	 9.57700E+02
 1.39590E+03	 9.58967E+02
 1.40001E+03	 9.55667E+02
 1.40413E+03	 9.57233E+02
 1.40824E+03	 9.55000E+02
 1.41235E+03	 9.57633E+02
 1.41646E+03	 9.54967E+02
 1.42057E+03	 9.57533E+02
 1.42468E+03	 9.55467E+02
 1.42878E+03	 9.54667E+02
 1.43288E+03	 9.56400E+02
 1.43698E+03	 9.55400E+02
 1.44107E+03	 9.54433E+02
 1.44517E+03	 9.53667E+02
 1.44926E+03	 9.53433E+02
 1.45335E+03	 9.58067E+02
 1.45744E+03	 9.57700E+02
 1.46153E+03	 9.61500E+02
 1.46561E+03	 9.70300E+02
 1.46969E+03	 9.79567E+02
 1.47377E+03	 9.86333E+02
 1.47785E+03	 9.87833E+02
 1.48193E+03	 9.90000E+02
 1.48600E+03	 9.85700E+02
 1.49007E+03	 9.78500E+02
 1.49414E+03	 9.67233E+02
 1.49821E+03	 9.59933E+02
 1.50228E+03	 9.51600E+02
 1.50634E+03	 9.46567E+02
 1.51040E+03	 9.43033E+02
 1.51446E+03	 9.44500E+02
 1.51852E+03	 9.41233E+02
 1.52258E+03	 9.43933E+02
 1.52663E+03	 9.41800E+02
 1.53068E+03	 9.43833E+02
 1.53473E+03	 9.42233E+02
 1.53878E+03	 9.40933E+02
 1.54282E+03	 9.41767E+02
 1.54687E+03	 9.41600E+02
 1.55091E+03	 9.40867E+02
 1.55495E+03	 9.42200E+02
 1.55899E+03	 9.41133E+02
 1.56302E+03	 9.41867E+02
 1.56705E+03	 9.43433E+02
 1.57109E+03	 9.40833E+02
 1.57512E+03	 9.42500E+02
 1.57914E+03	 9.41867E+02
 1.58317E+03	 9.43067E+02
 1.58719E+03	 9.41900E+02
 1.59121E+03	 9.43000E+02
 1.59523E+03	 9.42267E+02
 1.59925E+03	 9.41000E+02
 1.60326E+03	 9.42633E+02
 1.60728E+03	 9.41033E+02
 1.61129E+03	 9.43133E+02
 1.61530E+03	 9.41600E+02
 1.61930E+03	 9.40967E+02
 1.62331E+03	 9.41367E+02
 1.62731E+03	 9.42667E+02
 1.63131E+03	 9.41133E+02
 1.63531E+03	 9.40133E+02
 1.63931E+03	 9.42933E+02
 1.64330E+03	 9.40167E+02
 1.64730E+03	 9.39867E+02
 1.65129E+03	 9.41367E+02
 1.65528E+03	 9.40533E+02
 1.65926E+03	 9.41367E+02
 1.66325E+03	 9.41500E+02
 1.66723E+03	 9.41633E+02
 1.67121E+03	 9.42067E+02
 1.67519E+03	 9.40933E+02
 1.67917E+03	 9.40667E+02
 1.68314E+03	 9.42133E+02
 1.68712E+03	 9.42933E+02
 1.69109E+03	 9.39833E+02
 1.69506E+03	 9.40933E+02
 1.69903E+03	 9.41200E+02
 1.70299E+03	 9.39133E+02
 1.70695E+03	 9.40567E+02
 1.71092E+03	 9.40933E+02
 1.71487E+03	 9.39333E+02
 1.71883E+03	 9.39800E+02
 1.72279E+03	 9.39067E+02
 1.72674E+03	 9.42033E+02
 1.73069E+03	 9.42133E+02
 1.73464E+03	 9.39867E+02
 1.73859E+03	 9.40067E+02
 1.74253E+03	 9.38400E+02
 1.74648E+03	 9.40867E+02
 1.75042E+03	 9.39967E+02
 1.75436E+03	 9.41267E+02
 1.75830E+03	 9.40633E+02
 1.76223E+03	 9.40200E+02
 1.76617E+03	 9.39700E+02
 1.77010E+03	 9.40067E+02
 1.77403E+03	 9.41133E+02
 1.77796E+03	 9.41500E+02
 1.78188E+03	 9.38767E+02
 1.78581E+03	 9.40967E+02
 1.78973E+03	 9.40433E+02
 1.79365E+03	 9.39833E+02
 1.79757E+03	 9.39267E+02
 1.80148E+03	 9.41600E+02
 1.80540E+03	 9.38733E+02
 1.80931E+03	 9.39833E+02
 1.81322E+03	 9.40533E+02
 1.81713E+03	 9.41233E+02
 1.82104E+03	 9.40333E+02
 1.82494E+03	 9.40633E+02
 1.82884E+03	 9.40867E+02
 1.83274E+03	 9.40033E+02
 1.83664E+03	 9.40400E+02
 1.84054E+03	 9.40700E+02
 1.84443E+03	 9.40233E+02
 1.84833E+03	 9.40733E+02
 1.85222E+03	 9.39833E+02
 1.85611E+03	 9.38767E+02
 1.85999E+03	 9.42133E+02
 1.86388E+03	 9.40433E+02
 1.86776E+03	 9.39400E+02
 1.87164E+03	 9.38267E+02
 1.87552E+03	 9.39567E+02
 1.87940E+03	 9.41200E+02
 1.88328E+03	 9.39500E+02
 1.88715E+03	 9.40533E+02
 1.89102E+03	 9.40600E+02
 1.89489E+03	 9.41000E+02
 1.89876E+03	 9.41767E+02
 1.90263E+03	 9.39267E+02
 1.90649E+03	 9.40567E+02
 1.91035E+03	 9.40367E+02
 1.91421E+03	 9.40733E+02
 1.91807E+03	 9.41533E+02
 1.92193E+03	 9.40700E+02
 1.92578E+03	 9.42200E+02
 1.92964E+03	 9.38833E+02
 1.93349E+03	 9.39700E+02
 1.93734E+03	 9.41967E+02
 1.94118E+03	 9.40000E+02
 1.94503E+03	 9.39300E+02
 1.94887E+03	 9.41567E+02
 1.95271E+03	 9.40567E+02
 1.95655E+03	 9.38000E+02
 1.96039E+03	 9.40067E+02
 1.96423E+03	 9.40600E+02
 1.96806E+03	 9.40433E+02
 1.97189E+03	 9.41633E+02
 1.97572E+03	 9.39000E+02
 1.97955E+03	 9.41367E+02
 1.98338E+03	 9.41067E+02
 1.98720E+03	 9.39433E+02
 1.99103E+03	 9.41067E+02
 1.99485E+03	 9.41500E+02
 1.99866E+03	 9.40933E+02
 2.00248E+03	 9.41933E+02
 2.00630E+03	 9.40900E+02
 2.01011E+03	 9.41400E+02
 2.01392E+03	 9.38267E+02
 2.01773E+03	 9.42200E+02
 2.02154E+03	 9.40633E+02
 2.02534E+03	 9.40233E+02
 2.02915E+03	 9.42333E+02
 2.03295E+03	 9.42667E+02
 2.03675E+03	 9.41300E+02
 2.04055E+03	 9.39700E+02
 2.04435E+03	 9.41333E+02
 2.04814E+03	 9.41433E+02
 2.05193E+03	 9.41400E+02
 2.05572E+03	 9.41400E+02
 2.05951E+03	 9.42067E+02
 2.06330E+03	 9.40767E+02
 2.06708E+03	 9.41067E+02
 2.07087E+03	 9.42000E+02
 2.07465E+03	 9.40400E+02
 2.07843E+03	 9.40900E+02
 2.08221E+03	 9.41633E+02
 2.08598E+03	 9.42267E+02
 2.08976E+03	 9.40500E+02
 2.09353E+03	 9.39800E+02
 2.09730E+03	 9.41100E+02
 2.10107E+03	 9.40633E+02
 2.10484E+03	 9.41067E+02
 2.10860E+03	 9.41333E+02
 2.11236E+03	 9.40933E+02
 2.11613E+03	 9.40400E+02
 2.11989E+03	 9.41900E+02
 2.12364E+03	 9.43967E+02
 2.12740E+03	 9.42033E+02
 2.13115E+03	 9.41600E+02
 2.13490E+03	 9.40533E+02
 2.13866E+03	 9.41400E+02
 2.14240E+03	 9.42733E+02
 2.14615E+03	 9.42533E+02
 2.14990E+03	 9.40667E+02
 2.15364E+03	 9.41800E+02
 2.15738E+03	 9.41500E+02
 2.16112E+03	 9.41933E+02
 2.16486E+03	 9.40600E+02
 2.16859E+03	 9.41533E+02
 2.17233E+03	 9.41100E+02
 2.17606E+03	 9.40700E+02
 2.17979E+03	 9.42300E+02
 2.18352E+03	 9.42500E+02
 2.18724E+03	 9.41133E+02
 2.19097E+03	 9.41567E+02
 2.19469E+03	 9.39167E+02
 2.19841E+03	 9.41467E+02
 2.20213E+03	 9.42133E+02
 2.20585E+03	 9.39767E+02
 2.20956E+03	 9.42233E+02
 2.21328E+03	 9.42233E+02
 2.21699E+03	 9.42300E+02
 2.22070E+03	 9.40800E+02
 2.22441E+03	 9.42433E+02
 2.22812E+03	 9.42167E+02
 2.23182E+03	 9.41033E+02
 2.23552E+03	 9.42433E+02
 2.23923E+03	 9.41900E+02
 2.24293E+03	 9.43067E+02
 2.24662E+03	 9.42700E+02
 2.25032E+03	 9.41200E+02
 2.25401E+03	 9.41133E+02
 2.25771E+03	 9.41167E+02
 2.26140E+03	 9.41700E+02
 2.26509E+03	 9.39800E+02
 2.26877E+03	 9.44200E+02
 2.27246E+03	 9.39567E+02
 2.27614E+03	 9.41133E+02
 2.27982E+03	 9.40800E+02
 2.28350E+03	 9.40400E+02
 2.28718E+03	 9.41100E+02
 2.29086E+03	 9.42800E+02
 2.29453E+03	 9.41300E+02
 2.29820E+03	 9.43133E+02
 2.30188E+03	 9.42067E+02
 2.30555E+03	 9.40367E+02
 2.30921E+03	 9.44867E+02
 2.31288E+03	 9.40167E+02
 2.31654E+03	 9.41567E+02
 2.32020E+03	 9.42567E+02
 2.32386E+03	 9.42900E+02
 2.32752E+03	 9.43400E+02
 2.33118E+03	 9.41100E+02
 2.33484E+03	 9.41367E+02
 2.33849E+03	 9.43467E+02
 2.34214E+03	 9.43767E+02
 2.34579E+03	 9.42000E+02
 2.34944E+03	 9.42400E+02
 2.35308E+03	 9.41367E+02
 2.35673E+03	 9.42100E+02
 2.36037E+03	 9.40233E+02
 2.36401E+03	 9.42900E+02
 2.36765E+03	 9.42833E+02
 2.37129E+03	 9.42367E+02
 2.37492E+03	 9.43000E+02
 2.37856E+03	 9.43967E+02
 2.38219E+03	 9.41200E+02
 2.38582E+03	 9.42367E+02
 2.38945E+03	 9.42867E+02
 2.39308E+03	 9.43500E+02
 2.39670E+03	 9.44433E+02
 2.40033E+03	 9.44700E+02
 2.40395E+03	 9.42267E+02
 2.40757E+03	 9.42867E+02
 2.41119E+03	 9.43600E+02
 2.41480E+03	 9.42467E+02
 2.41842E+03	 9.43667E+02
 2.42203E+03	 9.42900E+02
 2.42564E+03	 9.44100E+02
 2.42925E+03	 9.44300E+02
 2.43286E+03	 9.43633E+02
 2.43647E+03	 9.42100E+02
 2.44007E+03	 9.42400E+02
 2.44367E+03	 9.42233E+02
 2.44727E+03	 9.43833E+02
 2.45087E+03	 9.42967E+02
 2.45447E+03	 9.40867E+02
 2.45807E+03	 9.42000E+02
 2.46166E+03	 9.43667E+02
 2.46525E+03	 9.43233E+02
 2.46884E+03	 9.43400E+02
 2.47243E+03	 9.41500E+02
 2.47602E+03	 9.42467E+02
 2.47960E+03	 9.43167E+02
 2.48319E+03	 9.42467E+02
 2.48677E+03	 9.44000E+02
 2.49035E+03	 9.43767E+02
 2.49393E+03	 9.45200E+02
 2.49751E+03	 9.44000E+02
 2.50108E+03	 9.44467E+02
 2.50465E+03	 9.43600E+02
 2.50823E+03	 9.44667E+02
 2.51180E+03	 9.45433E+02
 2.51536E+03	 9.44100E+02
 2.51893E+03	 9.45533E+02
 2.52250E+03	 9.43767E+02
 2.52606E+03	 9.45533E+02
 2.52962E+03	 9.43867E+02
 2.53318E+03	 9.45300E+02
 2.53674E+03	 9.43400E+02
 2.54029E+03	 9.44933E+02
 2.54385E+03	 9.42733E+02
 2.54740E+03	 9.44333E+02
 2.55095E+03	 9.45633E+02
 2.55450E+03	 9.45833E+02
 2.55805E+03	 9.45500E+02
 2.56160E+03	 9.46267E+02
 2.56514E+03	 9.44167E+02
 2.56868E+03	 9.45367E+02
 2.57222E+03	 9.45300E+02
 2.57576E+03	 9.45700E+02
 2.57930E+03	 9.43533E+02
 2.58284E+03	 9.46433E+02
 2.58637E+03	 9.45033E+02
 2.58991E+03	 9.46033E+02
 2.59344E+03	 9.45733E+02
 2.59697E+03	 9.44200E+02
 2.60049E+03	 9.45533E+02
 2.60402E+03	 9.44767E+02
 2.60754E+03	 9.46067E+02
 2.61107E+03	 9.44133E+02
 2.61459E+03	 9.45000E+02
 2.61811E+03	 9.44700E+02
 2.62162E+03	 9.46067E+02
 2.62514E+03	 9.43933E+02
 2.62865E+03	 9.47567E+02
 2.63217E+03	 9.44867E+02
 2.63568E+03	 9.45933E+02
 2.63919E+03	 9.47667E+02
 2.64269E+03	 9.46833E+02
 2.64620E+03	 9.47433E+02
 2.64970E+03	 9.47167E+02
 2.65321E+03	 9.46667E+02
 2.65671E+03	 9.48067E+02
 2.66021E+03	 9.47467E+02
 2.66370E+03	 9.47033E+02
 2.66720E+03	 9.47033E+02
 2.67069E+03	 9.47133E+02
 2.67419E+03	 9.46167E+02
 2.67768E+03	 9.48233E+02
 2.68117E+03	 9.48500E+02
 2.68466E+03	 9.49800E+02
 2.68814E+03	 9.49633E+02
 2.69163E+03	 9.50867E+02
 2.69511E+03	 9.50167E+02
 2.69859E+03	 9.48133E+02
 2.70207E+03	 9.51267E+02
 2.70555E+03	 9.50700E+02
 2.70902E+03	 9.53233E+02
 2.71250E+03	 9.53200E+02
 2.71597E+03	 9.51900E+02
 2.71944E+03	 9.51133E+02
 2.72291E+03	 9.54467E+02
 2.72638E+03	 9.56967E+02
 2.72984E+03	 9.58300E+02
 2.73331E+03	 9.56700E+02
 2.73677E+03	 9.60200E+02
 2.74023E+03	 9.57300E+02
 2.74369E+03	 9.60000E+02
 2.74715E+03	 9.61833E+02
 2.75061E+03	 9.58433E+02
 2.75406E+03	 9.61000E+02
 2.75752E+03	 9.62600E+02
 2.76097E+03	 9.60367E+02
 2.76442E+03	 9.60367E+02
 2.76786E+03	 9.62733E+02
 2.77131E+03	 9.63733E+02
 2.77476E+03	 9.60167E+02
 2.77820E+03	 9.57700E+02
 2.78164E+03	 9.61200E+02
 2.78508E+03	 9.62167E+02
 2.78852E+03	 9.61167E+02
 2.79196E+03	 9.63100E+02
 2.79539E+03	 9.62333E+02
 2.79883E+03	 9.62733E+02
 2.80226E+03	 9.63800E+02
 2.80569E+03	 9.63733E+02
 2.80912E+03	 9.65633E+02
 2.81254E+03	 9.65300E+02
 2.81597E+03	 9.69600E+02
 2.81939E+03	 9.70833E+02
 2.82282E+03	 9.72500E+02
 2.82624E+03	 9.73133E+02
 2.82966E+03	 9.74167E+02
 2.83307E+03	 9.78500E+02
 2.83649E+03	 9.82600E+02
 2.83990E+03	 9.82433E+02
 2.84332E+03	 9.86767E+02
 2.84673E+03	 9.92767E+02
 2.85014E+03	 9.90533E+02
 2.85354E+03	 9.94167E+02
 2.85695E+03	 1.00377E+03
 2.86036E+03	 1.00943E+03
 2.86376E+03	 1.01267E+03
 2.86716E+03	 1.02147E+03
 2.87056E+03	 1.03847E+03
 2.87396E+03	 1.03813E+03
 2.87736E+03	 1.05217E+03
 2.88075E+03	 1.06893E+03
 2.88414E+03	 1.08053E+03
 2.88754E+03	 1.09437E+03
 2.89093E+03	 1.11167E+03
 2.89431E+03	 1.12567E+03
 2.89770E+03	 1.11657E+03
 2.90109E+03	 1.12243E+03
 2.90447E+03	 1.11607E+03
 2.90785E+03	 1.11457E+03
 2.91123E+03	 1.11207E+03
 2.91461E+03	 1.10093E+03
 2.91799E+03	 1.09827E+03
 2.92137E+03	 1.09873E+03
 2.92474E+03	 1.10190E+03
 2.92811E+03	 1.09957E+03
 2.93149E+03	 1.10280E+03
 2.93486E+03	 1.10357E+03
 2.93822E+03	 1.10773E+03
 2.94159E+03	 1.11473E+03
 2.94496E+03	 1.10993E+03
 2.94832E+03	 1.11933E+03
 2.95168E+03	 1.11083E+03
 2.95504E+03	 1.11060E+03
 2.95840E+03	 1.11013E+03
 2.96176E+03	 1.10803E+03
 2.96511E+03	 1.09850E+03
 2.96847E+03	 1.09090E+03
 2.97182E+03	 1.07803E+03
 2.97517E+03	 1.07660E+03
 2.97852E+03	 1.06477E+03
 2.98187E+03	 1.05183E+03
 2.98521E+03	 1.03367E+03
 2.98856E+03	 1.02157E+03
 2.99190E+03	 1.01390E+03
 2.99524E+03	 9.99067E+02
 2.99858E+03	 9.90167E+02
 3.00192E+03	 9.80600E+02
 3.00526E+03	 9.73367E+02
 3.00859E+03	 9.67233E+02
 3.01193E+03	 9.64767E+02
 3.01526E+03	 9.59867E+02
 3.01859E+03	 9.57133E+02
 3.02192E+03	 9.54967E+02
 3.02525E+03	 9.52700E+02
 3.02857E+03	 9.52167E+02
 3.03190E+03	 9.48367E+02
 3.03522E+03	 9.47800E+02
 3.03854E+03	 9.46433E+02
 3.04186E+03	 9.47933E+02
 3.04518E+03	 9.45400E+02
 3.04850E+03	 9.44367E+02
 3.05181E+03	 9.45267E+02
 3.05512E+03	 9.47867E+02
 3.05844E+03	 9.42700E+02
 3.06175E+03	 9.44267E+02
 3.06506E+03	 9.43700E+02
 3.06836E+03	 9.46567E+02
 3.07167E+03	 9.43133E+02
 3.07497E+03	 9.44967E+02
 3.07828E+03	 9.42000E+02
 3.08158E+03	 9.44033E+02
 3.08488E+03	 9.44100E+02
 3.08818E+03	 9.42600E+02
 3.09147E+03	 9.45067E+02
 3.09477E+03	 9.42267E+02
 3.09806E+03	 9.42033E+02
 3.10135E+03	 9.42633E+02
 3.10464E+03	 9.44933E+02
 3.10793E+03	 9.43100E+02
 3.11122E+03	 9.42167E+02
 3.11451E+03	 9.43800E+02
 3.11779E+03	 9.40633E+02
 3.12107E+03	 9.43500E+02
 3.12436E+03	 9.42600E+02
 3.12764E+03	 9.43300E+02
 3.13091E+03	 9.42133E+02
 3.13419E+03	 9.44167E+02
 3.13747E+03	 9.45533E+02
 3.14074E+03	 9.42300E+02
 3.14401E+03	 9.43267E+02
 3.14728E+03	 9.44300E+02
 3.15055E+03	 9.40900E+02
 3.15382E+03	 9.45467E+02
 3.15709E+03	 9.44000E+02
 3.16035E+03	 9.46300E+02
 3.16362E+03	 9.46333E+02
 3.16688E+03	 9.44400E+02
 3.17014E+03	 9.46100E+02
 3.17340E+03	 9.46733E+02
 3.17665E+03	 9.46033E+02
 3.17991E+03	 9.45533E+02
 3.18316E+03	 9.47433E+02
 3.18642E+03	 9.50167E+02
 3.18967E+03	 9.44933E+02
 3.19292E+03	 9.46533E+02
 3.19617E+03	 9.45567E+02
 3.19941E+03	 9.46300E+02
 3.20266E+03	 9.47633E+02
 3.20590E+03	 9.50067E+02
 3.20914E+03	 9.51133E+02
 3.21238E+03	 9.48033E+02
 3.21562E+03	 9.49200E+02
 3.21886E+03	 9.51700E+02
 3.22210E+03	 9.48133E+02
 3.22533E+03	 9.48700E+02
 3.22857E+03	 9.49600E+02
 3.23180E+03	 9.53367E+02
 3.23503E+03	 9.52100E+02
 3.23826E+03	 9.48067E+02
 3.24148E+03	 9.51633E+02
 3.24471E+03	 9.52033E+02
 3.24793E+03	 9.50633E+02
 3.25116E+03	 9.51533E+02
 3.25438E+03	 9.51367E+02
 3.25760E+03	 9.52567E+02
 3.26082E+03	 9.51167E+02
 3.26403E+03	 9.55800E+02
 3.26725E+03	 9.53733E+02
 3.27046E+03	 9.56267E+02
 3.27368E+03	 9.53933E+02
 3.27689E+03	 9.51967E+02
 3.28010E+03	 9.55133E+02
 3.28331E+03	 9.52000E+02
 3.28651E+03	 9.53367E+02
 3.28972E+03	 9.56500E+02
 3.29292E+03	 9.56567E+02
 3.29612E+03	 9.55400E+02
 3.29932E+03	 9.54800E+02
 3.30252E+03	 9.54733E+02
 3.30572E+03	 9.55000E+02
 3.30892E+03	 9.54367E+02
 3.31211E+03	 9.55933E+02
 3.31531E+03	 9.53467E+02
 3.31850E+03	 9.54000E+02
 3.32169E+03	 9.57067E+02
 3.32488E+03	 9.54633E+02
 3.32807E+03	 9.55067E+02
 3.33125E+03	 9.53800E+02
 3.33444E+03	 9.54533E+02
 3.33762E+03	 9.55867E+02
 3.34080E+03	 9.57533E+02
 3.34398E+03	 9.56600E+02
 3.34716E+03	 9.57300E+02
 3.35034E+03	 9.53833E+02
 3.35351E+03	 9.56900E+02
 3.35669E+03	 9.53833E+02
 3.35986E+03	 9.56500E+02
 3.36303E+03	 9.58267E+02
 3.36620E+03	 9.55767E+02
 3.36937E+03	 9.55433E+02
 3.37254E+03	 9.56333E+02
 3.37570E+03	 9.52567E+02
 3.37887E+03	 9.57400E+02
 3.38203E+03	 9.53867E+02
 3.38519E+03	 9.55600E+02
 3.38835E+03	 9.55633E+02
 3.39151E+03	 9.53767E+02
 3.39467E+03	 9.53733E+02
 3.39782E+03	 9.56633E+02
 3.40098E+03	 9.56267E+02
 3.40413E+03	 9.51467E+02
 3.40728E+03	 9.54467E+02
 3.41043E+03	 9.53400E+02
 3.41358E+03	 9.54633E+02
 3.41673E+03	 9.51867E+02
 3.41987E+03	 9.53633E+02
 3.42302E+03	 9.52500E+02
 3.42616E+03	 9.52833E+02
 3.42930E+03	 9.51467E+02
 3.43244E+03	 9.53000E+02
 3.43558E+03	 9.51800E+02
 3.43872E+03	 9.49967E+02
 3.44185E+03	 9.48567E+02
 3.44499E+03	 9.52300E+02
 3.44812E+03	 9.52333E+02
 3.45125E+03	 9.50067E+02
 3.45438E+03	 9.48733E+02
 3.45751E+03	 9.50300E+02
 3.46064E+03	 9.47900E+02
 3.46376E+03	 9.50500E+02
 3.46689E+03	 9.47700E+02
 3.47001E+03	 9.49967E+02
 3.47313E+03	 9.44467E+02
 3.47625E+03	 9.44933E+02
 3.47937E+03	 9.47967E+02
 3.48249E+03	 9.43433E+02
 3.48560E+03	 9.44800E+02
 3.48872E+03	 9.45667E+02
 3.49183E+03	 9.43767E+02
 3.49494E+03	 9.44600E+02
 3.49805E+03	 9.42900E+02
 3.50116E+03	 9.45500E+02
 3.50427E+03	 9.42733E+02
 3.50737E+03	 9.41933E+02
 3.51048E+03	 9.42067E+02
 3.51358E+03	 9.41567E+02
 3.51668E+03	 9.38533E+02
 3.51978E+03	 9.38800E+02
 3.52288E+03	 9.37833E+02
 3.52598E+03	 9.37300E+02
 3.52907E+03	 9.38367E+02
 3.53217E+03	 9.36800E+02
 3.53526E+03	 9.38867E+02
 3.53835E+03	 9.36933E+02
 3.54144E+03	 9.36033E+02
 3.54453E+03	 9.35667E+02
 3.54762E+03	 9.35133E+02
 3.55071E+03	 9.35867E+02
 3.55379E+03	 9.35767E+02
 3.55687E+03	 9.34967E+02
 3.55996E+03	 9.32133E+02
 3.56304E+03	 9.31633E+02
 3.56612E+03	 9.33267E+02
 3.56919E+03	 9.33300E+02
 3.57227E+03	 9.32333E+02
 3.57535E+03	 9.30867E+02
 3.57842E+03	 9.30767E+02
 3.58149E+03	 9.31533E+02
 3.58456E+03	 9.31833E+02
 3.58763E+03	 9.30267E+02
 3.59070E+03	 9.30100E+02
 3.59377E+03	 9.28633E+02
 3.59683E+03	 9.29800E+02
 3.59990E+03	 9.28733E+02
 3.60296E+03	 9.27900E+02
 3.60602E+03	 9.28433E+02
 3.60908E+03	 9.27400E+02
 3.61214E+03	 9.28767E+02
 3.61519E+03	 9.26533E+02
 3.61825E+03	 9.27233E+02
 3.62130E+03	 9.25867E+02
 3.62436E+03	 9.24533E+02
 3.62741E+03	 9.23633E+02
 3.63046E+03	 9.25533E+02
 3.63351E+03	 9.25800E+02
 3.63656E+03	 9.22933E+02
 3.63960E+03	 9.25100E+02
 3.64265E+03	 9.21633E+02
 3.64569E+03	 9.23600E+02
 3.64873E+03	 9.23900E+02
 3.65177E+03	 9.23233E+02
 3.65481E+03	 9.21467E+02
 3.65785E+03	 9.23467E+02
 3.66089E+03	 9.23633E+02
 3.66392E+03	 9.22767E+02
 3.66695E+03	 9.23067E+02
 3.66999E+03	 9.23733E+02
 3.67302E+03	 9.21533E+02
 3.67605E+03	 9.22133E+02
 3.67908E+03	 9.23067E+02
 3.68210E+03	 9.21267E+02
 3.68513E+03	 9.21167E+02
 3.68815E+03	 9.21433E+02
 3.69117E+03	 9.20633E+02
 3.69420E+03	 9.21333E+02
 3.69722E+03	 9.18833E+02
 3.70023E+03	 9.20867E+02
 3.70325E+03	 9.20967E+02
 3.70627E+03	 9.21233E+02
 3.70928E+03	 9.21367E+02
 3.71230E+03	 9.20567E+02
 3.71531E+03	 9.20500E+02
 3.71832E+03	 9.20933E+02
 3.72133E+03	 9.20467E+02
 3.72434E+03	 9.18833E+02
 3.72734E+03	 9.20500E+02
 3.73035E+03	 9.19000E+02
 3.73335E+03	 9.20500E+02
 3.73635E+03	 9.19533E+02
 3.73936E+03	 9.19167E+02
 3.74236E+03	 9.19667E+02
 3.74535E+03	 9.18633E+02
 3.74835E+03	 9.19467E+02
 3.75135E+03	 9.18400E+02
 3.75434E+03	 9.19733E+02
 3.75733E+03	 9.19267E+02
 3.76033E+03	 9.18267E+02
 3.76332E+03	 9.18333E+02
 3.76631E+03	 9.16067E+02
 3.76929E+03	 9.19333E+02
 3.77228E+03	 9.16967E+02
 3.77527E+03	 9.17200E+02
 3.77825E+03	 9.16900E+02
 3.78123E+03	 9.17133E+02
 3.78421E+03	 9.17633E+02
 3.78719E+03	 9.17900E+02
