-1.40382E+02	 9.06667E+02
-1.35457E+02	 9.07433E+02
-1.30535E+02	 9.06467E+02
-1.25616E+02	 9.05867E+02
-1.20700E+02	 9.07300E+02
-1.15786E+02	 9.07467E+02
-1.10875E+02	 9.07100E+02
-1.05967E+02	 9.06833E+02
-1.01061E+02	 9.06667E+02
-9.61580E+01	 9.06300E+02
-9.12576E+01	 9.06667E+02
-8.63599E+01	 9.06633E+02
-8.14648E+01	 9.07033E+02
-7.65724E+01	 9.06633E+02
-7.16827E+01	 9.07800E+02
-6.67956E+01	 9.07400E+02
-6.19111E+01	 9.06500E+02
-5.70293E+01	 9.06333E+02
-5.21502E+01	 9.06867E+02
-4.72737E+01	 9.06733E+02
-4.23998E+01	 9.07667E+02
-3.75286E+01	 9.07933E+02
-3.26600E+01	 9.07867E+02
-2.77941E+01	 9.07633E+02
-2.29308E+01	 9.09300E+02
-1.80701E+01	 9.07767E+02
-1.32121E+01	 9.09600E+02
-8.35667E+00	 9.10867E+02
-3.50389E+00	 9.10933E+02
 1.34626E+00	 9.16033E+02
 6.19379E+00	 9.57267E+02
 1.10387E+01	 1.66460E+03
 1.58810E+01	 2.65550E+03
 2.07207E+01	 1.92303E+03
 2.55577E+01	 9.89867E+02
 3.03922E+01	 9.15867E+02
 3.52240E+01	 9.09933E+02
 4.00532E+01	 9.09833E+02
 4.48798E+01	 9.08233E+02
 4.97038E+01	 9.08667E+02
 5.45252E+01	 9.08000E+02
 5.93440E+01	 9.07167E+02
 6.41602E+01	 9.08800E+02
 6.89738E+01	 9.08300E+02
 7.37848E+01	 9.12733E+02
 7.85932E+01	 9.20033E+02
 8.33991E+01	 9.42633E+02
 8.82023E+01	 9.93567E+02
 9.30029E+01	 1.06190E+03
 9.78010E+01	 1.11923E+03
 1.02596E+02	 1.13090E+03
 1.07389E+02	 1.14323E+03
 1.12180E+02	 1.15200E+03
 1.16967E+02	 1.15327E+03
 1.21753E+02	 1.14410E+03
 1.26535E+02	 1.12843E+03
 1.31315E+02	 1.13503E+03
 1.36093E+02	 1.12820E+03
 1.40867E+02	 1.13290E+03
 1.45640E+02	 1.13363E+03
 1.50409E+02	 1.13237E+03
 1.55177E+02	 1.12473E+03
 1.59941E+02	 1.11663E+03
 1.64703E+02	 1.11713E+03
 1.69463E+02	 1.11337E+03
 1.74220E+02	 1.11173E+03
 1.78974E+02	 1.10767E+03
 1.83726E+02	 1.10017E+03
 1.88475E+02	 1.09837E+03
 1.93222E+02	 1.10203E+03
 1.97966E+02	 1.09730E+03
 2.02708E+02	 1.09670E+03
 2.07447E+02	 1.09990E+03
 2.12184E+02	 1.10083E+03
 2.16918E+02	 1.10083E+03
 2.21649E+02	 1.10437E+03
 2.26378E+02	 1.10247E+03
 2.31105E+02	 1.09790E+03
 2.35829E+02	 1.09130E+03
 2.40550E+02	 1.09217E+03
 2.45269E+02	 1.08750E+03
 2.49985E+02	 1.09030E+03
 2.54699E+02	 1.08750E+03
 2.59410E+02	 1.08267E+03
 2.64119E+02	 1.08547E+03
 2.68825E+02	 1.08530E+03
 2.73529E+02	 1.08003E+03
 2.78230E+02	 1.07947E+03
 2.82929E+02	 1.08163E+03
 2.87625E+02	 1.07773E+03
 2.92319E+02	 1.07350E+03
 2.97010E+02	 1.07707E+03
 3.01699E+02	 1.07660E+03
 3.06385E+02	 1.07690E+03
 3.11069E+02	 1.07910E+03
 3.15750E+02	 1.07953E+03
 3.20428E+02	 1.07707E+03
 3.25105E+02	 1.08047E+03
 3.29778E+02	 1.08087E+03
 3.34450E+02	 1.07327E+03
 3.39118E+02	 1.07533E+03
 3.43785E+02	 1.07257E+03
 3.48448E+02	 1.07613E+03
 3.53110E+02	 1.07100E+03
 3.57768E+02	 1.07003E+03
 3.62425E+02	 1.06947E+03
 3.67079E+02	 1.06907E+03
 3.71730E+02	 1.07203E+03
 3.76379E+02	 1.06847E+03
 3.81025E+02	 1.06943E+03
 3.85669E+02	 1.06993E+03
 3.90311E+02	 1.07050E+03
 3.94950E+02	 1.07233E+03
 3.99586E+02	 1.07643E+03
 4.04220E+02	 1.07387E+03
 4.08852E+02	 1.07473E+03
 4.13481E+02	 1.08037E+03
 4.18108E+02	 1.08067E+03
 4.22732E+02	 1.08483E+03
 4.27354E+02	 1.08883E+03
 4.31973E+02	 1.09153E+03
 4.36590E+02	 1.09340E+03
 4.41205E+02	 1.09500E+03
 4.45817E+02	 1.08717E+03
 4.50426E+02	 1.08330E+03
 4.55034E+02	 1.07950E+03
 4.59638E+02	 1.07693E+03
 4.64241E+02	 1.07647E+03
 4.68840E+02	 1.07420E+03
 4.73438E+02	 1.07647E+03
 4.78033E+02	 1.08080E+03
 4.82625E+02	 1.07603E+03
 4.87215E+02	 1.08670E+03
 4.91803E+02	 1.10893E+03
 4.96388E+02	 1.11710E+03
 5.00971E+02	 1.11920E+03
 5.05552E+02	 1.12303E+03
 5.10129E+02	 1.11707E+03
 5.14705E+02	 1.11110E+03
 5.19278E+02	 1.10163E+03
 5.23849E+02	 1.08773E+03
 5.28417E+02	 1.07657E+03
 5.32983E+02	 1.07370E+03
 5.37547E+02	 1.07030E+03
 5.42108E+02	 1.06727E+03
 5.46666E+02	 1.07157E+03
 5.51223E+02	 1.06997E+03
 5.55777E+02	 1.07287E+03
 5.60328E+02	 1.07423E+03
 5.64877E+02	 1.07357E+03
 5.69424E+02	 1.07760E+03
 5.73968E+02	 1.07710E+03
 5.78510E+02	 1.07857E+03
 5.83049E+02	 1.07353E+03
 5.87587E+02	 1.07637E+03
 5.92121E+02	 1.07187E+03
 5.96654E+02	 1.06820E+03
 6.01184E+02	 1.06923E+03
 6.05711E+02	 1.06503E+03
 6.10236E+02	 1.06607E+03
 6.14759E+02	 1.06790E+03
 6.19280E+02	 1.06640E+03
 6.23798E+02	 1.06500E+03
 6.28313E+02	 1.06310E+03
 6.32827E+02	 1.06507E+03
 6.37338E+02	 1.06703E+03
 6.41846E+02	 1.06200E+03
 6.46352E+02	 1.06313E+03
 6.50856E+02	 1.06553E+03
 6.55358E+02	 1.06470E+03
 6.59857E+02	 1.06330E+03
 6.64354E+02	 1.06557E+03
 6.68848E+02	 1.06507E+03
 6.73340E+02	 1.06780E+03
 6.77830E+02	 1.07223E+03
 6.82317E+02	 1.07830E+03
 6.86802E+02	 1.07977E+03
 6.91285E+02	 1.08167E+03
 6.95765E+02	 1.08090E+03
 7.00243E+02	 1.08060E+03
 7.04718E+02	 1.07743E+03
 7.09192E+02	 1.07393E+03
 7.13663E+02	 1.06557E+03
 7.18131E+02	 1.06490E+03
 7.22597E+02	 1.06650E+03
 7.27061E+02	 1.06430E+03
 7.31523E+02	 1.06500E+03
 7.35982E+02	 1.05813E+03
 7.40439E+02	 1.06157E+03
 7.44894E+02	 1.05840E+03
 7.49346E+02	 1.05863E+03
 7.53796E+02	 1.05913E+03
 7.58243E+02	 1.05727E+03
 7.62689E+02	 1.05777E+03
 7.67132E+02	 1.06507E+03
 7.71572E+02	 1.06330E+03
 7.76011E+02	 1.06273E+03
 7.80447E+02	 1.05913E+03
 7.84880E+02	 1.06250E+03
 7.89312E+02	 1.05970E+03
 7.93741E+02	 1.06233E+03
 7.98167E+02	 1.06583E+03
 8.02592E+02	 1.06917E+03
 8.07014E+02	 1.07280E+03
 8.11434E+02	 1.06907E+03
 8.15851E+02	 1.06813E+03
 8.20267E+02	 1.07340E+03
 8.24680E+02	 1.07850E+03
 8.29090E+02	 1.08790E+03
 8.33499E+02	 1.10977E+03
 8.37905E+02	 1.11623E+03
 8.42309E+02	 1.11743E+03
 8.46710E+02	 1.11103E+03
 8.51109E+02	 1.10547E+03
 8.55506E+02	 1.12413E+03
 8.59901E+02	 1.14733E+03
 8.64293E+02	 1.15563E+03
 8.68683E+02	 1.16593E+03
 8.73071E+02	 1.16620E+03
 8.77456E+02	 1.15047E+03
 8.81840E+02	 1.13753E+03
 8.86221E+02	 1.12330E+03
 8.90599E+02	 1.11287E+03
 8.94976E+02	 1.09423E+03
 8.99350E+02	 1.07530E+03
 9.03722E+02	 1.07020E+03
 9.08091E+02	 1.06833E+03
 9.12459E+02	 1.06837E+03
 9.16824E+02	 1.07817E+03
 9.21187E+02	 1.08540E+03
 9.25547E+02	 1.09197E+03
 9.29905E+02	 1.10470E+03
 9.34261E+02	 1.10910E+03
 9.38615E+02	 1.11060E+03
 9.42967E+02	 1.11407E+03
 9.47316E+02	 1.11353E+03
 9.51663E+02	 1.10007E+03
 9.56008E+02	 1.08140E+03
 9.60350E+02	 1.07363E+03
 9.64691E+02	 1.06757E+03
 9.69029E+02	 1.06330E+03
 9.73364E+02	 1.06600E+03
 9.77698E+02	 1.06637E+03
 9.82029E+02	 1.06893E+03
 9.86358E+02	 1.07440E+03
 9.90685E+02	 1.07707E+03
 9.95010E+02	 1.08597E+03
 9.99332E+02	 1.08527E+03
 1.00365E+03	 1.07513E+03
 1.00797E+03	 1.07310E+03
 1.01229E+03	 1.06737E+03
 1.01660E+03	 1.06613E+03
 1.02091E+03	 1.07007E+03
 1.02522E+03	 1.07080E+03
 1.02953E+03	 1.07193E+03
 1.03383E+03	 1.07170E+03
 1.03813E+03	 1.07837E+03
 1.04243E+03	 1.09210E+03
 1.04673E+03	 1.09963E+03
 1.05103E+03	 1.11460E+03
 1.05532E+03	 1.13723E+03
 1.05961E+03	 1.15787E+03
 1.06390E+03	 1.17093E+03
 1.06819E+03	 1.17440E+03
 1.07247E+03	 1.17157E+03
 1.07676E+03	 1.17307E+03
 1.08104E+03	 1.16780E+03
 1.08531E+03	 1.15983E+03
 1.08959E+03	 1.15347E+03
 1.09386E+03	 1.14743E+03
 1.09813E+03	 1.14130E+03
 1.10240E+03	 1.14220E+03
 1.10667E+03	 1.14307E+03
 1.11094E+03	 1.13847E+03
 1.11520E+03	 1.13447E+03
 1.11946E+03	 1.13520E+03
 1.12372E+03	 1.13563E+03
 1.12797E+03	 1.13617E+03
 1.13223E+03	 1.14083E+03
 1.13648E+03	 1.12943E+03
 1.14073E+03	 1.11523E+03
 1.14498E+03	 1.09807E+03
 1.14922E+03	 1.08513E+03
 1.15347E+03	 1.07257E+03
 1.15771E+03	 1.07130E+03
 1.16194E+03	 1.06563E+03
 1.16618E+03	 1.05943E+03
 1.17042E+03	 1.06033E+03
 1.17465E+03	 1.06363E+03
 1.17888E+03	 1.06387E+03
 1.18311E+03	 1.05967E+03
 1.18733E+03	 1.05770E+03
 1.19156E+03	 1.05950E+03
 1.19578E+03	 1.06043E+03
 1.20000E+03	 1.06163E+03
 1.20421E+03	 1.06817E+03
 1.20843E+03	 1.06540E+03
 1.21264E+03	 1.07027E+03
 1.21685E+03	 1.07820E+03
 1.22106E+03	 1.07903E+03
 1.22527E+03	 1.08130E+03
 1.22947E+03	 1.08467E+03
 1.23367E+03	 1.08850E+03
 1.23787E+03	 1.09283E+03
 1.24207E+03	 1.09017E+03
 1.24627E+03	 1.09900E+03
 1.25046E+03	 1.09810E+03
 1.25465E+03	 1.10143E+03
 1.25884E+03	 1.10390E+03
 1.26303E+03	 1.11813E+03
 1.26721E+03	 1.12023E+03
 1.27140E+03	 1.11667E+03
 1.27558E+03	 1.10863E+03
 1.27975E+03	 1.11310E+03
 1.28393E+03	 1.11260E+03
 1.28811E+03	 1.10847E+03
 1.29228E+03	 1.10987E+03
 1.29645E+03	 1.10717E+03
 1.30062E+03	 1.10217E+03
 1.30478E+03	 1.09580E+03
 1.30895E+03	 1.09547E+03
 1.31311E+03	 1.09483E+03
 1.31727E+03	 1.09057E+03
 1.32142E+03	 1.08840E+03
 1.32558E+03	 1.09313E+03
 1.32973E+03	 1.09587E+03
 1.33388E+03	 1.09903E+03
 1.33803E+03	 1.09847E+03
 1.34218E+03	 1.09540E+03
 1.34632E+03	 1.09437E+03
 1.35047E+03	 1.09250E+03
 1.35461E+03	 1.09600E+03
 1.35875E+03	 1.09983E+03
 1.36288E+03	 1.09347E+03
 1.36702E+03	 1.10280E+03
 1.37115E+03	 1.09740E+03
 1.37528E+03	 1.09890E+03
 1.37941E+03	 1.09700E+03
 1.38353E+03	 1.09460E+03
 1.38766E+03	 1.09337E+03
 1.39178E+03	 1.09547E+03
 1.39590E+03	 1.09153E+03
 1.40001E+03	 1.07993E+03
 1.40413E+03	 1.08517E+03
 1.40824E+03	 1.08747E+03
 1.41235E+03	 1.08123E+03
 1.41646E+03	 1.08170E+03
 1.42057E+03	 1.07883E+03
 1.42468E+03	 1.08067E+03
 1.42878E+03	 1.08197E+03
 1.43288E+03	 1.08007E+03
 1.43698E+03	 1.07890E+03
 1.44107E+03	 1.07763E+03
 1.44517E+03	 1.07740E+03
 1.44926E+03	 1.08190E+03
 1.45335E+03	 1.08113E+03
 1.45744E+03	 1.08133E+03
 1.46153E+03	 1.09217E+03
 1.46561E+03	 1.10580E+03
 1.46969E+03	 1.11460E+03
 1.47377E+03	 1.15107E+03
 1.47785E+03	 1.16313E+03
 1.48193E+03	 1.16883E+03
 1.48600E+03	 1.17913E+03
 1.49007E+03	 1.16353E+03
 1.49414E+03	 1.13657E+03
 1.49821E+03	 1.11497E+03
 1.50228E+03	 1.08987E+03
 1.50634E+03	 1.07437E+03
 1.51040E+03	 1.05987E+03
 1.51446E+03	 1.05727E+03
 1.51852E+03	 1.05253E+03
 1.52258E+03	 1.05020E+03
 1.52663E+03	 1.05097E+03
 1.53068E+03	 1.04797E+03
 1.53473E+03	 1.04527E+03
 1.53878E+03	 1.04393E+03
 1.54282E+03	 1.04590E+03
 1.54687E+03	 1.04087E+03
 1.55091E+03	 1.04810E+03
 1.55495E+03	 1.05140E+03
 1.55899E+03	 1.04650E+03
 1.56302E+03	 1.04587E+03
 1.56705E+03	 1.04737E+03
 1.57109E+03	 1.04413E+03
 1.57512E+03	 1.04443E+03
 1.57914E+03	 1.04673E+03
 1.58317E+03	 1.04527E+03
 1.58719E+03	 1.04803E+03
 1.59121E+03	 1.04670E+03
 1.59523E+03	 1.04493E+03
 1.59925E+03	 1.04853E+03
 1.60326E+03	 1.04777E+03
 1.60728E+03	 1.04397E+03
 1.61129E+03	 1.04450E+03
 1.61530E+03	 1.03977E+03
 1.61930E+03	 1.04157E+03
 1.62331E+03	 1.04420E+03
 1.62731E+03	 1.04067E+03
 1.63131E+03	 1.04207E+03
 1.63531E+03	 1.04077E+03
 1.63931E+03	 1.04213E+03
 1.64330E+03	 1.04337E+03
 1.64730E+03	 1.03607E+03
 1.65129E+03	 1.03797E+03
 1.65528E+03	 1.03870E+03
 1.65926E+03	 1.04003E+03
 1.66325E+03	 1.04020E+03
 1.66723E+03	 1.03867E+03
 1.67121E+03	 1.03933E+03
 1.67519E+03	 1.04230E+03
 1.67917E+03	 1.04053E+03
 1.68314E+03	 1.03947E+03
 1.68712E+03	 1.04103E+03
 1.69109E+03	 1.03837E+03
 1.69506E+03	 1.03703E+03
 1.69903E+03	 1.03840E+03
 1.70299E+03	 1.03613E+03
 1.70695E+03	 1.03873E+03
 1.71092E+03	 1.03720E+03
 1.71487E+03	 1.03877E+03
 1.71883E+03	 1.03393E+03
 1.72279E+03	 1.03810E+03
 1.72674E+03	 1.03430E+03
 1.73069E+03	 1.03520E+03
 1.73464E+03	 1.03753E+03
 1.73859E+03	 1.03583E+03
 1.74253E+03	 1.03487E+03
 1.74648E+03	 1.03510E+03
 1.75042E+03	 1.03450E+03
 1.75436E+03	 1.03333E+03
 1.75830E+03	 1.03440E+03
 1.76223E+03	 1.03530E+03
 1.76617E+03	 1.03313E+03
 1.77010E+03	 1.03503E+03
 1.77403E+03	 1.03060E+03
 1.77796E+03	 1.02973E+03
 1.78188E+03	 1.03053E+03
 1.78581E+03	 1.03177E+03
 1.78973E+03	 1.03380E+03
 1.79365E+03	 1.03843E+03
 1.79757E+03	 1.03073E+03
 1.80148E+03	 1.03513E+03
 1.80540E+03	 1.03577E+03
 1.80931E+03	 1.03750E+03
 1.81322E+03	 1.03157E+03
 1.81713E+03	 1.03550E+03
 1.82104E+03	 1.03040E+03
 1.82494E+03	 1.03630E+03
 1.82884E+03	 1.03247E+03
 1.83274E+03	 1.03290E+03
 1.83664E+03	 1.03063E+03
 1.84054E+03	 1.02927E+03
 1.84443E+03	 1.02977E+03
 1.84833E+03	 1.03343E+03
 1.85222E+03	 1.03397E+03
 1.85611E+03	 1.02637E+03
 1.85999E+03	 1.02687E+03
 1.86388E+03	 1.03333E+03
 1.86776E+03	 1.03023E+03
 1.87164E+03	 1.02867E+03
 1.87552E+03	 1.02720E+03
 1.87940E+03	 1.03110E+03
 1.88328E+03	 1.02833E+03
 1.88715E+03	 1.02757E+03
 1.89102E+03	 1.02890E+03
 1.89489E+03	 1.02713E+03
 1.89876E+03	 1.02937E+03
 1.90263E+03	 1.03173E+03
 1.90649E+03	 1.02813E+03
 1.91035E+03	 1.03093E+03
 1.91421E+03	 1.02783E+03
 1.91807E+03	 1.02777E+03
 1.92193E+03	 1.02707E+03
 1.92578E+03	 1.02927E+03
 1.92964E+03	 1.03003E+03
 1.93349E+03	 1.02670E+03
 1.93734E+03	 1.02980E+03
 1.94118E+03	 1.02943E+03
 1.94503E+03	 1.02927E+03
 1.94887E+03	 1.02910E+03
 1.95271E+03	 1.02410E+03
 1.95655E+03	 1.02887E+03
 1.96039E+03	 1.02457E+03
 1.96423E+03	 1.02740E+03
 1.96806E+03	 1.02727E+03
 1.97189E+03	 1.02637E+03
 1.97572E+03	 1.02450E+03
 1.97955E+03	 1.02957E+03
 1.98338E+03	 1.02463E+03
 1.98720E+03	 1.02047E+03
 1.99103E+03	 1.02200E+03
 1.99485E+03	 1.02347E+03
 1.99866E+03	 1.02240E+03
 2.00248E+03	 1.02670E+03
 2.00630E+03	 1.02370E+03
 2.01011E+03	 1.02540E+03
 2.01392E+03	 1.02247E+03
 2.01773E+03	 1.02510E+03
 2.02154E+03	 1.02637E+03
 2.02534E+03	 1.02293E+03
 2.02915E+03	 1.02397E+03
 2.03295E+03	 1.02560E+03
 2.03675E+03	 1.02157E+03
 2.04055E+03	 1.01823E+03
 2.04435E+03	 1.02037E+03
 2.04814E+03	 1.02303E+03
 2.05193E+03	 1.02320E+03
 2.05572E+03	 1.02423E+03
 2.05951E+03	 1.02497E+03
 2.06330E+03	 1.02230E+03
 2.06708E+03	 1.02183E+03
 2.07087E+03	 1.01803E+03
 2.07465E+03	 1.01703E+03
 2.07843E+03	 1.02083E+03
 2.08221E+03	 1.02253E+03
 2.08598E+03	 1.02057E+03
 2.08976E+03	 1.01860E+03
 2.09353E+03	 1.01710E+03
 2.09730E+03	 1.02000E+03
 2.10107E+03	 1.01800E+03
 2.10484E+03	 1.01873E+03
 2.10860E+03	 1.01807E+03
 2.11236E+03	 1.01993E+03
 2.11613E+03	 1.01613E+03
 2.11989E+03	 1.02160E+03
 2.12364E+03	 1.02140E+03
 2.12740E+03	 1.01977E+03
 2.13115E+03	 1.01997E+03
 2.13490E+03	 1.01883E+03
 2.13866E+03	 1.01797E+03
 2.14240E+03	 1.01870E+03
 2.14615E+03	 1.02250E+03
 2.14990E+03	 1.01930E+03
 2.15364E+03	 1.01723E+03
 2.15738E+03	 1.01910E+03
 2.16112E+03	 1.02013E+03
 2.16486E+03	 1.02230E+03
 2.16859E+03	 1.02033E+03
 2.17233E+03	 1.01597E+03
 2.17606E+03	 1.01903E+03
 2.17979E+03	 1.01457E+03
 2.18352E+03	 1.01523E+03
 2.18724E+03	 1.01257E+03
 2.19097E+03	 1.01617E+03
 2.19469E+03	 1.01487E+03
 2.19841E+03	 1.01667E+03
 2.20213E+03	 1.01453E+03
 2.20585E+03	 1.01790E+03
 2.20956E+03	 1.01657E+03
 2.21328E+03	 1.01277E+03
 2.21699E+03	 1.01443E+03
 2.22070E+03	 1.01193E+03
 2.22441E+03	 1.01237E+03
 2.22812E+03	 1.01453E+03
 2.23182E+03	 1.01297E+03
 2.23552E+03	 1.01113E+03
 2.23923E+03	 1.00933E+03
 2.24293E+03	 1.01397E+03
 2.24662E+03	 1.01217E+03
 2.25032E+03	 1.01280E+03
 2.25401E+03	 1.01213E+03
 2.25771E+03	 1.01440E+03
 2.26140E+03	 1.00787E+03
 2.26509E+03	 1.00903E+03
 2.26877E+03	 1.00810E+03
 2.27246E+03	 1.01030E+03
 2.27614E+03	 1.01023E+03
 2.27982E+03	 1.01153E+03
 2.28350E+03	 1.00617E+03
 2.28718E+03	 1.00647E+03
 2.29086E+03	 1.00723E+03
 2.29453E+03	 1.00777E+03
 2.29820E+03	 1.00970E+03
 2.30188E+03	 1.01137E+03
 2.30555E+03	 1.00533E+03
 2.30921E+03	 1.00510E+03
 2.31288E+03	 1.00760E+03
 2.31654E+03	 1.00727E+03
 2.32020E+03	 1.00890E+03
 2.32386E+03	 1.00583E+03
 2.32752E+03	 1.00673E+03
 2.33118E+03	 1.00597E+03
 2.33484E+03	 1.00747E+03
 2.33849E+03	 1.00477E+03
 2.34214E+03	 1.00860E+03
 2.34579E+03	 1.00860E+03
 2.34944E+03	 1.00787E+03
 2.35308E+03	 1.00330E+03
 2.35673E+03	 1.00430E+03
 2.36037E+03	 1.00317E+03
 2.36401E+03	 1.00767E+03
 2.36765E+03	 1.00533E+03
 2.37129E+03	 1.00517E+03
 2.37492E+03	 1.00543E+03
 2.37856E+03	 1.00533E+03
 2.38219E+03	 1.00320E+03
 2.38582E+03	 1.00627E+03
 2.38945E+03	 1.00470E+03
 2.39308E+03	 1.00763E+03
 2.39670E+03	 1.00300E+03
 2.40033E+03	 1.00607E+03
 2.40395E+03	 1.00563E+03
 2.40757E+03	 1.00413E+03
 2.41119E+03	 1.00403E+03
 2.41480E+03	 1.00613E+03
 2.41842E+03	 1.00387E+03
 2.42203E+03	 1.00233E+03
 2.42564E+03	 1.00167E+03
 2.42925E+03	 1.00267E+03
 2.43286E+03	 9.99000E+02
 2.43647E+03	 1.00360E+03
 2.44007E+03	 1.00067E+03
 2.44367E+03	 1.00037E+03
 2.44727E+03	 1.00187E+03
 2.45087E+03	 9.98867E+02
 2.45447E+03	 1.00080E+03
 2.45807E+03	 1.00240E+03
 2.46166E+03	 9.99000E+02
 2.46525E+03	 9.96733E+02
 2.46884E+03	 1.00077E+03
 2.47243E+03	 9.98533E+02
 2.47602E+03	 9.98933E+02
 2.47960E+03	 9.96500E+02
 2.48319E+03	 1.00067E+03
 2.48677E+03	 9.99200E+02
 2.49035E+03	 9.98400E+02
 2.49393E+03	 1.00413E+03
 2.49751E+03	 9.99200E+02
 2.50108E+03	 1.00050E+03
 2.50465E+03	 9.99700E+02
 2.50823E+03	 9.97533E+02
 2.51180E+03	 9.98800E+02
 2.51536E+03	 1.00013E+03
 2.51893E+03	 9.99300E+02
 2.52250E+03	 1.00130E+03
 2.52606E+03	 9.96833E+02
 2.52962E+03	 9.98733E+02
 2.53318E+03	 9.96833E+02
 2.53674E+03	 9.97300E+02
 2.54029E+03	 9.97533E+02
 2.54385E+03	 9.98067E+02
 2.54740E+03	 9.99333E+02
 2.55095E+03	 9.98267E+02
 2.55450E+03	 9.98433E+02
 2.55805E+03	 9.99067E+02
 2.56160E+03	 9.96700E+02
 2.56514E+03	 9.94467E+02
 2.56868E+03	 9.96600E+02
 2.57222E+03	 9.97833E+02
 2.57576E+03	 9.94167E+02
 2.57930E+03	 9.96767E+02
 2.58284E+03	 9.97600E+02
 2.58637E+03	 9.99000E+02
 2.58991E+03	 9.95600E+02
 2.59344E+03	 9.95400E+02
 2.59697E+03	 9.94000E+02
 2.60049E+03	 9.93933E+02
 2.60402E+03	 9.94067E+02
 2.60754E+03	 9.94133E+02
 2.61107E+03	 9.94733E+02
 2.61459E+03	 9.95033E+02
 2.61811E+03	 9.91767E+02
 2.62162E+03	 9.94567E+02
 2.62514E+03	 9.94500E+02
 2.62865E+03	 9.94767E+02
 2.63217E+03	 9.96067E+02
 2.63568E+03	 9.90833E+02
 2.63919E+03	 9.94300E+02
 2.64269E+03	 9.92633E+02
 2.64620E+03	 9.94067E+02
 2.64970E+03	 9.91500E+02
 2.65321E+03	 9.89400E+02
 2.65671E+03	 9.95600E+02
 2.66021E+03	 9.94767E+02
 2.66370E+03	 9.93500E+02
 2.66720E+03	 9.94700E+02
 2.67069E+03	 9.92767E+02
 2.67419E+03	 9.93233E+02
 2.67768E+03	 9.94667E+02
 2.68117E+03	 9.94700E+02
 2.68466E+03	 9.95467E+02
 2.68814E+03	 9.93333E+02
 2.69163E+03	 9.92267E+02
 2.69511E+03	 9.93567E+02
 2.69859E+03	 9.94167E+02
 2.70207E+03	 9.98000E+02
 2.70555E+03	 9.97100E+02
 2.70902E+03	 9.97400E+02
 2.71250E+03	 9.95200E+02
 2.71597E+03	 9.97300E+02
 2.71944E+03	 1.00240E+03
 2.72291E+03	 9.98533E+02
 2.72638E+03	 9.99967E+02
 2.72984E+03	 9.97400E+02
 2.73331E+03	 1.00520E+03
 2.73677E+03	 1.00027E+03
 2.74023E+03	 1.00510E+03
 2.74369E+03	 1.00500E+03
 2.74715E+03	 1.00963E+03
 2.75061E+03	 1.00637E+03
 2.75406E+03	 1.00597E+03
 2.75752E+03	 1.00677E+03
 2.76097E+03	 1.00313E+03
 2.76442E+03	 1.00243E+03
 2.76786E+03	 1.00513E+03
 2.77131E+03	 1.00623E+03
 2.77476E+03	 1.00787E+03
 2.77820E+03	 1.00100E+03
 2.78164E+03	 1.00617E+03
 2.78508E+03	 1.00463E+03
 2.78852E+03	 1.00407E+03
 2.79196E+03	 1.00233E+03
 2.79539E+03	 1.00223E+03
 2.79883E+03	 1.00470E+03
 2.80226E+03	 1.00580E+03
 2.80569E+03	 1.00727E+03
 2.80912E+03	 1.00657E+03
 2.81254E+03	 1.00303E+03
 2.81597E+03	 1.00880E+03
 2.81939E+03	 1.00790E+03
 2.82282E+03	 1.01127E+03
 2.82624E+03	 1.01577E+03
 2.82966E+03	 1.01273E+03
 2.83307E+03	 1.01807E+03
 2.83649E+03	 1.02173E+03
 2.83990E+03	 1.02023E+03
 2.84332E+03	 1.02887E+03
 2.84673E+03	 1.03017E+03
 2.85014E+03	 1.03693E+03
 2.85354E+03	 1.03927E+03
 2.85695E+03	 1.04383E+03
 2.86036E+03	 1.04973E+03
 2.86376E+03	 1.05743E+03
 2.86716E+03	 1.07013E+03
 2.87056E+03	 1.07563E+03
 2.87396E+03	 1.08457E+03
 2.87736E+03	 1.09290E+03
 2.88075E+03	 1.11133E+03
 2.88414E+03	 1.13697E+03
 2.88754E+03	 1.15490E+03
 2.89093E+03	 1.16710E+03
 2.89431E+03	 1.18283E+03
 2.89770E+03	 1.18940E+03
 2.90109E+03	 1.18810E+03
 2.90447E+03	 1.17510E+03
 2.90785E+03	 1.18857E+03
 2.91123E+03	 1.18610E+03
 2.91461E+03	 1.17277E+03
 2.91799E+03	 1.17037E+03
 2.92137E+03	 1.15920E+03
 2.92474E+03	 1.16773E+03
 2.92811E+03	 1.15613E+03
 2.93149E+03	 1.16360E+03
 2.93486E+03	 1.16120E+03
 2.93822E+03	 1.16753E+03
 2.94159E+03	 1.17447E+03
 2.94496E+03	 1.16663E+03
 2.94832E+03	 1.17983E+03
 2.95168E+03	 1.17630E+03
 2.95504E+03	 1.17763E+03
 2.95840E+03	 1.18280E+03
 2.96176E+03	 1.17410E+03
 2.96511E+03	 1.16107E+03
 2.96847E+03	 1.15440E+03
 2.97182E+03	 1.14580E+03
 2.97517E+03	 1.14033E+03
 2.97852E+03	 1.12253E+03
 2.98187E+03	 1.10590E+03
 2.98521E+03	 1.09800E+03
 2.98856E+03	 1.07567E+03
 2.99190E+03	 1.05710E+03
 2.99524E+03	 1.04593E+03
 2.99858E+03	 1.03223E+03
 3.00192E+03	 1.02300E+03
 3.00526E+03	 1.01293E+03
 3.00859E+03	 1.00080E+03
 3.01193E+03	 9.94500E+02
 3.01526E+03	 9.92833E+02
 3.01859E+03	 9.88900E+02
 3.02192E+03	 9.82633E+02
 3.02525E+03	 9.81633E+02
 3.02857E+03	 9.80400E+02
 3.03190E+03	 9.76633E+02
 3.03522E+03	 9.73233E+02
 3.03854E+03	 9.74200E+02
 3.04186E+03	 9.74967E+02
 3.04518E+03	 9.72467E+02
 3.04850E+03	 9.69800E+02
 3.05181E+03	 9.69467E+02
 3.05512E+03	 9.71833E+02
 3.05844E+03	 9.66133E+02
 3.06175E+03	 9.68633E+02
 3.06506E+03	 9.68567E+02
 3.06836E+03	 9.70000E+02
 3.07167E+03	 9.65700E+02
 3.07497E+03	 9.67033E+02
 3.07828E+03	 9.67867E+02
 3.08158E+03	 9.65133E+02
 3.08488E+03	 9.66167E+02
 3.08818E+03	 9.67100E+02
 3.09147E+03	 9.67333E+02
 3.09477E+03	 9.65233E+02
 3.09806E+03	 9.63433E+02
 3.10135E+03	 9.63733E+02
 3.10464E+03	 9.64867E+02
 3.10793E+03	 9.67033E+02
 3.11122E+03	 9.67233E+02
 3.11451E+03	 9.63933E+02
 3.11779E+03	 9.63067E+02
 3.12107E+03	 9.67100E+02
 3.12436E+03	 9.65000E+02
 3.12764E+03	 9.66067E+02
 3.13091E+03	 9.63933E+02
 3.13419E+03	 9.67067E+02
 3.13747E+03	 9.64567E+02
 3.14074E+03	 9.68167E+02
 3.14401E+03	 9.66900E+02
 3.14728E+03	 9.65700E+02
 3.15055E+03	 9.64467E+02
 3.15382E+03	 9.66167E+02
 3.15709E+03	 9.61533E+02
 3.16035E+03	 9.69033E+02
 3.16362E+03	 9.65067E+02
 3.16688E+03	 9.65600E+02
 3.17014E+03	 9.65667E+02
 3.17340E+03	 9.66967E+02
 3.17665E+03	 9.68700E+02
 3.17991E+03	 9.66667E+02
 3.18316E+03	 9.68967E+02
 3.18642E+03	 9.67033E+02
 3.18967E+03	 9.66700E+02
 3.19292E+03	 9.67067E+02
 3.19617E+03	 9.66500E+02
 3.19941E+03	 9.71600E+02
 3.20266E+03	 9.68267E+02
 3.20590E+03	 9.69000E+02
 3.20914E+03	 9.67633E+02
 3.21238E+03	 9.68367E+02
 3.21562E+03	 9.68333E+02
 3.21886E+03	 9.68033E+02
 3.22210E+03	 9.69533E+02
 3.22533E+03	 9.71467E+02
 3.22857E+03	 9.67967E+02
 3.23180E+03	 9.72433E+02
 3.23503E+03	 9.71033E+02
 3.23826E+03	 9.70667E+02
 3.24148E+03	 9.74267E+02
 3.24471E+03	 9.73000E+02
 3.24793E+03	 9.73733E+02
 3.25116E+03	 9.71400E+02
 3.25438E+03	 9.72500E+02
 3.25760E+03	 9.74133E+02
 3.26082E+03	 9.72200E+02
 3.26403E+03	 9.71667E+02
 3.26725E+03	 9.73700E+02
 3.27046E+03	 9.73267E+02
 3.27368E+03	 9.74133E+02
 3.27689E+03	 9.75767E+02
 3.28010E+03	 9.72300E+02
 3.28331E+03	 9.71633E+02
 3.28651E+03	 9.72433E+02
 3.28972E+03	 9.74067E+02
 3.29292E+03	 9.74800E+02
 3.29612E+03	 9.73233E+02
 3.29932E+03	 9.71967E+02
 3.30252E+03	 9.74433E+02
 3.30572E+03	 9.71933E+02
 3.30892E+03	 9.72500E+02
 3.31211E+03	 9.73733E+02
 3.31531E+03	 9.74033E+02
 3.31850E+03	 9.71400E+02
 3.32169E+03	 9.73000E+02
 3.32488E+03	 9.71800E+02
 3.32807E+03	 9.73533E+02
 3.33125E+03	 9.72467E+02
 3.33444E+03	 9.73767E+02
 3.33762E+03	 9.72333E+02
 3.34080E+03	 9.72300E+02
 3.34398E+03	 9.72733E+02
 3.34716E+03	 9.75033E+02
 3.35034E+03	 9.71433E+02
 3.35351E+03	 9.71667E+02
 3.35669E+03	 9.75000E+02
 3.35986E+03	 9.73400E+02
 3.36303E+03	 9.74400E+02
 3.36620E+03	 9.71267E+02
 3.36937E+03	 9.74633E+02
 3.37254E+03	 9.72433E+02
 3.37570E+03	 9.76033E+02
 3.37887E+03	 9.74233E+02
 3.38203E+03	 9.72367E+02
 3.38519E+03	 9.72833E+02
 3.38835E+03	 9.71300E+02
 3.39151E+03	 9.71467E+02
 3.39467E+03	 9.71967E+02
 3.39782E+03	 9.71367E+02
 3.40098E+03	 9.73667E+02
 3.40413E+03	 9.67600E+02
 3.40728E+03	 9.70933E+02
 3.41043E+03	 9.70733E+02
 3.41358E+03	 9.71700E+02
 3.41673E+03	 9.67000E+02
 3.41987E+03	 9.69333E+02
 3.42302E+03	 9.69200E+02
 3.42616E+03	 9.65967E+02
 3.42930E+03	 9.64067E+02
 3.43244E+03	 9.68500E+02
 3.43558E+03	 9.67100E+02
 3.43872E+03	 9.67233E+02
 3.44185E+03	 9.65133E+02
 3.44499E+03	 9.65467E+02
 3.44812E+03	 9.64033E+02
 3.45125E+03	 9.62167E+02
 3.45438E+03	 9.63800E+02
 3.45751E+03	 9.62900E+02
 3.46064E+03	 9.63433E+02
 3.46376E+03	 9.62967E+02
 3.46689E+03	 9.62633E+02
 3.47001E+03	 9.61033E+02
 3.47313E+03	 9.61233E+02
 3.47625E+03	 9.60500E+02
 3.47937E+03	 9.58667E+02
 3.48249E+03	 9.57267E+02
 3.48560E+03	 9.58233E+02
 3.48872E+03	 9.56733E+02
 3.49183E+03	 9.57367E+02
 3.49494E+03	 9.58000E+02
 3.49805E+03	 9.57733E+02
 3.50116E+03	 9.57033E+02
 3.50427E+03	 9.54233E+02
 3.50737E+03	 9.52333E+02
 3.51048E+03	 9.51200E+02
 3.51358E+03	 9.52000E+02
 3.51668E+03	 9.51900E+02
 3.51978E+03	 9.53133E+02
 3.52288E+03	 9.49800E+02
 3.52598E+03	 9.47767E+02
 3.52907E+03	 9.49467E+02
 3.53217E+03	 9.45100E+02
 3.53526E+03	 9.50667E+02
 3.53835E+03	 9.47433E+02
 3.54144E+03	 9.45700E+02
 3.54453E+03	 9.45600E+02
 3.54762E+03	 9.45833E+02
 3.55071E+03	 9.43800E+02
 3.55379E+03	 9.46333E+02
 3.55687E+03	 9.42467E+02
 3.55996E+03	 9.42033E+02
 3.56304E+03	 9.41833E+02
 3.56612E+03	 9.40767E+02
 3.56919E+03	 9.41633E+02
 3.57227E+03	 9.41300E+02
 3.57535E+03	 9.40700E+02
 3.57842E+03	 9.40367E+02
 3.58149E+03	 9.40333E+02
 3.58456E+03	 9.36700E+02
 3.58763E+03	 9.40367E+02
 3.59070E+03	 9.37033E+02
 3.59377E+03	 9.36700E+02
 3.59683E+03	 9.37533E+02
 3.59990E+03	 9.36100E+02
 3.60296E+03	 9.38967E+02
 3.60602E+03	 9.34967E+02
 3.60908E+03	 9.33300E+02
 3.61214E+03	 9.34300E+02
 3.61519E+03	 9.35100E+02
 3.61825E+03	 9.34567E+02
 3.62130E+03	 9.33700E+02
 3.62436E+03	 9.33033E+02
 3.62741E+03	 9.32733E+02
 3.63046E+03	 9.34133E+02
 3.63351E+03	 9.32133E+02
 3.63656E+03	 9.31700E+02
 3.63960E+03	 9.33033E+02
 3.64265E+03	 9.30833E+02
 3.64569E+03	 9.29933E+02
 3.64873E+03	 9.32867E+02
 3.65177E+03	 9.29800E+02
 3.65481E+03	 9.32900E+02
 3.65785E+03	 9.30167E+02
 3.66089E+03	 9.29833E+02
 3.66392E+03	 9.29600E+02
 3.66695E+03	 9.30000E+02
 3.66999E+03	 9.31667E+02
 3.67302E+03	 9.29800E+02
 3.67605E+03	 9.30767E+02
 3.67908E+03	 9.29133E+02
 3.68210E+03	 9.28567E+02
 3.68513E+03	 9.27967E+02
 3.68815E+03	 9.27567E+02
 3.69117E+03	 9.28667E+02
 3.69420E+03	 9.27133E+02
 3.69722E+03	 9.28267E+02
 3.70023E+03	 9.27300E+02
 3.70325E+03	 9.29200E+02
 3.70627E+03	 9.27300E+02
 3.70928E+03	 9.26833E+02
 3.71230E+03	 9.28067E+02
 3.71531E+03	 9.26433E+02
 3.71832E+03	 9.25833E+02
 3.72133E+03	 9.26267E+02
 3.72434E+03	 9.26067E+02
 3.72734E+03	 9.26567E+02
 3.73035E+03	 9.23900E+02
 3.73335E+03	 9.27067E+02
 3.73635E+03	 9.26367E+02
 3.73936E+03	 9.25967E+02
 3.74236E+03	 9.25567E+02
 3.74535E+03	 9.25867E+02
 3.74835E+03	 9.25833E+02
 3.75135E+03	 9.24867E+02
 3.75434E+03	 9.24967E+02
 3.75733E+03	 9.24967E+02
 3.76033E+03	 9.24900E+02
 3.76332E+03	 9.24333E+02
 3.76631E+03	 9.23200E+02
 3.76929E+03	 9.24500E+02
 3.77228E+03	 9.23400E+02
 3.77527E+03	 9.23500E+02
 3.77825E+03	 9.21767E+02
 3.78123E+03	 9.22267E+02
 3.78421E+03	 9.24467E+02
 3.78719E+03	 9.21233E+02
