-1.40382E+02	 9.07633E+02
-1.35457E+02	 9.09300E+02
-1.30535E+02	 9.08300E+02
-1.25616E+02	 9.06967E+02
-1.20700E+02	 9.08200E+02
-1.15786E+02	 9.07933E+02
-1.10875E+02	 9.08300E+02
-1.05967E+02	 9.08600E+02
-1.01061E+02	 9.07167E+02
-9.61580E+01	 9.08567E+02
-9.12576E+01	 9.09100E+02
-8.63599E+01	 9.08667E+02
-8.14648E+01	 9.09233E+02
-7.65724E+01	 9.09000E+02
-7.16827E+01	 9.08767E+02
-6.67956E+01	 9.09900E+02
-6.19111E+01	 9.08900E+02
-5.70293E+01	 9.08300E+02
-5.21502E+01	 9.09567E+02
-4.72737E+01	 9.08900E+02
-4.23998E+01	 9.09433E+02
-3.75286E+01	 9.09100E+02
-3.26600E+01	 9.10500E+02
-2.77941E+01	 9.10167E+02
-2.29308E+01	 9.09500E+02
-1.80701E+01	 9.11000E+02
-1.32121E+01	 9.11733E+02
-8.35667E+00	 9.13333E+02
-3.50389E+00	 9.14867E+02
 1.34626E+00	 9.23867E+02
 6.19379E+00	 9.78600E+02
 1.10387E+01	 1.93267E+03
 1.58810E+01	 4.44797E+03
 2.07207E+01	 2.89220E+03
 2.55577E+01	 1.06287E+03
 3.03922E+01	 9.20700E+02
 3.52240E+01	 9.13533E+02
 4.00532E+01	 9.12667E+02
 4.48798E+01	 9.11567E+02
 4.97038E+01	 9.10633E+02
 5.45252E+01	 9.08667E+02
 5.93440E+01	 9.10767E+02
 6.41602E+01	 9.09333E+02
 6.89738E+01	 9.10500E+02
 7.37848E+01	 9.14200E+02
 7.85932E+01	 9.22300E+02
 8.33991E+01	 9.53567E+02
 8.82023E+01	 1.01927E+03
 9.30029E+01	 1.10933E+03
 9.78010E+01	 1.16133E+03
 1.02596E+02	 1.18780E+03
 1.07389E+02	 1.19907E+03
 1.12180E+02	 1.19550E+03
 1.16967E+02	 1.17260E+03
 1.21753E+02	 1.15563E+03
 1.26535E+02	 1.15450E+03
 1.31315E+02	 1.14780E+03
 1.36093E+02	 1.13273E+03
 1.40867E+02	 1.12233E+03
 1.45640E+02	 1.11683E+03
 1.50409E+02	 1.11057E+03
 1.55177E+02	 1.10027E+03
 1.59941E+02	 1.09317E+03
 1.64703E+02	 1.08530E+03
 1.69463E+02	 1.08030E+03
 1.74220E+02	 1.07547E+03
 1.78974E+02	 1.06747E+03
 1.83726E+02	 1.05960E+03
 1.88475E+02	 1.06243E+03
 1.93222E+02	 1.14620E+03
 1.97966E+02	 1.05163E+03
 2.02708E+02	 1.04840E+03
 2.07447E+02	 1.04537E+03
 2.12184E+02	 1.04400E+03
 2.16918E+02	 1.04367E+03
 2.21649E+02	 1.03693E+03
 2.26378E+02	 1.03067E+03
 2.31105E+02	 1.02930E+03
 2.35829E+02	 1.02567E+03
 2.40550E+02	 1.02570E+03
 2.45269E+02	 1.01983E+03
 2.49985E+02	 1.02450E+03
 2.54699E+02	 1.02123E+03
 2.59410E+02	 1.02107E+03
 2.64119E+02	 1.02170E+03
 2.68825E+02	 1.01410E+03
 2.73529E+02	 1.01390E+03
 2.78230E+02	 1.01067E+03
 2.82929E+02	 1.00957E+03
 2.87625E+02	 1.01157E+03
 2.92319E+02	 1.00893E+03
 2.97010E+02	 1.00843E+03
 3.01699E+02	 1.00373E+03
 3.06385E+02	 1.00420E+03
 3.11069E+02	 1.00827E+03
 3.15750E+02	 1.00687E+03
 3.20428E+02	 1.00877E+03
 3.25105E+02	 1.00747E+03
 3.29778E+02	 1.00170E+03
 3.34450E+02	 1.00460E+03
 3.39118E+02	 1.00360E+03
 3.43785E+02	 1.00627E+03
 3.48448E+02	 1.00287E+03
 3.53110E+02	 1.00270E+03
 3.57768E+02	 1.00143E+03
 3.62425E+02	 9.98867E+02
 3.67079E+02	 1.00007E+03
 3.71730E+02	 9.98333E+02
 3.76379E+02	 9.94300E+02
 3.81025E+02	 9.94767E+02
 3.85669E+02	 9.95033E+02
 3.90311E+02	 1.00050E+03
 3.94950E+02	 1.00380E+03
 3.99586E+02	 1.00613E+03
 4.04220E+02	 1.00963E+03
 4.08852E+02	 1.00897E+03
 4.13481E+02	 1.00813E+03
 4.18108E+02	 1.01513E+03
 4.22732E+02	 1.02350E+03
 4.27354E+02	 1.03100E+03
 4.31973E+02	 1.04973E+03
 4.36590E+02	 1.05213E+03
 4.41205E+02	 1.04090E+03
 4.45817E+02	 1.02670E+03
 4.50426E+02	 1.02183E+03
 4.55034E+02	 1.01707E+03
 4.59638E+02	 1.01367E+03
 4.64241E+02	 1.00353E+03
 4.68840E+02	 1.00277E+03
 4.73438E+02	 1.00340E+03
 4.78033E+02	 1.00577E+03
 4.82625E+02	 1.01150E+03
 4.87215E+02	 1.02883E+03
 4.91803E+02	 1.04817E+03
 4.96388E+02	 1.07277E+03
 5.00971E+02	 1.08937E+03
 5.05552E+02	 1.08820E+03
 5.10129E+02	 1.08220E+03
 5.14705E+02	 1.06837E+03
 5.19278E+02	 1.04333E+03
 5.23849E+02	 1.02180E+03
 5.28417E+02	 1.01120E+03
 5.32983E+02	 1.00360E+03
 5.37547E+02	 9.96067E+02
 5.42108E+02	 9.95033E+02
 5.46666E+02	 9.93633E+02
 5.51223E+02	 9.93700E+02
 5.55777E+02	 1.00087E+03
 5.60328E+02	 1.00073E+03
 5.64877E+02	 1.00360E+03
 5.69424E+02	 1.00400E+03
 5.73968E+02	 1.00440E+03
 5.78510E+02	 1.00263E+03
 5.83049E+02	 9.95467E+02
 5.87587E+02	 9.94633E+02
 5.92121E+02	 9.92267E+02
 5.96654E+02	 9.91233E+02
 6.01184E+02	 9.88733E+02
 6.05711E+02	 9.87333E+02
 6.10236E+02	 9.82767E+02
 6.14759E+02	 9.83267E+02
 6.19280E+02	 9.83233E+02
 6.23798E+02	 9.84033E+02
 6.28313E+02	 9.86033E+02
 6.32827E+02	 9.85567E+02
 6.37338E+02	 9.84733E+02
 6.41846E+02	 9.85433E+02
 6.46352E+02	 9.84933E+02
 6.50856E+02	 9.83867E+02
 6.55358E+02	 9.86933E+02
 6.59857E+02	 9.90967E+02
 6.64354E+02	 9.94433E+02
 6.68848E+02	 9.98700E+02
 6.73340E+02	 1.00043E+03
 6.77830E+02	 1.00227E+03
 6.82317E+02	 1.00663E+03
 6.86802E+02	 1.01330E+03
 6.91285E+02	 1.01970E+03
 6.95765E+02	 1.02107E+03
 7.00243E+02	 1.01293E+03
 7.04718E+02	 1.00530E+03
 7.09192E+02	 9.95700E+02
 7.13663E+02	 9.90433E+02
 7.18131E+02	 9.84467E+02
 7.22597E+02	 9.81133E+02
 7.27061E+02	 9.80700E+02
 7.31523E+02	 9.80000E+02
 7.35982E+02	 9.79300E+02
 7.40439E+02	 9.80233E+02
 7.44894E+02	 9.82033E+02
 7.49346E+02	 9.78600E+02
 7.53796E+02	 9.75267E+02
 7.58243E+02	 9.76700E+02
 7.62689E+02	 9.78533E+02
 7.67132E+02	 9.80067E+02
 7.71572E+02	 9.79067E+02
 7.76011E+02	 9.79300E+02
 7.80447E+02	 9.79667E+02
 7.84880E+02	 9.79667E+02
 7.89312E+02	 9.82733E+02
 7.93741E+02	 9.83733E+02
 7.98167E+02	 9.85500E+02
 8.02592E+02	 9.91033E+02
 8.07014E+02	 9.92700E+02
 8.11434E+02	 9.89133E+02
 8.15851E+02	 9.92533E+02
 8.20267E+02	 9.95200E+02
 8.24680E+02	 1.00423E+03
 8.29090E+02	 1.02840E+03
 8.33499E+02	 1.05680E+03
 8.37905E+02	 1.07480E+03
 8.42309E+02	 1.07683E+03
 8.46710E+02	 1.06783E+03
 8.51109E+02	 1.06037E+03
 8.55506E+02	 1.07603E+03
 8.59901E+02	 1.10657E+03
 8.64293E+02	 1.13937E+03
 8.68683E+02	 1.16007E+03
 8.73071E+02	 1.16183E+03
 8.77456E+02	 1.13387E+03
 8.81840E+02	 1.11340E+03
 8.86221E+02	 1.08937E+03
 8.90599E+02	 1.06587E+03
 8.94976E+02	 1.03830E+03
 8.99350E+02	 1.01517E+03
 9.03722E+02	 1.00060E+03
 9.08091E+02	 9.92833E+02
 9.12459E+02	 9.99167E+02
 9.16824E+02	 1.00493E+03
 9.21187E+02	 1.01740E+03
 9.25547E+02	 1.03383E+03
 9.29905E+02	 1.05010E+03
 9.34261E+02	 1.06083E+03
 9.38615E+02	 1.07333E+03
 9.42967E+02	 1.08307E+03
 9.47316E+02	 1.08023E+03
 9.51663E+02	 1.06087E+03
 9.56008E+02	 1.03033E+03
 9.60350E+02	 1.00863E+03
 9.64691E+02	 9.93533E+02
 9.69029E+02	 9.88400E+02
 9.73364E+02	 9.86567E+02
 9.77698E+02	 9.89467E+02
 9.82029E+02	 9.94867E+02
 9.86358E+02	 1.00117E+03
 9.90685E+02	 1.01560E+03
 9.95010E+02	 1.02193E+03
 9.99332E+02	 1.01860E+03
 1.00365E+03	 1.00953E+03
 1.00797E+03	 1.00347E+03
 1.01229E+03	 9.92200E+02
 1.01660E+03	 9.90167E+02
 1.02091E+03	 9.90667E+02
 1.02522E+03	 9.90100E+02
 1.02953E+03	 9.93633E+02
 1.03383E+03	 9.99367E+02
 1.03813E+03	 1.01260E+03
 1.04243E+03	 1.02957E+03
 1.04673E+03	 1.04810E+03
 1.05103E+03	 1.07243E+03
 1.05532E+03	 1.09427E+03
 1.05961E+03	 1.12600E+03
 1.06390E+03	 1.15743E+03
 1.06819E+03	 1.17110E+03
 1.07247E+03	 1.16650E+03
 1.07676E+03	 1.17313E+03
 1.08104E+03	 1.16747E+03
 1.08531E+03	 1.15700E+03
 1.08959E+03	 1.14843E+03
 1.09386E+03	 1.12847E+03
 1.09813E+03	 1.11537E+03
 1.10240E+03	 1.11453E+03
 1.10667E+03	 1.11027E+03
 1.11094E+03	 1.11607E+03
 1.11520E+03	 1.10800E+03
 1.11946E+03	 1.10330E+03
 1.12372E+03	 1.10907E+03
 1.12797E+03	 1.10993E+03
 1.13223E+03	 1.11077E+03
 1.13648E+03	 1.09900E+03
 1.14073E+03	 1.07427E+03
 1.14498E+03	 1.05153E+03
 1.14922E+03	 1.02360E+03
 1.15347E+03	 1.00320E+03
 1.15771E+03	 9.92967E+02
 1.16194E+03	 9.88333E+02
 1.16618E+03	 9.87100E+02
 1.17042E+03	 9.84433E+02
 1.17465E+03	 9.84700E+02
 1.17888E+03	 9.81467E+02
 1.18311E+03	 9.80967E+02
 1.18733E+03	 9.84267E+02
 1.19156E+03	 9.84567E+02
 1.19578E+03	 9.86000E+02
 1.20000E+03	 9.88933E+02
 1.20421E+03	 9.92433E+02
 1.20843E+03	 9.97233E+02
 1.21264E+03	 1.00440E+03
 1.21685E+03	 1.00820E+03
 1.22106E+03	 1.01563E+03
 1.22527E+03	 1.01810E+03
 1.22947E+03	 1.02600E+03
 1.23367E+03	 1.02750E+03
 1.23787E+03	 1.03103E+03
 1.24207E+03	 1.03997E+03
 1.24627E+03	 1.04217E+03
 1.25046E+03	 1.04933E+03
 1.25465E+03	 1.05930E+03
 1.25884E+03	 1.06430E+03
 1.26303E+03	 1.07037E+03
 1.26721E+03	 1.07673E+03
 1.27140E+03	 1.07547E+03
 1.27558E+03	 1.07623E+03
 1.27975E+03	 1.07007E+03
 1.28393E+03	 1.07010E+03
 1.28811E+03	 1.07227E+03
 1.29228E+03	 1.06930E+03
 1.29645E+03	 1.06270E+03
 1.30062E+03	 1.05290E+03
 1.30478E+03	 1.05140E+03
 1.30895E+03	 1.04467E+03
 1.31311E+03	 1.04587E+03
 1.31727E+03	 1.04517E+03
 1.32142E+03	 1.04623E+03
 1.32558E+03	 1.04547E+03
 1.32973E+03	 1.05090E+03
 1.33388E+03	 1.05073E+03
 1.33803E+03	 1.04910E+03
 1.34218E+03	 1.05163E+03
 1.34632E+03	 1.05057E+03
 1.35047E+03	 1.04363E+03
 1.35461E+03	 1.04760E+03
 1.35875E+03	 1.05310E+03
 1.36288E+03	 1.05697E+03
 1.36702E+03	 1.06007E+03
 1.37115E+03	 1.06470E+03
 1.37528E+03	 1.05183E+03
 1.37941E+03	 1.04730E+03
 1.38353E+03	 1.04747E+03
 1.38766E+03	 1.04353E+03
 1.39178E+03	 1.04187E+03
 1.39590E+03	 1.04363E+03
 1.40001E+03	 1.04030E+03
 1.40413E+03	 1.04030E+03
 1.40824E+03	 1.03863E+03
 1.41235E+03	 1.04023E+03
 1.41646E+03	 1.04047E+03
 1.42057E+03	 1.03977E+03
 1.42468E+03	 1.03880E+03
 1.42878E+03	 1.04090E+03
 1.43288E+03	 1.03853E+03
 1.43698E+03	 1.04013E+03
 1.44107E+03	 1.03693E+03
 1.44517E+03	 1.03457E+03
 1.44926E+03	 1.02917E+03
 1.45335E+03	 1.02947E+03
 1.45744E+03	 1.03883E+03
 1.46153E+03	 1.04440E+03
 1.46561E+03	 1.06353E+03
 1.46969E+03	 1.09437E+03
 1.47377E+03	 1.14113E+03
 1.47785E+03	 1.17010E+03
 1.48193E+03	 1.18627E+03
 1.48600E+03	 1.18820E+03
 1.49007E+03	 1.17240E+03
 1.49414E+03	 1.13670E+03
 1.49821E+03	 1.08613E+03
 1.50228E+03	 1.04157E+03
 1.50634E+03	 1.01813E+03
 1.51040E+03	 9.99833E+02
 1.51446E+03	 9.89933E+02
 1.51852E+03	 9.83433E+02
 1.52258E+03	 9.82333E+02
 1.52663E+03	 9.75200E+02
 1.53068E+03	 9.77767E+02
 1.53473E+03	 9.74033E+02
 1.53878E+03	 9.73333E+02
 1.54282E+03	 9.71067E+02
 1.54687E+03	 9.73333E+02
 1.55091E+03	 9.71633E+02
 1.55495E+03	 9.75367E+02
 1.55899E+03	 9.71933E+02
 1.56302E+03	 9.70667E+02
 1.56705E+03	 9.70833E+02
 1.57109E+03	 9.73900E+02
 1.57512E+03	 9.71633E+02
 1.57914E+03	 9.72067E+02
 1.58317E+03	 9.68600E+02
 1.58719E+03	 9.71000E+02
 1.59121E+03	 9.70933E+02
 1.59523E+03	 9.72000E+02
 1.59925E+03	 9.69600E+02
 1.60326E+03	 9.69800E+02
 1.60728E+03	 9.71833E+02
 1.61129E+03	 9.68667E+02
 1.61530E+03	 9.69600E+02
 1.61930E+03	 9.68900E+02
 1.62331E+03	 9.68433E+02
 1.62731E+03	 9.69400E+02
 1.63131E+03	 9.69367E+02
 1.63531E+03	 9.67367E+02
 1.63931E+03	 9.67200E+02
 1.64330E+03	 9.67833E+02
 1.64730E+03	 9.67100E+02
 1.65129E+03	 9.67500E+02
 1.65528E+03	 9.68300E+02
 1.65926E+03	 9.67667E+02
 1.66325E+03	 9.66833E+02
 1.66723E+03	 9.67200E+02
 1.67121E+03	 9.65733E+02
 1.67519E+03	 9.68300E+02
 1.67917E+03	 9.68367E+02
 1.68314E+03	 9.69133E+02
 1.68712E+03	 9.67233E+02
 1.69109E+03	 9.64467E+02
 1.69506E+03	 9.66200E+02
 1.69903E+03	 9.65333E+02
 1.70299E+03	 9.63800E+02
 1.70695E+03	 9.66567E+02
 1.71092E+03	 9.64700E+02
 1.71487E+03	 9.62533E+02
 1.71883E+03	 9.65133E+02
 1.72279E+03	 9.64067E+02
 1.72674E+03	 9.64767E+02
 1.73069E+03	 9.63733E+02
 1.73464E+03	 9.60567E+02
 1.73859E+03	 9.62800E+02
 1.74253E+03	 9.62300E+02
 1.74648E+03	 9.62700E+02
 1.75042E+03	 9.60633E+02
 1.75436E+03	 9.61767E+02
 1.75830E+03	 9.61033E+02
 1.76223E+03	 9.61800E+02
 1.76617E+03	 9.60367E+02
 1.77010E+03	 9.62433E+02
 1.77403E+03	 9.61767E+02
 1.77796E+03	 9.61967E+02
 1.78188E+03	 9.60767E+02
 1.78581E+03	 9.60467E+02
 1.78973E+03	 9.59700E+02
 1.79365E+03	 9.63767E+02
 1.79757E+03	 9.60567E+02
 1.80148E+03	 9.58500E+02
 1.80540E+03	 9.60067E+02
 1.80931E+03	 9.59900E+02
 1.81322E+03	 9.59933E+02
 1.81713E+03	 9.59500E+02
 1.82104E+03	 9.60767E+02
 1.82494E+03	 9.58933E+02
 1.82884E+03	 9.59333E+02
 1.83274E+03	 9.62233E+02
 1.83664E+03	 9.59600E+02
 1.84054E+03	 9.60167E+02
 1.84443E+03	 9.60667E+02
 1.84833E+03	 9.59433E+02
 1.85222E+03	 9.59500E+02
 1.85611E+03	 9.60533E+02
 1.85999E+03	 9.61067E+02
 1.86388E+03	 9.57833E+02
 1.86776E+03	 9.60033E+02
 1.87164E+03	 9.59167E+02
 1.87552E+03	 9.58433E+02
 1.87940E+03	 9.60867E+02
 1.88328E+03	 9.60167E+02
 1.88715E+03	 9.58467E+02
 1.89102E+03	 9.56933E+02
 1.89489E+03	 9.58100E+02
 1.89876E+03	 9.59100E+02
 1.90263E+03	 9.60533E+02
 1.90649E+03	 9.58667E+02
 1.91035E+03	 9.60000E+02
 1.91421E+03	 9.61533E+02
 1.91807E+03	 9.59967E+02
 1.92193E+03	 9.57667E+02
 1.92578E+03	 9.60167E+02
 1.92964E+03	 9.57600E+02
 1.93349E+03	 9.61900E+02
 1.93734E+03	 9.63233E+02
 1.94118E+03	 9.58400E+02
 1.94503E+03	 9.60533E+02
 1.94887E+03	 9.58533E+02
 1.95271E+03	 9.60267E+02
 1.95655E+03	 9.60567E+02
 1.96039E+03	 9.58967E+02
 1.96423E+03	 9.59033E+02
 1.96806E+03	 9.59600E+02
 1.97189E+03	 9.60733E+02
 1.97572E+03	 9.61300E+02
 1.97955E+03	 9.60167E+02
 1.98338E+03	 9.61100E+02
 1.98720E+03	 9.60300E+02
 1.99103E+03	 9.57533E+02
 1.99485E+03	 9.60667E+02
 1.99866E+03	 9.58367E+02
 2.00248E+03	 9.60067E+02
 2.00630E+03	 9.60200E+02
 2.01011E+03	 9.58433E+02
 2.01392E+03	 9.57900E+02
 2.01773E+03	 9.61133E+02
 2.02154E+03	 9.59133E+02
 2.02534E+03	 9.57933E+02
 2.02915E+03	 9.61900E+02
 2.03295E+03	 9.60867E+02
 2.03675E+03	 9.61567E+02
 2.04055E+03	 9.58633E+02
 2.04435E+03	 9.59633E+02
 2.04814E+03	 9.59967E+02
 2.05193E+03	 9.57267E+02
 2.05572E+03	 9.60200E+02
 2.05951E+03	 9.58400E+02
 2.06330E+03	 9.61200E+02
 2.06708E+03	 9.60300E+02
 2.07087E+03	 9.58667E+02
 2.07465E+03	 9.57533E+02
 2.07843E+03	 9.59233E+02
 2.08221E+03	 9.61467E+02
 2.08598E+03	 9.60600E+02
 2.08976E+03	 9.59900E+02
 2.09353E+03	 9.59600E+02
 2.09730E+03	 9.61933E+02
 2.10107E+03	 9.61367E+02
 2.10484E+03	 9.60700E+02
 2.10860E+03	 9.59300E+02
 2.11236E+03	 9.59133E+02
 2.11613E+03	 9.58567E+02
 2.11989E+03	 9.59600E+02
 2.12364E+03	 9.61433E+02
 2.12740E+03	 9.59233E+02
 2.13115E+03	 9.61533E+02
 2.13490E+03	 9.60800E+02
 2.13866E+03	 9.62000E+02
 2.14240E+03	 9.63067E+02
 2.14615E+03	 9.59300E+02
 2.14990E+03	 9.60200E+02
 2.15364E+03	 9.61767E+02
 2.15738E+03	 9.59333E+02
 2.16112E+03	 9.59500E+02
 2.16486E+03	 9.60533E+02
 2.16859E+03	 9.61867E+02
 2.17233E+03	 9.59533E+02
 2.17606E+03	 9.60000E+02
 2.17979E+03	 9.60800E+02
 2.18352E+03	 9.60000E+02
 2.18724E+03	 9.60733E+02
 2.19097E+03	 9.59433E+02
 2.19469E+03	 9.61167E+02
 2.19841E+03	 9.62533E+02
 2.20213E+03	 9.57833E+02
 2.20585E+03	 9.59433E+02
 2.20956E+03	 9.59300E+02
 2.21328E+03	 9.58133E+02
 2.21699E+03	 9.58133E+02
 2.22070E+03	 9.60867E+02
 2.22441E+03	 9.60833E+02
 2.22812E+03	 9.59500E+02
 2.23182E+03	 9.61900E+02
 2.23552E+03	 9.58067E+02
 2.23923E+03	 9.57300E+02
 2.24293E+03	 9.60633E+02
 2.24662E+03	 9.60800E+02
 2.25032E+03	 9.59667E+02
 2.25401E+03	 9.60267E+02
 2.25771E+03	 9.59000E+02
 2.26140E+03	 9.58333E+02
 2.26509E+03	 9.59067E+02
 2.26877E+03	 9.58400E+02
 2.27246E+03	 9.58533E+02
 2.27614E+03	 9.58233E+02
 2.27982E+03	 9.57400E+02
 2.28350E+03	 9.58167E+02
 2.28718E+03	 9.59800E+02
 2.29086E+03	 9.60233E+02
 2.29453E+03	 9.58500E+02
 2.29820E+03	 9.59100E+02
 2.30188E+03	 9.59867E+02
 2.30555E+03	 9.59700E+02
 2.30921E+03	 9.60533E+02
 2.31288E+03	 9.58167E+02
 2.31654E+03	 9.58633E+02
 2.32020E+03	 9.59633E+02
 2.32386E+03	 9.59667E+02
 2.32752E+03	 9.60667E+02
 2.33118E+03	 9.60500E+02
 2.33484E+03	 9.58600E+02
 2.33849E+03	 9.59467E+02
 2.34214E+03	 9.60300E+02
 2.34579E+03	 9.63233E+02
 2.34944E+03	 9.61233E+02
 2.35308E+03	 9.60400E+02
 2.35673E+03	 9.60800E+02
 2.36037E+03	 9.60567E+02
 2.36401E+03	 9.62600E+02
 2.36765E+03	 9.60233E+02
 2.37129E+03	 9.61867E+02
 2.37492E+03	 9.63467E+02
 2.37856E+03	 9.63433E+02
 2.38219E+03	 9.64033E+02
 2.38582E+03	 9.62667E+02
 2.38945E+03	 9.63967E+02
 2.39308E+03	 9.64367E+02
 2.39670E+03	 9.61567E+02
 2.40033E+03	 9.62867E+02
 2.40395E+03	 9.61233E+02
 2.40757E+03	 9.61433E+02
 2.41119E+03	 9.62600E+02
 2.41480E+03	 9.61233E+02
 2.41842E+03	 9.61100E+02
 2.42203E+03	 9.61867E+02
 2.42564E+03	 9.60067E+02
 2.42925E+03	 9.63367E+02
 2.43286E+03	 9.60367E+02
 2.43647E+03	 9.59500E+02
 2.44007E+03	 9.60600E+02
 2.44367E+03	 9.60400E+02
 2.44727E+03	 9.61700E+02
 2.45087E+03	 9.64100E+02
 2.45447E+03	 9.61933E+02
 2.45807E+03	 9.63900E+02
 2.46166E+03	 9.61333E+02
 2.46525E+03	 9.60867E+02
 2.46884E+03	 9.62900E+02
 2.47243E+03	 9.62300E+02
 2.47602E+03	 9.63900E+02
 2.47960E+03	 9.63400E+02
 2.48319E+03	 9.61867E+02
 2.48677E+03	 9.63500E+02
 2.49035E+03	 9.62367E+02
 2.49393E+03	 9.63433E+02
 2.49751E+03	 9.63200E+02
 2.50108E+03	 9.63200E+02
 2.50465E+03	 9.63333E+02
 2.50823E+03	 9.65300E+02
 2.51180E+03	 9.64733E+02
 2.51536E+03	 9.65167E+02
 2.51893E+03	 9.66700E+02
 2.52250E+03	 9.67800E+02
 2.52606E+03	 9.65833E+02
 2.52962E+03	 9.65900E+02
 2.53318E+03	 9.68567E+02
 2.53674E+03	 9.68067E+02
 2.54029E+03	 9.68667E+02
 2.54385E+03	 9.67333E+02
 2.54740E+03	 9.68300E+02
 2.55095E+03	 9.66167E+02
 2.55450E+03	 9.70600E+02
 2.55805E+03	 9.67867E+02
 2.56160E+03	 9.68667E+02
 2.56514E+03	 9.67033E+02
 2.56868E+03	 9.71867E+02
 2.57222E+03	 9.68767E+02
 2.57576E+03	 9.68500E+02
 2.57930E+03	 9.69000E+02
 2.58284E+03	 9.69233E+02
 2.58637E+03	 9.66833E+02
 2.58991E+03	 9.69233E+02
 2.59344E+03	 9.69600E+02
 2.59697E+03	 9.70233E+02
 2.60049E+03	 9.69267E+02
 2.60402E+03	 9.71400E+02
 2.60754E+03	 9.69733E+02
 2.61107E+03	 9.68933E+02
 2.61459E+03	 9.67300E+02
 2.61811E+03	 9.70467E+02
 2.62162E+03	 9.72433E+02
 2.62514E+03	 9.69800E+02
 2.62865E+03	 9.73633E+02
 2.63217E+03	 9.72133E+02
 2.63568E+03	 9.73500E+02
 2.63919E+03	 9.71933E+02
 2.64269E+03	 9.74767E+02
 2.64620E+03	 9.78167E+02
 2.64970E+03	 9.73433E+02
 2.65321E+03	 9.76333E+02
 2.65671E+03	 9.76400E+02
 2.66021E+03	 9.76700E+02
 2.66370E+03	 9.77200E+02
 2.66720E+03	 9.76400E+02
 2.67069E+03	 9.81967E+02
 2.67419E+03	 9.80600E+02
 2.67768E+03	 9.79800E+02
 2.68117E+03	 9.81833E+02
 2.68466E+03	 9.82900E+02
 2.68814E+03	 9.85067E+02
 2.69163E+03	 9.86500E+02
 2.69511E+03	 9.86367E+02
 2.69859E+03	 9.87733E+02
 2.70207E+03	 9.93000E+02
 2.70555E+03	 9.90733E+02
 2.70902E+03	 9.95233E+02
 2.71250E+03	 9.96067E+02
 2.71597E+03	 9.96767E+02
 2.71944E+03	 9.99433E+02
 2.72291E+03	 1.00613E+03
 2.72638E+03	 1.00703E+03
 2.72984E+03	 1.00917E+03
 2.73331E+03	 1.01447E+03
 2.73677E+03	 1.02143E+03
 2.74023E+03	 1.02363E+03
 2.74369E+03	 1.02437E+03
 2.74715E+03	 1.02887E+03
 2.75061E+03	 1.03387E+03
 2.75406E+03	 1.03013E+03
 2.75752E+03	 1.03673E+03
 2.76097E+03	 1.02760E+03
 2.76442E+03	 1.03497E+03
 2.76786E+03	 1.03847E+03
 2.77131E+03	 1.03510E+03
 2.77476E+03	 1.02990E+03
 2.77820E+03	 1.03407E+03
 2.78164E+03	 1.03250E+03
 2.78508E+03	 1.03363E+03
 2.78852E+03	 1.03440E+03
 2.79196E+03	 1.03403E+03
 2.79539E+03	 1.03063E+03
 2.79883E+03	 1.03297E+03
 2.80226E+03	 1.04303E+03
 2.80569E+03	 1.04177E+03
 2.80912E+03	 1.03997E+03
 2.81254E+03	 1.04963E+03
 2.81597E+03	 1.05420E+03
 2.81939E+03	 1.05963E+03
 2.82282E+03	 1.06127E+03
 2.82624E+03	 1.07213E+03
 2.82966E+03	 1.08113E+03
 2.83307E+03	 1.08077E+03
 2.83649E+03	 1.10217E+03
 2.83990E+03	 1.10457E+03
 2.84332E+03	 1.11370E+03
 2.84673E+03	 1.12683E+03
 2.85014E+03	 1.14620E+03
 2.85354E+03	 1.14750E+03
 2.85695E+03	 1.18167E+03
 2.86036E+03	 1.19817E+03
 2.86376E+03	 1.21173E+03
 2.86716E+03	 1.23530E+03
 2.87056E+03	 1.27217E+03
 2.87396E+03	 1.30623E+03
 2.87736E+03	 1.33680E+03
 2.88075E+03	 1.39313E+03
 2.88414E+03	 1.44257E+03
 2.88754E+03	 1.52230E+03
 2.89093E+03	 1.55747E+03
 2.89431E+03	 1.58013E+03
 2.89770E+03	 1.61477E+03
 2.90109E+03	 1.64217E+03
 2.90447E+03	 1.65843E+03
 2.90785E+03	 1.64297E+03
 2.91123E+03	 1.61117E+03
 2.91461E+03	 1.59237E+03
 2.91799E+03	 1.58693E+03
 2.92137E+03	 1.58043E+03
 2.92474E+03	 1.55327E+03
 2.92811E+03	 1.56513E+03
 2.93149E+03	 1.57790E+03
 2.93486E+03	 1.57310E+03
 2.93822E+03	 1.59183E+03
 2.94159E+03	 1.61640E+03
 2.94496E+03	 1.61933E+03
 2.94832E+03	 1.64007E+03
 2.95168E+03	 1.62023E+03
 2.95504E+03	 1.64697E+03
 2.95840E+03	 1.63350E+03
 2.96176E+03	 1.62007E+03
 2.96511E+03	 1.62040E+03
 2.96847E+03	 1.58333E+03
 2.97182E+03	 1.53773E+03
 2.97517E+03	 1.52353E+03
 2.97852E+03	 1.47707E+03
 2.98187E+03	 1.43700E+03
 2.98521E+03	 1.40007E+03
 2.98856E+03	 1.32470E+03
 2.99190E+03	 1.28497E+03
 2.99524E+03	 1.22780E+03
 2.99858E+03	 1.18250E+03
 3.00192E+03	 1.15423E+03
 3.00526E+03	 1.12797E+03
 3.00859E+03	 1.10023E+03
 3.01193E+03	 1.06973E+03
 3.01526E+03	 1.06120E+03
 3.01859E+03	 1.04973E+03
 3.02192E+03	 1.03153E+03
 3.02525E+03	 1.02900E+03
 3.02857E+03	 1.02417E+03
 3.03190E+03	 1.01270E+03
 3.03522E+03	 1.00603E+03
 3.03854E+03	 1.00263E+03
 3.04186E+03	 1.00180E+03
 3.04518E+03	 9.97333E+02
 3.04850E+03	 9.90967E+02
 3.05181E+03	 9.96100E+02
 3.05512E+03	 9.92433E+02
 3.05844E+03	 9.92400E+02
 3.06175E+03	 9.92667E+02
 3.06506E+03	 9.91267E+02
 3.06836E+03	 9.91200E+02
 3.07167E+03	 9.86533E+02
 3.07497E+03	 9.87033E+02
 3.07828E+03	 9.90767E+02
 3.08158E+03	 9.87500E+02
 3.08488E+03	 9.90367E+02
 3.08818E+03	 9.89500E+02
 3.09147E+03	 9.87900E+02
 3.09477E+03	 9.89400E+02
 3.09806E+03	 9.91467E+02
 3.10135E+03	 9.93200E+02
 3.10464E+03	 9.87867E+02
 3.10793E+03	 9.92933E+02
 3.11122E+03	 9.93067E+02
 3.11451E+03	 9.92867E+02
 3.11779E+03	 9.90533E+02
 3.12107E+03	 9.95767E+02
 3.12436E+03	 9.94833E+02
 3.12764E+03	 9.97267E+02
 3.13091E+03	 9.94967E+02
 3.13419E+03	 9.99133E+02
 3.13747E+03	 1.00130E+03
 3.14074E+03	 1.00060E+03
 3.14401E+03	 1.00540E+03
 3.14728E+03	 1.00837E+03
 3.15055E+03	 1.00863E+03
 3.15382E+03	 1.01013E+03
 3.15709E+03	 1.00787E+03
 3.16035E+03	 1.01020E+03
 3.16362E+03	 1.01330E+03
 3.16688E+03	 1.01220E+03
 3.17014E+03	 1.01450E+03
 3.17340E+03	 1.01717E+03
 3.17665E+03	 1.02013E+03
 3.17991E+03	 1.01747E+03
 3.18316E+03	 1.01913E+03
 3.18642E+03	 1.01940E+03
 3.18967E+03	 1.02577E+03
 3.19292E+03	 1.02507E+03
 3.19617E+03	 1.02673E+03
 3.19941E+03	 1.03060E+03
 3.20266E+03	 1.03313E+03
 3.20590E+03	 1.03603E+03
 3.20914E+03	 1.03423E+03
 3.21238E+03	 1.03770E+03
 3.21562E+03	 1.03287E+03
 3.21886E+03	 1.03880E+03
 3.22210E+03	 1.04627E+03
 3.22533E+03	 1.04020E+03
 3.22857E+03	 1.04573E+03
 3.23180E+03	 1.04440E+03
 3.23503E+03	 1.04827E+03
 3.23826E+03	 1.05283E+03
 3.24148E+03	 1.05237E+03
 3.24471E+03	 1.05383E+03
 3.24793E+03	 1.05907E+03
 3.25116E+03	 1.05967E+03
 3.25438E+03	 1.05753E+03
 3.25760E+03	 1.05963E+03
 3.26082E+03	 1.06147E+03
 3.26403E+03	 1.06740E+03
 3.26725E+03	 1.06220E+03
 3.27046E+03	 1.07160E+03
 3.27368E+03	 1.07467E+03
 3.27689E+03	 1.06740E+03
 3.28010E+03	 1.06290E+03
 3.28331E+03	 1.06950E+03
 3.28651E+03	 1.07560E+03
 3.28972E+03	 1.07343E+03
 3.29292E+03	 1.07160E+03
 3.29612E+03	 1.07347E+03
 3.29932E+03	 1.07417E+03
 3.30252E+03	 1.07203E+03
 3.30572E+03	 1.06923E+03
 3.30892E+03	 1.07680E+03
 3.31211E+03	 1.07777E+03
 3.31531E+03	 1.07410E+03
 3.31850E+03	 1.07650E+03
 3.32169E+03	 1.07233E+03
 3.32488E+03	 1.07650E+03
 3.32807E+03	 1.08487E+03
 3.33125E+03	 1.07767E+03
 3.33444E+03	 1.07640E+03
 3.33762E+03	 1.08177E+03
 3.34080E+03	 1.07477E+03
 3.34398E+03	 1.07400E+03
 3.34716E+03	 1.07913E+03
 3.35034E+03	 1.07987E+03
 3.35351E+03	 1.08240E+03
 3.35669E+03	 1.07573E+03
 3.35986E+03	 1.08487E+03
 3.36303E+03	 1.08757E+03
 3.36620E+03	 1.08593E+03
 3.36937E+03	 1.07907E+03
 3.37254E+03	 1.08770E+03
 3.37570E+03	 1.08837E+03
 3.37887E+03	 1.08080E+03
 3.38203E+03	 1.08487E+03
 3.38519E+03	 1.08380E+03
 3.38835E+03	 1.08157E+03
 3.39151E+03	 1.08683E+03
 3.39467E+03	 1.08273E+03
 3.39782E+03	 1.08177E+03
 3.40098E+03	 1.08860E+03
 3.40413E+03	 1.07973E+03
 3.40728E+03	 1.08730E+03
 3.41043E+03	 1.08237E+03
 3.41358E+03	 1.08243E+03
 3.41673E+03	 1.07940E+03
 3.41987E+03	 1.08273E+03
 3.42302E+03	 1.08320E+03
 3.42616E+03	 1.07763E+03
 3.42930E+03	 1.07717E+03
 3.43244E+03	 1.08057E+03
 3.43558E+03	 1.07900E+03
 3.43872E+03	 1.07220E+03
 3.44185E+03	 1.06687E+03
 3.44499E+03	 1.07273E+03
 3.44812E+03	 1.06873E+03
 3.45125E+03	 1.06107E+03
 3.45438E+03	 1.06413E+03
 3.45751E+03	 1.06907E+03
 3.46064E+03	 1.07177E+03
 3.46376E+03	 1.07030E+03
 3.46689E+03	 1.06010E+03
 3.47001E+03	 1.06353E+03
 3.47313E+03	 1.05967E+03
 3.47625E+03	 1.05993E+03
 3.47937E+03	 1.05420E+03
 3.48249E+03	 1.04537E+03
 3.48560E+03	 1.04933E+03
 3.48872E+03	 1.04993E+03
 3.49183E+03	 1.04603E+03
 3.49494E+03	 1.04603E+03
 3.49805E+03	 1.03980E+03
 3.50116E+03	 1.03697E+03
 3.50427E+03	 1.03730E+03
 3.50737E+03	 1.03787E+03
 3.51048E+03	 1.03003E+03
 3.51358E+03	 1.02100E+03
 3.51668E+03	 1.02220E+03
 3.51978E+03	 1.02847E+03
 3.52288E+03	 1.01867E+03
 3.52598E+03	 1.01547E+03
 3.52907E+03	 1.01273E+03
 3.53217E+03	 1.01440E+03
 3.53526E+03	 1.01080E+03
 3.53835E+03	 1.00250E+03
 3.54144E+03	 1.00253E+03
 3.54453E+03	 1.00650E+03
 3.54762E+03	 1.00277E+03
 3.55071E+03	 9.99033E+02
 3.55379E+03	 9.98800E+02
 3.55687E+03	 9.96267E+02
 3.55996E+03	 9.93000E+02
 3.56304E+03	 9.94633E+02
 3.56612E+03	 9.90733E+02
 3.56919E+03	 9.90300E+02
 3.57227E+03	 9.86800E+02
 3.57535E+03	 9.86733E+02
 3.57842E+03	 9.83467E+02
 3.58149E+03	 9.80233E+02
 3.58456E+03	 9.75367E+02
 3.58763E+03	 9.73933E+02
 3.59070E+03	 9.69367E+02
 3.59377E+03	 9.71000E+02
 3.59683E+03	 9.70033E+02
 3.59990E+03	 9.71367E+02
 3.60296E+03	 9.71467E+02
 3.60602E+03	 9.66333E+02
 3.60908E+03	 9.66900E+02
 3.61214E+03	 9.64567E+02
 3.61519E+03	 9.59933E+02
 3.61825E+03	 9.63167E+02
 3.62130E+03	 9.61367E+02
 3.62436E+03	 9.56367E+02
 3.62741E+03	 9.55033E+02
 3.63046E+03	 9.54700E+02
 3.63351E+03	 9.52733E+02
 3.63656E+03	 9.50067E+02
 3.63960E+03	 9.48300E+02
 3.64265E+03	 9.46900E+02
 3.64569E+03	 9.47333E+02
 3.64873E+03	 9.45667E+02
 3.65177E+03	 9.47100E+02
 3.65481E+03	 9.44700E+02
 3.65785E+03	 9.43367E+02
 3.66089E+03	 9.41733E+02
 3.66392E+03	 9.43400E+02
 3.66695E+03	 9.43833E+02
 3.66999E+03	 9.40233E+02
 3.67302E+03	 9.41600E+02
 3.67605E+03	 9.38433E+02
 3.67908E+03	 9.40133E+02
 3.68210E+03	 9.39167E+02
 3.68513E+03	 9.37133E+02
 3.68815E+03	 9.36167E+02
 3.69117E+03	 9.37633E+02
 3.69420E+03	 9.38267E+02
 3.69722E+03	 9.35300E+02
 3.70023E+03	 9.35533E+02
 3.70325E+03	 9.34267E+02
 3.70627E+03	 9.35467E+02
 3.70928E+03	 9.34333E+02
 3.71230E+03	 9.36400E+02
 3.71531E+03	 9.33833E+02
 3.71832E+03	 9.33467E+02
 3.72133E+03	 9.33533E+02
 3.72434E+03	 9.34000E+02
 3.72734E+03	 9.32133E+02
 3.73035E+03	 9.34533E+02
 3.73335E+03	 9.31033E+02
 3.73635E+03	 9.30633E+02
 3.73936E+03	 9.30300E+02
 3.74236E+03	 9.32300E+02
 3.74535E+03	 9.30200E+02
 3.74835E+03	 9.32133E+02
 3.75135E+03	 9.30133E+02
 3.75434E+03	 9.29500E+02
 3.75733E+03	 9.32200E+02
 3.76033E+03	 9.30600E+02
 3.76332E+03	 9.32533E+02
 3.76631E+03	 9.30567E+02
 3.76929E+03	 9.30633E+02
 3.77228E+03	 9.27033E+02
 3.77527E+03	 9.28300E+02
 3.77825E+03	 9.28133E+02
 3.78123E+03	 9.29933E+02
 3.78421E+03	 9.32567E+02
 3.78719E+03	 9.27200E+02
