-1.40382E+02	 9.07867E+02
-1.35457E+02	 9.07633E+02
-1.30535E+02	 9.06700E+02
-1.25616E+02	 9.05967E+02
-1.20700E+02	 9.07400E+02
-1.15786E+02	 9.07433E+02
-1.10875E+02	 9.07533E+02
-1.05967E+02	 9.07700E+02
-1.01061E+02	 9.08167E+02
-9.61580E+01	 9.07967E+02
-9.12576E+01	 9.07733E+02
-8.63599E+01	 9.07333E+02
-8.14648E+01	 9.08300E+02
-7.65724E+01	 9.06267E+02
-7.16827E+01	 9.07433E+02
-6.67956E+01	 9.08867E+02
-6.19111E+01	 9.08500E+02
-5.70293E+01	 9.07133E+02
-5.21502E+01	 9.08667E+02
-4.72737E+01	 9.07567E+02
-4.23998E+01	 9.08767E+02
-3.75286E+01	 9.08367E+02
-3.26600E+01	 9.08367E+02
-2.77941E+01	 9.09733E+02
-2.29308E+01	 9.10167E+02
-1.80701E+01	 9.11567E+02
-1.32121E+01	 9.11833E+02
-8.35667E+00	 9.11767E+02
-3.50389E+00	 9.14733E+02
 1.34626E+00	 9.22967E+02
 6.19379E+00	 1.00333E+03
 1.10387E+01	 2.21677E+03
 1.58810E+01	 4.36487E+03
 2.07207E+01	 2.68793E+03
 2.55577E+01	 1.05090E+03
 3.03922E+01	 9.17867E+02
 3.52240E+01	 9.12133E+02
 4.00532E+01	 9.11600E+02
 4.48798E+01	 9.09033E+02
 4.97038E+01	 9.09767E+02
 5.45252E+01	 9.08167E+02
 5.93440E+01	 9.10167E+02
 6.41602E+01	 9.08533E+02
 6.89738E+01	 9.09833E+02
 7.37848E+01	 9.11000E+02
 7.85932E+01	 9.16033E+02
 8.33991E+01	 9.38033E+02
 8.82023E+01	 9.79433E+02
 9.30029E+01	 1.02543E+03
 9.78010E+01	 1.06603E+03
 1.02596E+02	 1.09217E+03
 1.07389E+02	 1.10920E+03
 1.12180E+02	 1.10570E+03
 1.16967E+02	 1.10743E+03
 1.21753E+02	 1.10063E+03
 1.26535E+02	 1.09827E+03
 1.31315E+02	 1.09623E+03
 1.36093E+02	 1.09373E+03
 1.40867E+02	 1.09713E+03
 1.45640E+02	 1.09137E+03
 1.50409E+02	 1.09420E+03
 1.55177E+02	 1.08900E+03
 1.59941E+02	 1.09460E+03
 1.64703E+02	 1.09220E+03
 1.69463E+02	 1.08723E+03
 1.74220E+02	 1.08287E+03
 1.78974E+02	 1.07553E+03
 1.83726E+02	 1.07670E+03
 1.88475E+02	 1.07297E+03
 1.93222E+02	 1.07223E+03
 1.97966E+02	 1.06767E+03
 2.02708E+02	 1.07103E+03
 2.07447E+02	 1.06797E+03
 2.12184E+02	 1.07227E+03
 2.16918E+02	 1.07983E+03
 2.21649E+02	 1.07893E+03
 2.26378E+02	 1.07733E+03
 2.31105E+02	 1.07600E+03
 2.35829E+02	 1.07997E+03
 2.40550E+02	 1.09327E+03
 2.45269E+02	 1.10663E+03
 2.49985E+02	 1.11530E+03
 2.54699E+02	 1.12370E+03
 2.59410E+02	 1.13023E+03
 2.64119E+02	 1.13753E+03
 2.68825E+02	 1.12817E+03
 2.73529E+02	 1.11640E+03
 2.78230E+02	 1.09670E+03
 2.82929E+02	 1.07160E+03
 2.87625E+02	 1.06277E+03
 2.92319E+02	 1.05613E+03
 2.97010E+02	 1.05440E+03
 3.01699E+02	 1.05533E+03
 3.06385E+02	 1.05357E+03
 3.11069E+02	 1.04547E+03
 3.15750E+02	 1.04483E+03
 3.20428E+02	 1.04420E+03
 3.25105E+02	 1.04623E+03
 3.29778E+02	 1.03860E+03
 3.34450E+02	 1.03693E+03
 3.39118E+02	 1.03333E+03
 3.43785E+02	 1.04077E+03
 3.48448E+02	 1.04087E+03
 3.53110E+02	 1.03483E+03
 3.57768E+02	 1.03627E+03
 3.62425E+02	 1.03540E+03
 3.67079E+02	 1.03333E+03
 3.71730E+02	 1.03900E+03
 3.76379E+02	 1.03327E+03
 3.81025E+02	 1.04060E+03
 3.85669E+02	 1.03653E+03
 3.90311E+02	 1.03663E+03
 3.94950E+02	 1.03337E+03
 3.99586E+02	 1.03850E+03
 4.04220E+02	 1.03677E+03
 4.08852E+02	 1.03390E+03
 4.13481E+02	 1.03490E+03
 4.18108E+02	 1.04040E+03
 4.22732E+02	 1.04297E+03
 4.27354E+02	 1.03993E+03
 4.31973E+02	 1.03800E+03
 4.36590E+02	 1.03287E+03
 4.41205E+02	 1.03887E+03
 4.45817E+02	 1.03953E+03
 4.50426E+02	 1.03800E+03
 4.55034E+02	 1.03173E+03
 4.59638E+02	 1.03410E+03
 4.64241E+02	 1.03587E+03
 4.68840E+02	 1.03997E+03
 4.73438E+02	 1.04123E+03
 4.78033E+02	 1.02983E+03
 4.82625E+02	 1.03517E+03
 4.87215E+02	 1.04350E+03
 4.91803E+02	 1.04363E+03
 4.96388E+02	 1.04640E+03
 5.00971E+02	 1.04083E+03
 5.05552E+02	 1.04483E+03
 5.10129E+02	 1.04713E+03
 5.14705E+02	 1.04207E+03
 5.19278E+02	 1.04203E+03
 5.23849E+02	 1.04113E+03
 5.28417E+02	 1.03593E+03
 5.32983E+02	 1.03260E+03
 5.37547E+02	 1.03383E+03
 5.42108E+02	 1.03910E+03
 5.46666E+02	 1.03253E+03
 5.51223E+02	 1.03433E+03
 5.55777E+02	 1.03387E+03
 5.60328E+02	 1.03580E+03
 5.64877E+02	 1.03903E+03
 5.69424E+02	 1.04013E+03
 5.73968E+02	 1.03393E+03
 5.78510E+02	 1.03737E+03
 5.83049E+02	 1.03910E+03
 5.87587E+02	 1.04157E+03
 5.92121E+02	 1.03350E+03
 5.96654E+02	 1.03460E+03
 6.01184E+02	 1.03723E+03
 6.05711E+02	 1.03263E+03
 6.10236E+02	 1.03753E+03
 6.14759E+02	 1.03747E+03
 6.19280E+02	 1.04073E+03
 6.23798E+02	 1.03933E+03
 6.28313E+02	 1.03563E+03
 6.32827E+02	 1.03663E+03
 6.37338E+02	 1.03397E+03
 6.41846E+02	 1.03073E+03
 6.46352E+02	 1.03310E+03
 6.50856E+02	 1.03140E+03
 6.55358E+02	 1.03480E+03
 6.59857E+02	 1.03453E+03
 6.64354E+02	 1.03883E+03
 6.68848E+02	 1.03823E+03
 6.73340E+02	 1.03813E+03
 6.77830E+02	 1.03593E+03
 6.82317E+02	 1.03207E+03
 6.86802E+02	 1.03240E+03
 6.91285E+02	 1.03757E+03
 6.95765E+02	 1.04053E+03
 7.00243E+02	 1.03503E+03
 7.04718E+02	 1.03593E+03
 7.09192E+02	 1.03703E+03
 7.13663E+02	 1.03403E+03
 7.18131E+02	 1.03017E+03
 7.22597E+02	 1.04107E+03
 7.27061E+02	 1.03957E+03
 7.31523E+02	 1.03217E+03
 7.35982E+02	 1.02663E+03
 7.40439E+02	 1.03233E+03
 7.44894E+02	 1.03457E+03
 7.49346E+02	 1.03197E+03
 7.53796E+02	 1.03427E+03
 7.58243E+02	 1.03263E+03
 7.62689E+02	 1.02953E+03
 7.67132E+02	 1.02920E+03
 7.71572E+02	 1.03013E+03
 7.76011E+02	 1.03180E+03
 7.80447E+02	 1.02493E+03
 7.84880E+02	 1.03013E+03
 7.89312E+02	 1.03037E+03
 7.93741E+02	 1.03250E+03
 7.98167E+02	 1.03343E+03
 8.02592E+02	 1.03240E+03
 8.07014E+02	 1.03097E+03
 8.11434E+02	 1.03623E+03
 8.15851E+02	 1.03690E+03
 8.20267E+02	 1.03417E+03
 8.24680E+02	 1.03370E+03
 8.29090E+02	 1.03943E+03
 8.33499E+02	 1.04220E+03
 8.37905E+02	 1.04233E+03
 8.42309E+02	 1.04500E+03
 8.46710E+02	 1.03743E+03
 8.51109E+02	 1.04310E+03
 8.55506E+02	 1.04500E+03
 8.59901E+02	 1.05133E+03
 8.64293E+02	 1.04927E+03
 8.68683E+02	 1.05037E+03
 8.73071E+02	 1.05610E+03
 8.77456E+02	 1.04833E+03
 8.81840E+02	 1.04613E+03
 8.86221E+02	 1.04023E+03
 8.90599E+02	 1.04470E+03
 8.94976E+02	 1.03933E+03
 8.99350E+02	 1.03463E+03
 9.03722E+02	 1.03203E+03
 9.08091E+02	 1.02880E+03
 9.12459E+02	 1.03110E+03
 9.16824E+02	 1.03493E+03
 9.21187E+02	 1.03147E+03
 9.25547E+02	 1.03683E+03
 9.29905E+02	 1.04177E+03
 9.34261E+02	 1.04097E+03
 9.38615E+02	 1.04287E+03
 9.42967E+02	 1.04100E+03
 9.47316E+02	 1.04167E+03
 9.51663E+02	 1.03667E+03
 9.56008E+02	 1.03650E+03
 9.60350E+02	 1.03563E+03
 9.64691E+02	 1.03313E+03
 9.69029E+02	 1.03263E+03
 9.73364E+02	 1.03560E+03
 9.77698E+02	 1.03440E+03
 9.82029E+02	 1.03123E+03
 9.86358E+02	 1.02890E+03
 9.90685E+02	 1.03987E+03
 9.95010E+02	 1.03770E+03
 9.99332E+02	 1.03637E+03
 1.00365E+03	 1.03813E+03
 1.00797E+03	 1.03980E+03
 1.01229E+03	 1.03657E+03
 1.01660E+03	 1.03123E+03
 1.02091E+03	 1.03620E+03
 1.02522E+03	 1.03607E+03
 1.02953E+03	 1.03940E+03
 1.03383E+03	 1.03417E+03
 1.03813E+03	 1.03383E+03
 1.04243E+03	 1.03690E+03
 1.04673E+03	 1.04157E+03
 1.05103E+03	 1.04477E+03
 1.05532E+03	 1.04383E+03
 1.05961E+03	 1.05537E+03
 1.06390E+03	 1.04913E+03
 1.06819E+03	 1.05097E+03
 1.07247E+03	 1.05873E+03
 1.07676E+03	 1.06137E+03
 1.08104E+03	 1.05757E+03
 1.08531E+03	 1.05970E+03
 1.08959E+03	 1.05823E+03
 1.09386E+03	 1.05567E+03
 1.09813E+03	 1.05993E+03
 1.10240E+03	 1.05647E+03
 1.10667E+03	 1.05497E+03
 1.11094E+03	 1.05290E+03
 1.11520E+03	 1.04897E+03
 1.11946E+03	 1.04590E+03
 1.12372E+03	 1.04947E+03
 1.12797E+03	 1.05130E+03
 1.13223E+03	 1.04653E+03
 1.13648E+03	 1.04710E+03
 1.14073E+03	 1.04333E+03
 1.14498E+03	 1.03887E+03
 1.14922E+03	 1.04787E+03
 1.15347E+03	 1.03690E+03
 1.15771E+03	 1.03380E+03
 1.16194E+03	 1.03647E+03
 1.16618E+03	 1.03213E+03
 1.17042E+03	 1.02963E+03
 1.17465E+03	 1.03613E+03
 1.17888E+03	 1.03383E+03
 1.18311E+03	 1.03277E+03
 1.18733E+03	 1.03263E+03
 1.19156E+03	 1.02700E+03
 1.19578E+03	 1.03443E+03
 1.20000E+03	 1.03507E+03
 1.20421E+03	 1.03303E+03
 1.20843E+03	 1.03617E+03
 1.21264E+03	 1.03757E+03
 1.21685E+03	 1.03950E+03
 1.22106E+03	 1.03690E+03
 1.22527E+03	 1.03480E+03
 1.22947E+03	 1.04010E+03
 1.23367E+03	 1.04123E+03
 1.23787E+03	 1.04017E+03
 1.24207E+03	 1.03843E+03
 1.24627E+03	 1.04463E+03
 1.25046E+03	 1.04187E+03
 1.25465E+03	 1.04327E+03
 1.25884E+03	 1.04607E+03
 1.26303E+03	 1.04373E+03
 1.26721E+03	 1.04403E+03
 1.27140E+03	 1.04610E+03
 1.27558E+03	 1.04640E+03
 1.27975E+03	 1.04473E+03
 1.28393E+03	 1.04667E+03
 1.28811E+03	 1.04693E+03
 1.29228E+03	 1.04477E+03
 1.29645E+03	 1.04340E+03
 1.30062E+03	 1.04163E+03
 1.30478E+03	 1.04053E+03
 1.30895E+03	 1.03943E+03
 1.31311E+03	 1.04320E+03
 1.31727E+03	 1.04093E+03
 1.32142E+03	 1.03907E+03
 1.32558E+03	 1.04613E+03
 1.32973E+03	 1.04400E+03
 1.33388E+03	 1.04443E+03
 1.33803E+03	 1.04537E+03
 1.34218E+03	 1.04753E+03
 1.34632E+03	 1.05067E+03
 1.35047E+03	 1.04287E+03
 1.35461E+03	 1.05063E+03
 1.35875E+03	 1.05243E+03
 1.36288E+03	 1.05587E+03
 1.36702E+03	 1.04943E+03
 1.37115E+03	 1.04567E+03
 1.37528E+03	 1.04970E+03
 1.37941E+03	 1.05253E+03
 1.38353E+03	 1.04767E+03
 1.38766E+03	 1.04290E+03
 1.39178E+03	 1.04323E+03
 1.39590E+03	 1.05050E+03
 1.40001E+03	 1.04583E+03
 1.40413E+03	 1.04350E+03
 1.40824E+03	 1.04273E+03
 1.41235E+03	 1.04187E+03
 1.41646E+03	 1.04243E+03
 1.42057E+03	 1.04617E+03
 1.42468E+03	 1.04647E+03
 1.42878E+03	 1.04617E+03
 1.43288E+03	 1.04377E+03
 1.43698E+03	 1.04980E+03
 1.44107E+03	 1.04757E+03
 1.44517E+03	 1.04757E+03
 1.44926E+03	 1.04730E+03
 1.45335E+03	 1.04420E+03
 1.45744E+03	 1.04613E+03
 1.46153E+03	 1.04580E+03
 1.46561E+03	 1.05317E+03
 1.46969E+03	 1.05360E+03
 1.47377E+03	 1.06000E+03
 1.47785E+03	 1.06693E+03
 1.48193E+03	 1.06410E+03
 1.48600E+03	 1.06743E+03
 1.49007E+03	 1.06507E+03
 1.49414E+03	 1.06000E+03
 1.49821E+03	 1.05063E+03
 1.50228E+03	 1.04627E+03
 1.50634E+03	 1.04930E+03
 1.51040E+03	 1.04227E+03
 1.51446E+03	 1.04083E+03
 1.51852E+03	 1.03993E+03
 1.52258E+03	 1.04223E+03
 1.52663E+03	 1.04417E+03
 1.53068E+03	 1.04000E+03
 1.53473E+03	 1.03717E+03
 1.53878E+03	 1.03673E+03
 1.54282E+03	 1.04020E+03
 1.54687E+03	 1.03910E+03
 1.55091E+03	 1.04160E+03
 1.55495E+03	 1.04327E+03
 1.55899E+03	 1.04227E+03
 1.56302E+03	 1.03920E+03
 1.56705E+03	 1.04537E+03
 1.57109E+03	 1.04377E+03
 1.57512E+03	 1.04130E+03
 1.57914E+03	 1.04033E+03
 1.58317E+03	 1.04143E+03
 1.58719E+03	 1.04333E+03
 1.59121E+03	 1.04240E+03
 1.59523E+03	 1.04110E+03
 1.59925E+03	 1.04173E+03
 1.60326E+03	 1.04067E+03
 1.60728E+03	 1.04170E+03
 1.61129E+03	 1.04080E+03
 1.61530E+03	 1.04557E+03
 1.61930E+03	 1.04220E+03
 1.62331E+03	 1.04480E+03
 1.62731E+03	 1.04040E+03
 1.63131E+03	 1.04507E+03
 1.63531E+03	 1.04337E+03
 1.63931E+03	 1.04007E+03
 1.64330E+03	 1.03913E+03
 1.64730E+03	 1.03863E+03
 1.65129E+03	 1.04403E+03
 1.65528E+03	 1.04303E+03
 1.65926E+03	 1.03763E+03
 1.66325E+03	 1.04113E+03
 1.66723E+03	 1.04257E+03
 1.67121E+03	 1.04233E+03
 1.67519E+03	 1.03997E+03
 1.67917E+03	 1.04707E+03
 1.68314E+03	 1.04443E+03
 1.68712E+03	 1.03943E+03
 1.69109E+03	 1.04050E+03
 1.69506E+03	 1.04297E+03
 1.69903E+03	 1.04667E+03
 1.70299E+03	 1.04623E+03
 1.70695E+03	 1.04187E+03
 1.71092E+03	 1.04290E+03
 1.71487E+03	 1.04390E+03
 1.71883E+03	 1.04010E+03
 1.72279E+03	 1.04100E+03
 1.72674E+03	 1.03980E+03
 1.73069E+03	 1.04280E+03
 1.73464E+03	 1.04123E+03
 1.73859E+03	 1.04207E+03
 1.74253E+03	 1.03500E+03
 1.74648E+03	 1.04130E+03
 1.75042E+03	 1.04257E+03
 1.75436E+03	 1.04757E+03
 1.75830E+03	 1.04197E+03
 1.76223E+03	 1.04163E+03
 1.76617E+03	 1.03857E+03
 1.77010E+03	 1.03723E+03
 1.77403E+03	 1.03797E+03
 1.77796E+03	 1.04437E+03
 1.78188E+03	 1.04150E+03
 1.78581E+03	 1.03900E+03
 1.78973E+03	 1.04400E+03
 1.79365E+03	 1.04150E+03
 1.79757E+03	 1.04403E+03
 1.80148E+03	 1.04647E+03
 1.80540E+03	 1.04600E+03
 1.80931E+03	 1.04287E+03
 1.81322E+03	 1.03890E+03
 1.81713E+03	 1.04517E+03
 1.82104E+03	 1.04650E+03
 1.82494E+03	 1.04430E+03
 1.82884E+03	 1.04127E+03
 1.83274E+03	 1.04413E+03
 1.83664E+03	 1.04687E+03
 1.84054E+03	 1.04407E+03
 1.84443E+03	 1.04783E+03
 1.84833E+03	 1.03800E+03
 1.85222E+03	 1.04473E+03
 1.85611E+03	 1.04417E+03
 1.85999E+03	 1.04013E+03
 1.86388E+03	 1.04303E+03
 1.86776E+03	 1.04530E+03
 1.87164E+03	 1.04370E+03
 1.87552E+03	 1.04613E+03
 1.87940E+03	 1.04560E+03
 1.88328E+03	 1.04357E+03
 1.88715E+03	 1.04253E+03
 1.89102E+03	 1.04597E+03
 1.89489E+03	 1.04733E+03
 1.89876E+03	 1.04387E+03
 1.90263E+03	 1.04160E+03
 1.90649E+03	 1.03990E+03
 1.91035E+03	 1.04853E+03
 1.91421E+03	 1.04640E+03
 1.91807E+03	 1.04707E+03
 1.92193E+03	 1.05027E+03
 1.92578E+03	 1.04843E+03
 1.92964E+03	 1.03930E+03
 1.93349E+03	 1.04650E+03
 1.93734E+03	 1.04910E+03
 1.94118E+03	 1.04257E+03
 1.94503E+03	 1.04510E+03
 1.94887E+03	 1.04850E+03
 1.95271E+03	 1.04647E+03
 1.95655E+03	 1.04323E+03
 1.96039E+03	 1.04273E+03
 1.96423E+03	 1.05227E+03
 1.96806E+03	 1.04677E+03
 1.97189E+03	 1.04137E+03
 1.97572E+03	 1.04553E+03
 1.97955E+03	 1.04533E+03
 1.98338E+03	 1.04497E+03
 1.98720E+03	 1.04527E+03
 1.99103E+03	 1.04513E+03
 1.99485E+03	 1.04107E+03
 1.99866E+03	 1.04410E+03
 2.00248E+03	 1.04553E+03
 2.00630E+03	 1.04540E+03
 2.01011E+03	 1.04273E+03
 2.01392E+03	 1.04267E+03
 2.01773E+03	 1.04707E+03
 2.02154E+03	 1.04677E+03
 2.02534E+03	 1.04457E+03
 2.02915E+03	 1.04483E+03
 2.03295E+03	 1.05013E+03
 2.03675E+03	 1.04847E+03
 2.04055E+03	 1.04290E+03
 2.04435E+03	 1.04840E+03
 2.04814E+03	 1.04777E+03
 2.05193E+03	 1.04707E+03
 2.05572E+03	 1.04943E+03
 2.05951E+03	 1.04633E+03
 2.06330E+03	 1.05100E+03
 2.06708E+03	 1.05130E+03
 2.07087E+03	 1.04663E+03
 2.07465E+03	 1.04907E+03
 2.07843E+03	 1.04910E+03
 2.08221E+03	 1.04740E+03
 2.08598E+03	 1.04737E+03
 2.08976E+03	 1.04797E+03
 2.09353E+03	 1.05167E+03
 2.09730E+03	 1.04860E+03
 2.10107E+03	 1.04657E+03
 2.10484E+03	 1.04687E+03
 2.10860E+03	 1.05033E+03
 2.11236E+03	 1.04097E+03
 2.11613E+03	 1.05020E+03
 2.11989E+03	 1.05007E+03
 2.12364E+03	 1.05460E+03
 2.12740E+03	 1.04740E+03
 2.13115E+03	 1.04550E+03
 2.13490E+03	 1.05027E+03
 2.13866E+03	 1.05083E+03
 2.14240E+03	 1.04947E+03
 2.14615E+03	 1.04637E+03
 2.14990E+03	 1.05263E+03
 2.15364E+03	 1.05150E+03
 2.15738E+03	 1.04910E+03
 2.16112E+03	 1.05167E+03
 2.16486E+03	 1.04660E+03
 2.16859E+03	 1.04943E+03
 2.17233E+03	 1.05450E+03
 2.17606E+03	 1.05187E+03
 2.17979E+03	 1.05133E+03
 2.18352E+03	 1.04813E+03
 2.18724E+03	 1.04737E+03
 2.19097E+03	 1.05090E+03
 2.19469E+03	 1.05007E+03
 2.19841E+03	 1.04843E+03
 2.20213E+03	 1.04747E+03
 2.20585E+03	 1.04563E+03
 2.20956E+03	 1.05273E+03
 2.21328E+03	 1.05010E+03
 2.21699E+03	 1.04987E+03
 2.22070E+03	 1.05033E+03
 2.22441E+03	 1.05163E+03
 2.22812E+03	 1.05263E+03
 2.23182E+03	 1.05380E+03
 2.23552E+03	 1.04827E+03
 2.23923E+03	 1.04703E+03
 2.24293E+03	 1.05687E+03
 2.24662E+03	 1.05233E+03
 2.25032E+03	 1.05247E+03
 2.25401E+03	 1.05477E+03
 2.25771E+03	 1.05447E+03
 2.26140E+03	 1.04953E+03
 2.26509E+03	 1.05023E+03
 2.26877E+03	 1.05283E+03
 2.27246E+03	 1.05477E+03
 2.27614E+03	 1.05317E+03
 2.27982E+03	 1.05467E+03
 2.28350E+03	 1.04930E+03
 2.28718E+03	 1.05487E+03
 2.29086E+03	 1.05327E+03
 2.29453E+03	 1.05547E+03
 2.29820E+03	 1.05367E+03
 2.30188E+03	 1.05250E+03
 2.30555E+03	 1.05153E+03
 2.30921E+03	 1.05660E+03
 2.31288E+03	 1.04963E+03
 2.31654E+03	 1.05027E+03
 2.32020E+03	 1.05550E+03
 2.32386E+03	 1.04800E+03
 2.32752E+03	 1.05670E+03
 2.33118E+03	 1.05297E+03
 2.33484E+03	 1.05767E+03
 2.33849E+03	 1.04703E+03
 2.34214E+03	 1.05107E+03
 2.34579E+03	 1.05547E+03
 2.34944E+03	 1.05263E+03
 2.35308E+03	 1.04977E+03
 2.35673E+03	 1.05147E+03
 2.36037E+03	 1.05720E+03
 2.36401E+03	 1.06030E+03
 2.36765E+03	 1.05263E+03
 2.37129E+03	 1.05027E+03
 2.37492E+03	 1.05327E+03
 2.37856E+03	 1.05920E+03
 2.38219E+03	 1.05303E+03
 2.38582E+03	 1.05467E+03
 2.38945E+03	 1.04850E+03
 2.39308E+03	 1.05910E+03
 2.39670E+03	 1.05827E+03
 2.40033E+03	 1.05580E+03
 2.40395E+03	 1.05643E+03
 2.40757E+03	 1.04473E+03
 2.41119E+03	 1.05283E+03
 2.41480E+03	 1.05940E+03
 2.41842E+03	 1.05383E+03
 2.42203E+03	 1.05143E+03
 2.42564E+03	 1.05340E+03
 2.42925E+03	 1.06227E+03
 2.43286E+03	 1.04943E+03
 2.43647E+03	 1.05217E+03
 2.44007E+03	 1.05067E+03
 2.44367E+03	 1.05030E+03
 2.44727E+03	 1.05137E+03
 2.45087E+03	 1.05377E+03
 2.45447E+03	 1.05600E+03
 2.45807E+03	 1.05680E+03
 2.46166E+03	 1.05563E+03
 2.46525E+03	 1.05463E+03
 2.46884E+03	 1.05220E+03
 2.47243E+03	 1.05887E+03
 2.47602E+03	 1.05810E+03
 2.47960E+03	 1.05773E+03
 2.48319E+03	 1.05340E+03
 2.48677E+03	 1.05063E+03
 2.49035E+03	 1.05530E+03
 2.49393E+03	 1.05550E+03
 2.49751E+03	 1.05483E+03
 2.50108E+03	 1.05293E+03
 2.50465E+03	 1.05627E+03
 2.50823E+03	 1.05433E+03
 2.51180E+03	 1.05603E+03
 2.51536E+03	 1.05727E+03
 2.51893E+03	 1.05403E+03
 2.52250E+03	 1.05030E+03
 2.52606E+03	 1.05537E+03
 2.52962E+03	 1.05617E+03
 2.53318E+03	 1.05457E+03
 2.53674E+03	 1.06293E+03
 2.54029E+03	 1.05433E+03
 2.54385E+03	 1.05183E+03
 2.54740E+03	 1.05253E+03
 2.55095E+03	 1.06013E+03
 2.55450E+03	 1.05863E+03
 2.55805E+03	 1.05220E+03
 2.56160E+03	 1.05347E+03
 2.56514E+03	 1.05607E+03
 2.56868E+03	 1.05583E+03
 2.57222E+03	 1.06020E+03
 2.57576E+03	 1.05643E+03
 2.57930E+03	 1.04877E+03
 2.58284E+03	 1.05360E+03
 2.58637E+03	 1.05813E+03
 2.58991E+03	 1.05937E+03
 2.59344E+03	 1.05267E+03
 2.59697E+03	 1.05620E+03
 2.60049E+03	 1.05540E+03
 2.60402E+03	 1.05657E+03
 2.60754E+03	 1.05167E+03
 2.61107E+03	 1.06043E+03
 2.61459E+03	 1.06010E+03
 2.61811E+03	 1.04983E+03
 2.62162E+03	 1.05540E+03
 2.62514E+03	 1.05503E+03
 2.62865E+03	 1.05017E+03
 2.63217E+03	 1.05213E+03
 2.63568E+03	 1.06127E+03
 2.63919E+03	 1.05167E+03
 2.64269E+03	 1.05260E+03
 2.64620E+03	 1.05070E+03
 2.64970E+03	 1.05463E+03
 2.65321E+03	 1.05437E+03
 2.65671E+03	 1.04913E+03
 2.66021E+03	 1.04747E+03
 2.66370E+03	 1.05767E+03
 2.66720E+03	 1.06083E+03
 2.67069E+03	 1.05513E+03
 2.67419E+03	 1.05437E+03
 2.67768E+03	 1.04787E+03
 2.68117E+03	 1.05303E+03
 2.68466E+03	 1.04647E+03
 2.68814E+03	 1.05637E+03
 2.69163E+03	 1.05110E+03
 2.69511E+03	 1.05053E+03
 2.69859E+03	 1.05470E+03
 2.70207E+03	 1.05710E+03
 2.70555E+03	 1.05407E+03
 2.70902E+03	 1.05273E+03
 2.71250E+03	 1.05730E+03
 2.71597E+03	 1.05127E+03
 2.71944E+03	 1.05600E+03
 2.72291E+03	 1.05397E+03
 2.72638E+03	 1.05443E+03
 2.72984E+03	 1.05680E+03
 2.73331E+03	 1.05530E+03
 2.73677E+03	 1.05947E+03
 2.74023E+03	 1.05697E+03
 2.74369E+03	 1.05947E+03
 2.74715E+03	 1.05860E+03
 2.75061E+03	 1.05903E+03
 2.75406E+03	 1.05973E+03
 2.75752E+03	 1.06110E+03
 2.76097E+03	 1.05947E+03
 2.76442E+03	 1.05983E+03
 2.76786E+03	 1.05187E+03
 2.77131E+03	 1.05303E+03
 2.77476E+03	 1.06373E+03
 2.77820E+03	 1.05543E+03
 2.78164E+03	 1.05800E+03
 2.78508E+03	 1.05117E+03
 2.78852E+03	 1.05977E+03
 2.79196E+03	 1.05300E+03
 2.79539E+03	 1.05400E+03
 2.79883E+03	 1.05897E+03
 2.80226E+03	 1.05997E+03
 2.80569E+03	 1.06293E+03
 2.80912E+03	 1.05890E+03
 2.81254E+03	 1.05733E+03
 2.81597E+03	 1.06107E+03
 2.81939E+03	 1.05947E+03
 2.82282E+03	 1.06017E+03
 2.82624E+03	 1.05617E+03
 2.82966E+03	 1.06880E+03
 2.83307E+03	 1.06500E+03
 2.83649E+03	 1.06523E+03
 2.83990E+03	 1.06267E+03
 2.84332E+03	 1.07143E+03
 2.84673E+03	 1.07177E+03
 2.85014E+03	 1.07930E+03
 2.85354E+03	 1.07023E+03
 2.85695E+03	 1.07673E+03
 2.86036E+03	 1.08100E+03
 2.86376E+03	 1.08340E+03
 2.86716E+03	 1.08130E+03
 2.87056E+03	 1.09253E+03
 2.87396E+03	 1.11103E+03
 2.87736E+03	 1.10877E+03
 2.88075E+03	 1.12160E+03
 2.88414E+03	 1.11743E+03
 2.88754E+03	 1.13957E+03
 2.89093E+03	 1.13683E+03
 2.89431E+03	 1.15060E+03
 2.89770E+03	 1.15313E+03
 2.90109E+03	 1.17130E+03
 2.90447E+03	 1.15913E+03
 2.90785E+03	 1.15760E+03
 2.91123E+03	 1.15393E+03
 2.91461E+03	 1.15323E+03
 2.91799E+03	 1.14943E+03
 2.92137E+03	 1.15090E+03
 2.92474E+03	 1.16163E+03
 2.92811E+03	 1.15020E+03
 2.93149E+03	 1.14253E+03
 2.93486E+03	 1.15493E+03
 2.93822E+03	 1.14763E+03
 2.94159E+03	 1.15917E+03
 2.94496E+03	 1.16410E+03
 2.94832E+03	 1.15510E+03
 2.95168E+03	 1.16247E+03
 2.95504E+03	 1.16067E+03
 2.95840E+03	 1.16113E+03
 2.96176E+03	 1.16117E+03
 2.96511E+03	 1.15203E+03
 2.96847E+03	 1.13977E+03
 2.97182E+03	 1.13987E+03
 2.97517E+03	 1.14163E+03
 2.97852E+03	 1.12870E+03
 2.98187E+03	 1.11567E+03
 2.98521E+03	 1.10693E+03
 2.98856E+03	 1.09303E+03
 2.99190E+03	 1.09137E+03
 2.99524E+03	 1.07983E+03
 2.99858E+03	 1.07350E+03
 3.00192E+03	 1.06790E+03
 3.00526E+03	 1.05943E+03
 3.00859E+03	 1.06097E+03
 3.01193E+03	 1.05277E+03
 3.01526E+03	 1.05077E+03
 3.01859E+03	 1.05357E+03
 3.02192E+03	 1.04977E+03
 3.02525E+03	 1.04173E+03
 3.02857E+03	 1.04227E+03
 3.03190E+03	 1.03600E+03
 3.03522E+03	 1.03677E+03
 3.03854E+03	 1.03720E+03
 3.04186E+03	 1.03727E+03
 3.04518E+03	 1.03513E+03
 3.04850E+03	 1.03670E+03
 3.05181E+03	 1.03443E+03
 3.05512E+03	 1.03483E+03
 3.05844E+03	 1.03530E+03
 3.06175E+03	 1.03207E+03
 3.06506E+03	 1.03027E+03
 3.06836E+03	 1.03477E+03
 3.07167E+03	 1.02887E+03
 3.07497E+03	 1.03083E+03
 3.07828E+03	 1.03137E+03
 3.08158E+03	 1.03477E+03
 3.08488E+03	 1.03093E+03
 3.08818E+03	 1.03737E+03
 3.09147E+03	 1.03027E+03
 3.09477E+03	 1.03103E+03
 3.09806E+03	 1.02660E+03
 3.10135E+03	 1.02660E+03
 3.10464E+03	 1.02737E+03
 3.10793E+03	 1.02823E+03
 3.11122E+03	 1.03207E+03
 3.11451E+03	 1.03263E+03
 3.11779E+03	 1.03037E+03
 3.12107E+03	 1.03077E+03
 3.12436E+03	 1.02547E+03
 3.12764E+03	 1.02700E+03
 3.13091E+03	 1.02867E+03
 3.13419E+03	 1.02813E+03
 3.13747E+03	 1.02443E+03
 3.14074E+03	 1.03133E+03
 3.14401E+03	 1.03007E+03
 3.14728E+03	 1.02927E+03
 3.15055E+03	 1.02870E+03
 3.15382E+03	 1.03273E+03
 3.15709E+03	 1.02643E+03
 3.16035E+03	 1.02640E+03
 3.16362E+03	 1.02847E+03
 3.16688E+03	 1.02923E+03
 3.17014E+03	 1.02937E+03
 3.17340E+03	 1.03080E+03
 3.17665E+03	 1.02647E+03
 3.17991E+03	 1.02757E+03
 3.18316E+03	 1.02117E+03
 3.18642E+03	 1.02990E+03
 3.18967E+03	 1.02713E+03
 3.19292E+03	 1.02877E+03
 3.19617E+03	 1.02853E+03
 3.19941E+03	 1.02733E+03
 3.20266E+03	 1.02503E+03
 3.20590E+03	 1.03340E+03
 3.20914E+03	 1.02413E+03
 3.21238E+03	 1.02193E+03
 3.21562E+03	 1.02503E+03
 3.21886E+03	 1.02237E+03
 3.22210E+03	 1.02927E+03
 3.22533E+03	 1.02603E+03
 3.22857E+03	 1.03213E+03
 3.23180E+03	 1.01907E+03
 3.23503E+03	 1.02530E+03
 3.23826E+03	 1.02437E+03
 3.24148E+03	 1.02940E+03
 3.24471E+03	 1.02317E+03
 3.24793E+03	 1.02660E+03
 3.25116E+03	 1.03440E+03
 3.25438E+03	 1.02930E+03
 3.25760E+03	 1.02387E+03
 3.26082E+03	 1.02973E+03
 3.26403E+03	 1.02633E+03
 3.26725E+03	 1.02647E+03
 3.27046E+03	 1.02793E+03
 3.27368E+03	 1.02410E+03
 3.27689E+03	 1.02300E+03
 3.28010E+03	 1.02960E+03
 3.28331E+03	 1.02673E+03
 3.28651E+03	 1.02843E+03
 3.28972E+03	 1.02590E+03
 3.29292E+03	 1.03197E+03
 3.29612E+03	 1.02503E+03
 3.29932E+03	 1.02140E+03
 3.30252E+03	 1.02693E+03
 3.30572E+03	 1.02867E+03
 3.30892E+03	 1.02743E+03
 3.31211E+03	 1.02540E+03
 3.31531E+03	 1.02113E+03
 3.31850E+03	 1.02757E+03
 3.32169E+03	 1.02357E+03
 3.32488E+03	 1.02270E+03
 3.32807E+03	 1.02177E+03
 3.33125E+03	 1.02670E+03
 3.33444E+03	 1.02547E+03
 3.33762E+03	 1.02360E+03
 3.34080E+03	 1.01797E+03
 3.34398E+03	 1.02420E+03
 3.34716E+03	 1.02177E+03
 3.35034E+03	 1.02697E+03
 3.35351E+03	 1.02950E+03
 3.35669E+03	 1.02483E+03
 3.35986E+03	 1.02007E+03
 3.36303E+03	 1.02260E+03
 3.36620E+03	 1.02387E+03
 3.36937E+03	 1.02317E+03
 3.37254E+03	 1.02377E+03
 3.37570E+03	 1.02947E+03
 3.37887E+03	 1.02537E+03
 3.38203E+03	 1.02083E+03
 3.38519E+03	 1.01957E+03
 3.38835E+03	 1.02167E+03
 3.39151E+03	 1.01947E+03
 3.39467E+03	 1.01903E+03
 3.39782E+03	 1.02050E+03
 3.40098E+03	 1.02593E+03
 3.40413E+03	 1.02680E+03
 3.40728E+03	 1.01927E+03
 3.41043E+03	 1.01887E+03
 3.41358E+03	 1.01900E+03
 3.41673E+03	 1.02510E+03
 3.41987E+03	 1.02150E+03
 3.42302E+03	 1.01970E+03
 3.42616E+03	 1.01550E+03
 3.42930E+03	 1.02007E+03
 3.43244E+03	 1.02423E+03
 3.43558E+03	 1.01567E+03
 3.43872E+03	 1.01793E+03
 3.44185E+03	 1.02107E+03
 3.44499E+03	 1.01443E+03
 3.44812E+03	 1.01467E+03
 3.45125E+03	 1.01663E+03
 3.45438E+03	 1.01483E+03
 3.45751E+03	 1.01407E+03
 3.46064E+03	 1.01770E+03
 3.46376E+03	 1.01863E+03
 3.46689E+03	 1.01057E+03
 3.47001E+03	 1.01420E+03
 3.47313E+03	 1.01350E+03
 3.47625E+03	 1.01070E+03
 3.47937E+03	 1.01667E+03
 3.48249E+03	 1.01747E+03
 3.48560E+03	 1.01643E+03
 3.48872E+03	 1.01720E+03
 3.49183E+03	 1.01363E+03
 3.49494E+03	 1.01483E+03
 3.49805E+03	 1.00553E+03
 3.50116E+03	 1.00787E+03
 3.50427E+03	 1.01073E+03
 3.50737E+03	 1.01020E+03
 3.51048E+03	 1.01060E+03
 3.51358E+03	 1.00957E+03
 3.51668E+03	 1.00893E+03
 3.51978E+03	 1.00100E+03
 3.52288E+03	 1.01397E+03
 3.52598E+03	 1.00887E+03
 3.52907E+03	 1.00460E+03
 3.53217E+03	 1.00397E+03
 3.53526E+03	 1.00447E+03
 3.53835E+03	 1.00287E+03
 3.54144E+03	 1.00287E+03
 3.54453E+03	 1.00410E+03
 3.54762E+03	 9.99767E+02
 3.55071E+03	 9.97600E+02
 3.55379E+03	 1.00033E+03
 3.55687E+03	 1.00010E+03
 3.55996E+03	 9.97567E+02
 3.56304E+03	 1.00187E+03
 3.56612E+03	 9.96800E+02
 3.56919E+03	 9.98533E+02
 3.57227E+03	 9.99233E+02
 3.57535E+03	 9.96133E+02
 3.57842E+03	 9.95200E+02
 3.58149E+03	 9.93733E+02
 3.58456E+03	 9.88533E+02
 3.58763E+03	 9.89733E+02
 3.59070E+03	 9.89933E+02
 3.59377E+03	 9.89467E+02
 3.59683E+03	 9.93500E+02
 3.59990E+03	 9.90767E+02
 3.60296E+03	 9.85933E+02
 3.60602E+03	 9.87333E+02
 3.60908E+03	 9.88100E+02
 3.61214E+03	 9.82833E+02
 3.61519E+03	 9.81467E+02
 3.61825E+03	 9.89733E+02
 3.62130E+03	 9.89167E+02
 3.62436E+03	 9.88200E+02
 3.62741E+03	 9.87900E+02
 3.63046E+03	 9.81600E+02
 3.63351E+03	 9.83300E+02
 3.63656E+03	 9.85300E+02
 3.63960E+03	 9.81633E+02
 3.64265E+03	 9.84933E+02
 3.64569E+03	 9.88067E+02
 3.64873E+03	 9.80867E+02
 3.65177E+03	 9.81033E+02
 3.65481E+03	 9.79867E+02
 3.65785E+03	 9.81367E+02
 3.66089E+03	 9.76333E+02
 3.66392E+03	 9.75533E+02
 3.66695E+03	 9.81367E+02
 3.66999E+03	 9.76300E+02
 3.67302E+03	 9.75333E+02
 3.67605E+03	 9.79100E+02
 3.67908E+03	 9.80567E+02
 3.68210E+03	 9.84033E+02
 3.68513E+03	 9.79900E+02
 3.68815E+03	 9.80733E+02
 3.69117E+03	 9.80600E+02
 3.69420E+03	 9.74267E+02
 3.69722E+03	 9.75767E+02
 3.70023E+03	 9.72500E+02
 3.70325E+03	 9.75867E+02
 3.70627E+03	 9.74233E+02
 3.70928E+03	 9.77200E+02
 3.71230E+03	 9.75500E+02
 3.71531E+03	 9.70133E+02
 3.71832E+03	 9.72533E+02
 3.72133E+03	 9.77967E+02
 3.72434E+03	 9.72867E+02
 3.72734E+03	 9.74767E+02
 3.73035E+03	 9.72500E+02
 3.73335E+03	 9.75567E+02
 3.73635E+03	 9.71433E+02
 3.73936E+03	 9.74833E+02
 3.74236E+03	 9.71533E+02
 3.74535E+03	 9.69833E+02
 3.74835E+03	 9.72667E+02
 3.75135E+03	 9.70700E+02
 3.75434E+03	 9.73433E+02
 3.75733E+03	 9.69533E+02
 3.76033E+03	 9.71500E+02
 3.76332E+03	 9.72167E+02
 3.76631E+03	 9.66633E+02
 3.76929E+03	 9.73767E+02
 3.77228E+03	 9.69733E+02
 3.77527E+03	 9.67533E+02
 3.77825E+03	 9.67467E+02
 3.78123E+03	 9.66967E+02
 3.78421E+03	 9.71167E+02
 3.78719E+03	 9.70233E+02
