-1.40382E+02	 9.06833E+02
-1.35457E+02	 9.08067E+02
-1.30535E+02	 9.07267E+02
-1.25616E+02	 9.06400E+02
-1.20700E+02	 9.08433E+02
-1.15786E+02	 9.06433E+02
-1.10875E+02	 9.08367E+02
-1.05967E+02	 9.07733E+02
-1.01061E+02	 9.07700E+02
-9.61580E+01	 9.08867E+02
-9.12576E+01	 9.09433E+02
-8.63599E+01	 9.07567E+02
-8.14648E+01	 9.08933E+02
-7.65724E+01	 9.07400E+02
-7.16827E+01	 9.08367E+02
-6.67956E+01	 9.08733E+02
-6.19111E+01	 9.07867E+02
-5.70293E+01	 9.07600E+02
-5.21502E+01	 9.08467E+02
-4.72737E+01	 9.08300E+02
-4.23998E+01	 9.08000E+02
-3.75286E+01	 9.07967E+02
-3.26600E+01	 9.07567E+02
-2.77941E+01	 9.09233E+02
-2.29308E+01	 9.07200E+02
-1.80701E+01	 9.08933E+02
-1.32121E+01	 9.09167E+02
-8.35667E+00	 9.09200E+02
-3.50389E+00	 9.08867E+02
 1.34626E+00	 9.11367E+02
 6.19379E+00	 9.21733E+02
 1.10387E+01	 1.12267E+03
 1.58810E+01	 1.88953E+03
 2.07207E+01	 1.65563E+03
 2.55577E+01	 9.86433E+02
 3.03922E+01	 9.12967E+02
 3.52240E+01	 9.08700E+02
 4.00532E+01	 9.09833E+02
 4.48798E+01	 9.09367E+02
 4.97038E+01	 9.08967E+02
 5.45252E+01	 9.08533E+02
 5.93440E+01	 9.08900E+02
 6.41602E+01	 9.08400E+02
 6.89738E+01	 9.08900E+02
 7.37848E+01	 9.09500E+02
 7.85932E+01	 9.13867E+02
 8.33991E+01	 9.25433E+02
 8.82023E+01	 9.52833E+02
 9.30029E+01	 9.92100E+02
 9.78010E+01	 1.01457E+03
 1.02596E+02	 1.02813E+03
 1.07389E+02	 1.03633E+03
 1.12180E+02	 1.03673E+03
 1.16967E+02	 1.03953E+03
 1.21753E+02	 1.02903E+03
 1.26535E+02	 1.01683E+03
 1.31315E+02	 1.02433E+03
 1.36093E+02	 1.02427E+03
 1.40867E+02	 1.01817E+03
 1.45640E+02	 1.01543E+03
 1.50409E+02	 1.01167E+03
 1.55177E+02	 1.00510E+03
 1.59941E+02	 1.00687E+03
 1.64703E+02	 1.00140E+03
 1.69463E+02	 9.98433E+02
 1.74220E+02	 9.97067E+02
 1.78974E+02	 9.96133E+02
 1.83726E+02	 9.91800E+02
 1.88475E+02	 9.89100E+02
 1.93222E+02	 9.88200E+02
 1.97966E+02	 9.86467E+02
 2.02708E+02	 9.86033E+02
 2.07447E+02	 9.86367E+02
 2.12184E+02	 9.85333E+02
 2.16918E+02	 9.85300E+02
 2.21649E+02	 9.87833E+02
 2.26378E+02	 9.85467E+02
 2.31105E+02	 9.81367E+02
 2.35829E+02	 9.80033E+02
 2.40550E+02	 9.81900E+02
 2.45269E+02	 9.79267E+02
 2.49985E+02	 9.76567E+02
 2.54699E+02	 9.78133E+02
 2.59410E+02	 9.81500E+02
 2.64119E+02	 9.77400E+02
 2.68825E+02	 9.76367E+02
 2.73529E+02	 9.77500E+02
 2.78230E+02	 9.71933E+02
 2.82929E+02	 9.71767E+02
 2.87625E+02	 9.72267E+02
 2.92319E+02	 9.75567E+02
 2.97010E+02	 9.75633E+02
 3.01699E+02	 9.73067E+02
 3.06385E+02	 9.73767E+02
 3.11069E+02	 9.73233E+02
 3.15750E+02	 9.71433E+02
 3.20428E+02	 9.71600E+02
 3.25105E+02	 9.75067E+02
 3.29778E+02	 9.75467E+02
 3.34450E+02	 9.73500E+02
 3.39118E+02	 9.70800E+02
 3.43785E+02	 9.72667E+02
 3.48448E+02	 9.72400E+02
 3.53110E+02	 9.72933E+02
 3.57768E+02	 9.73400E+02
 3.62425E+02	 9.67800E+02
 3.67079E+02	 9.67767E+02
 3.71730E+02	 9.71600E+02
 3.76379E+02	 9.68700E+02
 3.81025E+02	 9.71833E+02
 3.85669E+02	 9.68333E+02
 3.90311E+02	 9.73733E+02
 3.94950E+02	 9.72900E+02
 3.99586E+02	 9.74600E+02
 4.04220E+02	 9.76733E+02
 4.08852E+02	 9.76500E+02
 4.13481E+02	 9.76600E+02
 4.18108E+02	 9.76133E+02
 4.22732E+02	 9.81333E+02
 4.27354E+02	 9.85733E+02
 4.31973E+02	 9.89233E+02
 4.36590E+02	 9.93467E+02
 4.41205E+02	 9.89667E+02
 4.45817E+02	 9.86600E+02
 4.50426E+02	 9.82600E+02
 4.55034E+02	 9.77400E+02
 4.59638E+02	 9.77067E+02
 4.64241E+02	 9.73700E+02
 4.68840E+02	 9.72867E+02
 4.73438E+02	 9.73600E+02
 4.78033E+02	 9.72967E+02
 4.82625E+02	 9.75600E+02
 4.87215E+02	 9.81267E+02
 4.91803E+02	 9.91467E+02
 4.96388E+02	 1.00210E+03
 5.00971E+02	 1.00663E+03
 5.05552E+02	 1.00747E+03
 5.10129E+02	 1.00947E+03
 5.14705E+02	 1.00627E+03
 5.19278E+02	 9.94800E+02
 5.23849E+02	 9.86000E+02
 5.28417E+02	 9.79667E+02
 5.32983E+02	 9.73033E+02
 5.37547E+02	 9.70233E+02
 5.42108E+02	 9.73267E+02
 5.46666E+02	 9.74200E+02
 5.51223E+02	 9.69767E+02
 5.55777E+02	 9.72333E+02
 5.60328E+02	 9.73833E+02
 5.64877E+02	 9.75267E+02
 5.69424E+02	 9.73367E+02
 5.73968E+02	 9.75367E+02
 5.78510E+02	 9.74067E+02
 5.83049E+02	 9.73800E+02
 5.87587E+02	 9.74500E+02
 5.92121E+02	 9.70367E+02
 5.96654E+02	 9.68200E+02
 6.01184E+02	 9.70967E+02
 6.05711E+02	 9.71233E+02
 6.10236E+02	 9.69300E+02
 6.14759E+02	 9.67133E+02
 6.19280E+02	 9.69067E+02
 6.23798E+02	 9.68600E+02
 6.28313E+02	 9.70633E+02
 6.32827E+02	 9.68600E+02
 6.37338E+02	 9.68467E+02
 6.41846E+02	 9.69667E+02
 6.46352E+02	 9.69633E+02
 6.50856E+02	 9.68267E+02
 6.55358E+02	 9.68667E+02
 6.59857E+02	 9.71133E+02
 6.64354E+02	 9.71833E+02
 6.68848E+02	 9.74467E+02
 6.73340E+02	 9.75667E+02
 6.77830E+02	 9.75533E+02
 6.82317E+02	 9.82200E+02
 6.86802E+02	 9.86167E+02
 6.91285E+02	 9.83333E+02
 6.95765E+02	 9.82600E+02
 7.00243E+02	 9.85300E+02
 7.04718E+02	 9.82200E+02
 7.09192E+02	 9.76300E+02
 7.13663E+02	 9.72733E+02
 7.18131E+02	 9.71067E+02
 7.22597E+02	 9.69667E+02
 7.27061E+02	 9.70133E+02
 7.31523E+02	 9.73667E+02
 7.35982E+02	 9.66733E+02
 7.40439E+02	 9.70033E+02
 7.44894E+02	 9.69200E+02
 7.49346E+02	 9.68700E+02
 7.53796E+02	 9.67267E+02
 7.58243E+02	 9.69933E+02
 7.62689E+02	 9.67700E+02
 7.67132E+02	 9.69133E+02
 7.71572E+02	 9.70233E+02
 7.76011E+02	 9.68633E+02
 7.80447E+02	 9.70300E+02
 7.84880E+02	 9.70667E+02
 7.89312E+02	 9.71600E+02
 7.93741E+02	 9.71233E+02
 7.98167E+02	 9.73700E+02
 8.02592E+02	 9.73400E+02
 8.07014E+02	 9.77100E+02
 8.11434E+02	 9.76133E+02
 8.15851E+02	 9.76500E+02
 8.20267E+02	 9.77067E+02
 8.24680E+02	 9.82533E+02
 8.29090E+02	 9.87767E+02
 8.33499E+02	 1.00283E+03
 8.37905E+02	 1.01393E+03
 8.42309E+02	 1.00863E+03
 8.46710E+02	 1.01180E+03
 8.51109E+02	 1.00610E+03
 8.55506E+02	 1.00950E+03
 8.59901E+02	 1.02140E+03
 8.64293E+02	 1.03477E+03
 8.68683E+02	 1.04590E+03
 8.73071E+02	 1.04767E+03
 8.77456E+02	 1.04110E+03
 8.81840E+02	 1.03000E+03
 8.86221E+02	 1.01810E+03
 8.90599E+02	 1.01307E+03
 8.94976E+02	 9.97933E+02
 8.99350E+02	 9.83900E+02
 9.03722E+02	 9.80633E+02
 9.08091E+02	 9.80233E+02
 9.12459E+02	 9.78967E+02
 9.16824E+02	 9.83967E+02
 9.21187E+02	 9.89567E+02
 9.25547E+02	 9.93767E+02
 9.29905E+02	 9.98333E+02
 9.34261E+02	 1.00190E+03
 9.38615E+02	 1.01250E+03
 9.42967E+02	 1.01610E+03
 9.47316E+02	 1.01747E+03
 9.51663E+02	 1.00993E+03
 9.56008E+02	 9.96033E+02
 9.60350E+02	 9.84033E+02
 9.64691E+02	 9.78967E+02
 9.69029E+02	 9.76100E+02
 9.73364E+02	 9.74900E+02
 9.77698E+02	 9.77433E+02
 9.82029E+02	 9.77100E+02
 9.86358E+02	 9.84367E+02
 9.90685E+02	 9.88533E+02
 9.95010E+02	 9.89800E+02
 9.99332E+02	 9.87633E+02
 1.00365E+03	 9.87200E+02
 1.00797E+03	 9.84600E+02
 1.01229E+03	 9.80567E+02
 1.01660E+03	 9.78067E+02
 1.02091E+03	 9.82000E+02
 1.02522E+03	 9.81600E+02
 1.02953E+03	 9.82133E+02
 1.03383E+03	 9.81733E+02
 1.03813E+03	 9.87067E+02
 1.04243E+03	 9.90400E+02
 1.04673E+03	 1.00200E+03
 1.05103E+03	 1.00867E+03
 1.05532E+03	 1.02427E+03
 1.05961E+03	 1.03780E+03
 1.06390E+03	 1.04640E+03
 1.06819E+03	 1.05410E+03
 1.07247E+03	 1.05380E+03
 1.07676E+03	 1.05603E+03
 1.08104E+03	 1.05003E+03
 1.08531E+03	 1.04950E+03
 1.08959E+03	 1.04657E+03
 1.09386E+03	 1.04357E+03
 1.09813E+03	 1.03520E+03
 1.10240E+03	 1.03163E+03
 1.10667E+03	 1.02853E+03
 1.11094E+03	 1.02380E+03
 1.11520E+03	 1.02897E+03
 1.11946E+03	 1.02483E+03
 1.12372E+03	 1.02713E+03
 1.12797E+03	 1.02927E+03
 1.13223E+03	 1.02987E+03
 1.13648E+03	 1.02923E+03
 1.14073E+03	 1.01557E+03
 1.14498E+03	 1.00937E+03
 1.14922E+03	 9.98167E+02
 1.15347E+03	 9.89700E+02
 1.15771E+03	 9.84367E+02
 1.16194E+03	 9.80067E+02
 1.16618E+03	 9.78900E+02
 1.17042E+03	 9.76933E+02
 1.17465E+03	 9.80033E+02
 1.17888E+03	 9.77800E+02
 1.18311E+03	 9.79867E+02
 1.18733E+03	 9.78933E+02
 1.19156E+03	 9.77667E+02
 1.19578E+03	 9.79300E+02
 1.20000E+03	 9.79867E+02
 1.20421E+03	 9.79267E+02
 1.20843E+03	 9.84100E+02
 1.21264E+03	 9.83267E+02
 1.21685E+03	 9.90400E+02
 1.22106E+03	 9.94333E+02
 1.22527E+03	 9.92833E+02
 1.22947E+03	 9.94333E+02
 1.23367E+03	 1.00007E+03
 1.23787E+03	 9.98200E+02
 1.24207E+03	 1.00047E+03
 1.24627E+03	 1.00260E+03
 1.25046E+03	 1.00427E+03
 1.25465E+03	 1.00873E+03
 1.25884E+03	 1.01377E+03
 1.26303E+03	 1.01567E+03
 1.26721E+03	 1.02073E+03
 1.27140E+03	 1.01890E+03
 1.27558E+03	 1.01660E+03
 1.27975E+03	 1.02113E+03
 1.28393E+03	 1.01707E+03
 1.28811E+03	 1.01530E+03
 1.29228E+03	 1.01000E+03
 1.29645E+03	 1.00843E+03
 1.30062E+03	 1.00940E+03
 1.30478E+03	 1.00770E+03
 1.30895E+03	 1.00923E+03
 1.31311E+03	 1.00373E+03
 1.31727E+03	 1.00277E+03
 1.32142E+03	 1.00483E+03
 1.32558E+03	 1.00773E+03
 1.32973E+03	 1.00613E+03
 1.33388E+03	 1.00780E+03
 1.33803E+03	 1.00803E+03
 1.34218E+03	 1.01100E+03
 1.34632E+03	 1.00637E+03
 1.35047E+03	 1.00890E+03
 1.35461E+03	 1.00887E+03
 1.35875E+03	 1.00627E+03
 1.36288E+03	 1.01053E+03
 1.36702E+03	 1.01137E+03
 1.37115E+03	 1.01130E+03
 1.37528E+03	 1.01387E+03
 1.37941E+03	 1.01033E+03
 1.38353E+03	 1.00780E+03
 1.38766E+03	 1.00600E+03
 1.39178E+03	 1.00303E+03
 1.39590E+03	 1.00660E+03
 1.40001E+03	 1.00623E+03
 1.40413E+03	 1.00590E+03
 1.40824E+03	 1.00130E+03
 1.41235E+03	 1.00097E+03
 1.41646E+03	 1.00263E+03
 1.42057E+03	 1.00533E+03
 1.42468E+03	 1.00343E+03
 1.42878E+03	 1.00420E+03
 1.43288E+03	 1.00193E+03
 1.43698E+03	 1.00063E+03
 1.44107E+03	 9.98567E+02
 1.44517E+03	 1.00043E+03
 1.44926E+03	 9.97600E+02
 1.45335E+03	 1.00197E+03
 1.45744E+03	 1.00163E+03
 1.46153E+03	 1.00570E+03
 1.46561E+03	 1.01373E+03
 1.46969E+03	 1.02623E+03
 1.47377E+03	 1.03830E+03
 1.47785E+03	 1.05263E+03
 1.48193E+03	 1.06223E+03
 1.48600E+03	 1.06683E+03
 1.49007E+03	 1.05983E+03
 1.49414E+03	 1.04257E+03
 1.49821E+03	 1.02597E+03
 1.50228E+03	 1.01173E+03
 1.50634E+03	 9.97300E+02
 1.51040E+03	 9.86900E+02
 1.51446E+03	 9.85667E+02
 1.51852E+03	 9.83633E+02
 1.52258E+03	 9.84567E+02
 1.52663E+03	 9.80700E+02
 1.53068E+03	 9.79500E+02
 1.53473E+03	 9.78367E+02
 1.53878E+03	 9.78733E+02
 1.54282E+03	 9.79900E+02
 1.54687E+03	 9.79600E+02
 1.55091E+03	 9.78467E+02
 1.55495E+03	 9.78400E+02
 1.55899E+03	 9.78133E+02
 1.56302E+03	 9.76867E+02
 1.56705E+03	 9.80500E+02
 1.57109E+03	 9.79400E+02
 1.57512E+03	 9.79033E+02
 1.57914E+03	 9.79433E+02
 1.58317E+03	 9.77833E+02
 1.58719E+03	 9.81100E+02
 1.59121E+03	 9.78300E+02
 1.59523E+03	 9.77567E+02
 1.59925E+03	 9.77100E+02
 1.60326E+03	 9.79167E+02
 1.60728E+03	 9.76833E+02
 1.61129E+03	 9.78333E+02
 1.61530E+03	 9.76267E+02
 1.61930E+03	 9.78933E+02
 1.62331E+03	 9.78700E+02
 1.62731E+03	 9.76633E+02
 1.63131E+03	 9.77833E+02
 1.63531E+03	 9.74100E+02
 1.63931E+03	 9.77333E+02
 1.64330E+03	 9.77633E+02
 1.64730E+03	 9.77567E+02
 1.65129E+03	 9.76367E+02
 1.65528E+03	 9.77633E+02
 1.65926E+03	 9.75267E+02
 1.66325E+03	 9.76367E+02
 1.66723E+03	 9.78367E+02
 1.67121E+03	 9.75833E+02
 1.67519E+03	 9.79533E+02
 1.67917E+03	 9.77533E+02
 1.68314E+03	 9.78500E+02
 1.68712E+03	 9.75800E+02
 1.69109E+03	 9.75767E+02
 1.69506E+03	 9.77867E+02
 1.69903E+03	 9.77400E+02
 1.70299E+03	 9.76767E+02
 1.70695E+03	 9.76067E+02
 1.71092E+03	 9.77700E+02
 1.71487E+03	 9.75400E+02
 1.71883E+03	 9.72800E+02
 1.72279E+03	 9.76067E+02
 1.72674E+03	 9.76967E+02
 1.73069E+03	 9.76267E+02
 1.73464E+03	 9.75100E+02
 1.73859E+03	 9.75200E+02
 1.74253E+03	 9.73833E+02
 1.74648E+03	 9.74600E+02
 1.75042E+03	 9.72700E+02
 1.75436E+03	 9.75467E+02
 1.75830E+03	 9.76067E+02
 1.76223E+03	 9.75333E+02
 1.76617E+03	 9.72133E+02
 1.77010E+03	 9.73867E+02
 1.77403E+03	 9.73567E+02
 1.77796E+03	 9.76733E+02
 1.78188E+03	 9.73600E+02
 1.78581E+03	 9.74233E+02
 1.78973E+03	 9.74100E+02
 1.79365E+03	 9.76600E+02
 1.79757E+03	 9.74367E+02
 1.80148E+03	 9.77233E+02
 1.80540E+03	 9.74033E+02
 1.80931E+03	 9.77600E+02
 1.81322E+03	 9.73500E+02
 1.81713E+03	 9.74667E+02
 1.82104E+03	 9.73867E+02
 1.82494E+03	 9.73967E+02
 1.82884E+03	 9.74067E+02
 1.83274E+03	 9.75533E+02
 1.83664E+03	 9.75867E+02
 1.84054E+03	 9.77733E+02
 1.84443E+03	 9.75733E+02
 1.84833E+03	 9.73933E+02
 1.85222E+03	 9.72267E+02
 1.85611E+03	 9.75333E+02
 1.85999E+03	 9.75867E+02
 1.86388E+03	 9.73867E+02
 1.86776E+03	 9.74367E+02
 1.87164E+03	 9.72733E+02
 1.87552E+03	 9.73600E+02
 1.87940E+03	 9.74267E+02
 1.88328E+03	 9.74267E+02
 1.88715E+03	 9.74300E+02
 1.89102E+03	 9.76567E+02
 1.89489E+03	 9.73333E+02
 1.89876E+03	 9.75700E+02
 1.90263E+03	 9.74667E+02
 1.90649E+03	 9.73267E+02
 1.91035E+03	 9.72000E+02
 1.91421E+03	 9.73900E+02
 1.91807E+03	 9.74867E+02
 1.92193E+03	 9.72867E+02
 1.92578E+03	 9.76433E+02
 1.92964E+03	 9.74300E+02
 1.93349E+03	 9.77233E+02
 1.93734E+03	 9.75767E+02
 1.94118E+03	 9.77033E+02
 1.94503E+03	 9.75433E+02
 1.94887E+03	 9.71200E+02
 1.95271E+03	 9.72167E+02
 1.95655E+03	 9.73567E+02
 1.96039E+03	 9.73567E+02
 1.96423E+03	 9.71633E+02
 1.96806E+03	 9.73833E+02
 1.97189E+03	 9.75000E+02
 1.97572E+03	 9.74433E+02
 1.97955E+03	 9.76233E+02
 1.98338E+03	 9.72167E+02
 1.98720E+03	 9.71567E+02
 1.99103E+03	 9.75167E+02
 1.99485E+03	 9.74600E+02
 1.99866E+03	 9.71633E+02
 2.00248E+03	 9.75700E+02
 2.00630E+03	 9.73333E+02
 2.01011E+03	 9.74633E+02
 2.01392E+03	 9.72100E+02
 2.01773E+03	 9.74800E+02
 2.02154E+03	 9.76067E+02
 2.02534E+03	 9.73467E+02
 2.02915E+03	 9.73333E+02
 2.03295E+03	 9.73767E+02
 2.03675E+03	 9.73233E+02
 2.04055E+03	 9.74567E+02
 2.04435E+03	 9.76233E+02
 2.04814E+03	 9.74267E+02
 2.05193E+03	 9.72167E+02
 2.05572E+03	 9.70267E+02
 2.05951E+03	 9.73267E+02
 2.06330E+03	 9.76333E+02
 2.06708E+03	 9.74333E+02
 2.07087E+03	 9.74667E+02
 2.07465E+03	 9.71433E+02
 2.07843E+03	 9.73467E+02
 2.08221E+03	 9.72267E+02
 2.08598E+03	 9.75600E+02
 2.08976E+03	 9.70633E+02
 2.09353E+03	 9.73300E+02
 2.09730E+03	 9.74700E+02
 2.10107E+03	 9.72533E+02
 2.10484E+03	 9.74733E+02
 2.10860E+03	 9.71600E+02
 2.11236E+03	 9.74233E+02
 2.11613E+03	 9.72267E+02
 2.11989E+03	 9.70367E+02
 2.12364E+03	 9.73667E+02
 2.12740E+03	 9.70867E+02
 2.13115E+03	 9.71900E+02
 2.13490E+03	 9.72933E+02
 2.13866E+03	 9.74967E+02
 2.14240E+03	 9.73633E+02
 2.14615E+03	 9.72767E+02
 2.14990E+03	 9.73200E+02
 2.15364E+03	 9.72600E+02
 2.15738E+03	 9.70733E+02
 2.16112E+03	 9.73100E+02
 2.16486E+03	 9.73400E+02
 2.16859E+03	 9.74100E+02
 2.17233E+03	 9.71633E+02
 2.17606E+03	 9.71033E+02
 2.17979E+03	 9.71200E+02
 2.18352E+03	 9.70667E+02
 2.18724E+03	 9.71900E+02
 2.19097E+03	 9.72267E+02
 2.19469E+03	 9.70733E+02
 2.19841E+03	 9.70000E+02
 2.20213E+03	 9.69600E+02
 2.20585E+03	 9.71567E+02
 2.20956E+03	 9.74133E+02
 2.21328E+03	 9.71500E+02
 2.21699E+03	 9.70733E+02
 2.22070E+03	 9.70700E+02
 2.22441E+03	 9.73933E+02
 2.22812E+03	 9.70267E+02
 2.23182E+03	 9.71400E+02
 2.23552E+03	 9.67267E+02
 2.23923E+03	 9.72200E+02
 2.24293E+03	 9.70967E+02
 2.24662E+03	 9.72833E+02
 2.25032E+03	 9.71767E+02
 2.25401E+03	 9.70133E+02
 2.25771E+03	 9.70233E+02
 2.26140E+03	 9.69600E+02
 2.26509E+03	 9.69200E+02
 2.26877E+03	 9.73067E+02
 2.27246E+03	 9.70200E+02
 2.27614E+03	 9.70800E+02
 2.27982E+03	 9.72033E+02
 2.28350E+03	 9.68067E+02
 2.28718E+03	 9.71400E+02
 2.29086E+03	 9.69733E+02
 2.29453E+03	 9.71100E+02
 2.29820E+03	 9.71500E+02
 2.30188E+03	 9.69300E+02
 2.30555E+03	 9.67533E+02
 2.30921E+03	 9.71800E+02
 2.31288E+03	 9.70433E+02
 2.31654E+03	 9.69367E+02
 2.32020E+03	 9.69467E+02
 2.32386E+03	 9.69967E+02
 2.32752E+03	 9.71633E+02
 2.33118E+03	 9.67933E+02
 2.33484E+03	 9.68767E+02
 2.33849E+03	 9.67933E+02
 2.34214E+03	 9.67033E+02
 2.34579E+03	 9.71133E+02
 2.34944E+03	 9.68900E+02
 2.35308E+03	 9.69433E+02
 2.35673E+03	 9.70233E+02
 2.36037E+03	 9.69433E+02
 2.36401E+03	 9.68600E+02
 2.36765E+03	 9.68967E+02
 2.37129E+03	 9.69800E+02
 2.37492E+03	 9.69800E+02
 2.37856E+03	 9.70900E+02
 2.38219E+03	 9.69700E+02
 2.38582E+03	 9.68767E+02
 2.38945E+03	 9.67733E+02
 2.39308E+03	 9.72233E+02
 2.39670E+03	 9.68300E+02
 2.40033E+03	 9.70067E+02
 2.40395E+03	 9.71700E+02
 2.40757E+03	 9.69633E+02
 2.41119E+03	 9.68567E+02
 2.41480E+03	 9.68133E+02
 2.41842E+03	 9.67067E+02
 2.42203E+03	 9.68900E+02
 2.42564E+03	 9.66533E+02
 2.42925E+03	 9.68967E+02
 2.43286E+03	 9.67500E+02
 2.43647E+03	 9.70733E+02
 2.44007E+03	 9.68100E+02
 2.44367E+03	 9.68700E+02
 2.44727E+03	 9.67000E+02
 2.45087E+03	 9.68233E+02
 2.45447E+03	 9.68567E+02
 2.45807E+03	 9.68133E+02
 2.46166E+03	 9.67833E+02
 2.46525E+03	 9.67633E+02
 2.46884E+03	 9.66700E+02
 2.47243E+03	 9.66600E+02
 2.47602E+03	 9.68267E+02
 2.47960E+03	 9.68000E+02
 2.48319E+03	 9.67700E+02
 2.48677E+03	 9.66633E+02
 2.49035E+03	 9.67267E+02
 2.49393E+03	 9.68000E+02
 2.49751E+03	 9.66600E+02
 2.50108E+03	 9.68133E+02
 2.50465E+03	 9.68667E+02
 2.50823E+03	 9.66500E+02
 2.51180E+03	 9.69467E+02
 2.51536E+03	 9.68233E+02
 2.51893E+03	 9.68300E+02
 2.52250E+03	 9.67533E+02
 2.52606E+03	 9.68333E+02
 2.52962E+03	 9.66167E+02
 2.53318E+03	 9.67667E+02
 2.53674E+03	 9.67167E+02
 2.54029E+03	 9.68467E+02
 2.54385E+03	 9.67433E+02
 2.54740E+03	 9.69033E+02
 2.55095E+03	 9.68000E+02
 2.55450E+03	 9.66267E+02
 2.55805E+03	 9.67167E+02
 2.56160E+03	 9.67800E+02
 2.56514E+03	 9.68400E+02
 2.56868E+03	 9.66567E+02
 2.57222E+03	 9.69967E+02
 2.57576E+03	 9.66500E+02
 2.57930E+03	 9.66300E+02
 2.58284E+03	 9.70000E+02
 2.58637E+03	 9.64500E+02
 2.58991E+03	 9.68800E+02
 2.59344E+03	 9.69633E+02
 2.59697E+03	 9.66333E+02
 2.60049E+03	 9.65300E+02
 2.60402E+03	 9.67100E+02
 2.60754E+03	 9.65833E+02
 2.61107E+03	 9.65200E+02
 2.61459E+03	 9.65700E+02
 2.61811E+03	 9.65133E+02
 2.62162E+03	 9.66300E+02
 2.62514E+03	 9.64700E+02
 2.62865E+03	 9.68800E+02
 2.63217E+03	 9.66233E+02
 2.63568E+03	 9.65533E+02
 2.63919E+03	 9.68367E+02
 2.64269E+03	 9.67633E+02
 2.64620E+03	 9.66800E+02
 2.64970E+03	 9.66000E+02
 2.65321E+03	 9.66700E+02
 2.65671E+03	 9.67133E+02
 2.66021E+03	 9.68900E+02
 2.66370E+03	 9.68167E+02
 2.66720E+03	 9.66500E+02
 2.67069E+03	 9.67767E+02
 2.67419E+03	 9.69433E+02
 2.67768E+03	 9.69433E+02
 2.68117E+03	 9.70833E+02
 2.68466E+03	 9.68533E+02
 2.68814E+03	 9.68233E+02
 2.69163E+03	 9.71700E+02
 2.69511E+03	 9.69467E+02
 2.69859E+03	 9.71967E+02
 2.70207E+03	 9.71867E+02
 2.70555E+03	 9.71000E+02
 2.70902E+03	 9.70700E+02
 2.71250E+03	 9.72100E+02
 2.71597E+03	 9.71300E+02
 2.71944E+03	 9.72167E+02
 2.72291E+03	 9.73567E+02
 2.72638E+03	 9.75300E+02
 2.72984E+03	 9.76433E+02
 2.73331E+03	 9.76600E+02
 2.73677E+03	 9.78000E+02
 2.74023E+03	 9.79967E+02
 2.74369E+03	 9.79433E+02
 2.74715E+03	 9.80667E+02
 2.75061E+03	 9.82600E+02
 2.75406E+03	 9.84967E+02
 2.75752E+03	 9.83033E+02
 2.76097E+03	 9.81667E+02
 2.76442E+03	 9.83067E+02
 2.76786E+03	 9.82633E+02
 2.77131E+03	 9.83967E+02
 2.77476E+03	 9.82300E+02
 2.77820E+03	 9.82033E+02
 2.78164E+03	 9.81800E+02
 2.78508E+03	 9.81933E+02
 2.78852E+03	 9.83100E+02
 2.79196E+03	 9.82533E+02
 2.79539E+03	 9.79967E+02
 2.79883E+03	 9.81800E+02
 2.80226E+03	 9.83500E+02
 2.80569E+03	 9.83367E+02
 2.80912E+03	 9.84700E+02
 2.81254E+03	 9.87000E+02
 2.81597E+03	 9.88200E+02
 2.81939E+03	 9.84133E+02
 2.82282E+03	 9.89233E+02
 2.82624E+03	 9.89967E+02
 2.82966E+03	 9.92567E+02
 2.83307E+03	 9.97400E+02
 2.83649E+03	 9.96533E+02
 2.83990E+03	 1.00010E+03
 2.84332E+03	 1.00347E+03
 2.84673E+03	 1.00807E+03
 2.85014E+03	 1.00903E+03
 2.85354E+03	 1.01387E+03
 2.85695E+03	 1.01863E+03
 2.86036E+03	 1.02460E+03
 2.86376E+03	 1.03067E+03
 2.86716E+03	 1.04133E+03
 2.87056E+03	 1.05010E+03
 2.87396E+03	 1.05763E+03
 2.87736E+03	 1.06527E+03
 2.88075E+03	 1.08067E+03
 2.88414E+03	 1.09590E+03
 2.88754E+03	 1.10743E+03
 2.89093E+03	 1.13253E+03
 2.89431E+03	 1.14310E+03
 2.89770E+03	 1.14883E+03
 2.90109E+03	 1.16230E+03
 2.90447E+03	 1.15480E+03
 2.90785E+03	 1.15217E+03
 2.91123E+03	 1.14483E+03
 2.91461E+03	 1.14090E+03
 2.91799E+03	 1.14007E+03
 2.92137E+03	 1.13840E+03
 2.92474E+03	 1.12863E+03
 2.92811E+03	 1.13233E+03
 2.93149E+03	 1.13277E+03
 2.93486E+03	 1.13160E+03
 2.93822E+03	 1.14350E+03
 2.94159E+03	 1.13407E+03
 2.94496E+03	 1.14583E+03
 2.94832E+03	 1.15180E+03
 2.95168E+03	 1.15150E+03
 2.95504E+03	 1.15193E+03
 2.95840E+03	 1.14150E+03
 2.96176E+03	 1.14273E+03
 2.96511E+03	 1.13913E+03
 2.96847E+03	 1.13783E+03
 2.97182E+03	 1.12820E+03
 2.97517E+03	 1.11260E+03
 2.97852E+03	 1.10147E+03
 2.98187E+03	 1.08787E+03
 2.98521E+03	 1.08270E+03
 2.98856E+03	 1.06710E+03
 2.99190E+03	 1.04957E+03
 2.99524E+03	 1.03407E+03
 2.99858E+03	 1.01933E+03
 3.00192E+03	 1.00963E+03
 3.00526E+03	 1.00467E+03
 3.00859E+03	 9.90367E+02
 3.01193E+03	 9.89233E+02
 3.01526E+03	 9.85200E+02
 3.01859E+03	 9.76667E+02
 3.02192E+03	 9.75433E+02
 3.02525E+03	 9.73100E+02
 3.02857E+03	 9.69700E+02
 3.03190E+03	 9.72333E+02
 3.03522E+03	 9.69200E+02
 3.03854E+03	 9.67367E+02
 3.04186E+03	 9.65067E+02
 3.04518E+03	 9.66867E+02
 3.04850E+03	 9.66200E+02
 3.05181E+03	 9.65367E+02
 3.05512E+03	 9.61933E+02
 3.05844E+03	 9.62900E+02
 3.06175E+03	 9.64933E+02
 3.06506E+03	 9.64133E+02
 3.06836E+03	 9.61667E+02
 3.07167E+03	 9.60367E+02
 3.07497E+03	 9.60867E+02
 3.07828E+03	 9.60033E+02
 3.08158E+03	 9.63067E+02
 3.08488E+03	 9.61233E+02
 3.08818E+03	 9.60600E+02
 3.09147E+03	 9.60000E+02
 3.09477E+03	 9.60633E+02
 3.09806E+03	 9.62833E+02
 3.10135E+03	 9.61933E+02
 3.10464E+03	 9.61300E+02
 3.10793E+03	 9.59500E+02
 3.11122E+03	 9.62100E+02
 3.11451E+03	 9.61567E+02
 3.11779E+03	 9.60600E+02
 3.12107E+03	 9.63900E+02
 3.12436E+03	 9.64067E+02
 3.12764E+03	 9.63200E+02
 3.13091E+03	 9.63233E+02
 3.13419E+03	 9.62733E+02
 3.13747E+03	 9.65933E+02
 3.14074E+03	 9.65433E+02
 3.14401E+03	 9.62600E+02
 3.14728E+03	 9.64267E+02
 3.15055E+03	 9.66833E+02
 3.15382E+03	 9.66767E+02
 3.15709E+03	 9.66333E+02
 3.16035E+03	 9.67167E+02
 3.16362E+03	 9.67233E+02
 3.16688E+03	 9.63900E+02
 3.17014E+03	 9.68533E+02
 3.17340E+03	 9.68533E+02
 3.17665E+03	 9.67867E+02
 3.17991E+03	 9.68967E+02
 3.18316E+03	 9.68367E+02
 3.18642E+03	 9.71700E+02
 3.18967E+03	 9.71267E+02
 3.19292E+03	 9.74833E+02
 3.19617E+03	 9.69033E+02
 3.19941E+03	 9.70467E+02
 3.20266E+03	 9.74433E+02
 3.20590E+03	 9.73433E+02
 3.20914E+03	 9.74067E+02
 3.21238E+03	 9.72867E+02
 3.21562E+03	 9.72367E+02
 3.21886E+03	 9.74767E+02
 3.22210E+03	 9.72200E+02
 3.22533E+03	 9.76600E+02
 3.22857E+03	 9.71500E+02
 3.23180E+03	 9.74200E+02
 3.23503E+03	 9.77267E+02
 3.23826E+03	 9.78233E+02
 3.24148E+03	 9.76267E+02
 3.24471E+03	 9.78000E+02
 3.24793E+03	 9.78467E+02
 3.25116E+03	 9.79033E+02
 3.25438E+03	 9.77267E+02
 3.25760E+03	 9.80800E+02
 3.26082E+03	 9.78900E+02
 3.26403E+03	 9.79967E+02
 3.26725E+03	 9.79600E+02
 3.27046E+03	 9.80100E+02
 3.27368E+03	 9.78733E+02
 3.27689E+03	 9.78333E+02
 3.28010E+03	 9.83000E+02
 3.28331E+03	 9.81100E+02
 3.28651E+03	 9.78833E+02
 3.28972E+03	 9.81100E+02
 3.29292E+03	 9.82900E+02
 3.29612E+03	 9.80000E+02
 3.29932E+03	 9.83400E+02
 3.30252E+03	 9.80200E+02
 3.30572E+03	 9.81533E+02
 3.30892E+03	 9.83933E+02
 3.31211E+03	 9.79500E+02
 3.31531E+03	 9.80800E+02
 3.31850E+03	 9.81933E+02
 3.32169E+03	 9.80567E+02
 3.32488E+03	 9.82433E+02
 3.32807E+03	 9.83400E+02
 3.33125E+03	 9.81000E+02
 3.33444E+03	 9.83600E+02
 3.33762E+03	 9.84633E+02
 3.34080E+03	 9.79767E+02
 3.34398E+03	 9.81933E+02
 3.34716E+03	 9.82800E+02
 3.35034E+03	 9.83500E+02
 3.35351E+03	 9.83700E+02
 3.35669E+03	 9.83233E+02
 3.35986E+03	 9.79667E+02
 3.36303E+03	 9.84267E+02
 3.36620E+03	 9.84633E+02
 3.36937E+03	 9.81800E+02
 3.37254E+03	 9.86133E+02
 3.37570E+03	 9.82500E+02
 3.37887E+03	 9.83100E+02
 3.38203E+03	 9.84233E+02
 3.38519E+03	 9.83033E+02
 3.38835E+03	 9.85333E+02
 3.39151E+03	 9.86400E+02
 3.39467E+03	 9.79867E+02
 3.39782E+03	 9.82433E+02
 3.40098E+03	 9.85833E+02
 3.40413E+03	 9.86733E+02
 3.40728E+03	 9.82667E+02
 3.41043E+03	 9.81200E+02
 3.41358E+03	 9.78900E+02
 3.41673E+03	 9.82567E+02
 3.41987E+03	 9.81067E+02
 3.42302E+03	 9.79733E+02
 3.42616E+03	 9.83800E+02
 3.42930E+03	 9.81533E+02
 3.43244E+03	 9.81767E+02
 3.43558E+03	 9.77433E+02
 3.43872E+03	 9.78767E+02
 3.44185E+03	 9.78100E+02
 3.44499E+03	 9.80233E+02
 3.44812E+03	 9.75567E+02
 3.45125E+03	 9.75767E+02
 3.45438E+03	 9.81967E+02
 3.45751E+03	 9.80100E+02
 3.46064E+03	 9.75100E+02
 3.46376E+03	 9.76667E+02
 3.46689E+03	 9.73467E+02
 3.47001E+03	 9.76000E+02
 3.47313E+03	 9.77400E+02
 3.47625E+03	 9.73667E+02
 3.47937E+03	 9.74733E+02
 3.48249E+03	 9.72567E+02
 3.48560E+03	 9.73300E+02
 3.48872E+03	 9.70233E+02
 3.49183E+03	 9.71667E+02
 3.49494E+03	 9.69933E+02
 3.49805E+03	 9.66500E+02
 3.50116E+03	 9.66867E+02
 3.50427E+03	 9.66500E+02
 3.50737E+03	 9.66500E+02
 3.51048E+03	 9.67500E+02
 3.51358E+03	 9.63800E+02
 3.51668E+03	 9.63567E+02
 3.51978E+03	 9.65400E+02
 3.52288E+03	 9.64267E+02
 3.52598E+03	 9.58967E+02
 3.52907E+03	 9.62133E+02
 3.53217E+03	 9.58533E+02
 3.53526E+03	 9.58733E+02
 3.53835E+03	 9.60567E+02
 3.54144E+03	 9.55800E+02
 3.54453E+03	 9.54000E+02
 3.54762E+03	 9.58100E+02
 3.55071E+03	 9.56700E+02
 3.55379E+03	 9.55500E+02
 3.55687E+03	 9.56733E+02
 3.55996E+03	 9.53967E+02
 3.56304E+03	 9.55033E+02
 3.56612E+03	 9.53000E+02
 3.56919E+03	 9.52800E+02
 3.57227E+03	 9.53367E+02
 3.57535E+03	 9.51467E+02
 3.57842E+03	 9.50767E+02
 3.58149E+03	 9.50467E+02
 3.58456E+03	 9.50367E+02
 3.58763E+03	 9.49667E+02
 3.59070E+03	 9.52100E+02
 3.59377E+03	 9.45700E+02
 3.59683E+03	 9.48700E+02
 3.59990E+03	 9.47033E+02
 3.60296E+03	 9.49367E+02
 3.60602E+03	 9.46967E+02
 3.60908E+03	 9.46033E+02
 3.61214E+03	 9.46867E+02
 3.61519E+03	 9.44033E+02
 3.61825E+03	 9.44933E+02
 3.62130E+03	 9.45600E+02
 3.62436E+03	 9.42967E+02
 3.62741E+03	 9.42933E+02
 3.63046E+03	 9.42567E+02
 3.63351E+03	 9.42900E+02
 3.63656E+03	 9.41267E+02
 3.63960E+03	 9.41500E+02
 3.64265E+03	 9.40900E+02
 3.64569E+03	 9.39600E+02
 3.64873E+03	 9.40000E+02
 3.65177E+03	 9.38500E+02
 3.65481E+03	 9.38533E+02
 3.65785E+03	 9.39767E+02
 3.66089E+03	 9.39200E+02
 3.66392E+03	 9.41367E+02
 3.66695E+03	 9.38600E+02
 3.66999E+03	 9.36200E+02
 3.67302E+03	 9.38800E+02
 3.67605E+03	 9.39233E+02
 3.67908E+03	 9.40833E+02
 3.68210E+03	 9.38933E+02
 3.68513E+03	 9.37933E+02
 3.68815E+03	 9.36500E+02
 3.69117E+03	 9.39733E+02
 3.69420E+03	 9.37433E+02
 3.69722E+03	 9.36200E+02
 3.70023E+03	 9.39300E+02
 3.70325E+03	 9.38433E+02
 3.70627E+03	 9.36967E+02
 3.70928E+03	 9.36667E+02
 3.71230E+03	 9.36767E+02
 3.71531E+03	 9.40300E+02
 3.71832E+03	 9.36333E+02
 3.72133E+03	 9.34767E+02
 3.72434E+03	 9.35067E+02
 3.72734E+03	 9.36267E+02
 3.73035E+03	 9.33933E+02
 3.73335E+03	 9.34733E+02
 3.73635E+03	 9.33367E+02
 3.73936E+03	 9.33133E+02
 3.74236E+03	 9.35667E+02
 3.74535E+03	 9.32267E+02
 3.74835E+03	 9.34400E+02
 3.75135E+03	 9.35067E+02
 3.75434E+03	 9.31700E+02
 3.75733E+03	 9.33433E+02
 3.76033E+03	 9.31867E+02
 3.76332E+03	 9.33667E+02
 3.76631E+03	 9.30167E+02
 3.76929E+03	 9.32900E+02
 3.77228E+03	 9.32233E+02
 3.77527E+03	 9.32567E+02
 3.77825E+03	 9.31400E+02
 3.78123E+03	 9.31733E+02
 3.78421E+03	 9.31567E+02
 3.78719E+03	 9.32133E+02
